iteration,E_beta_exp,sd_beta_exp,E_delta0,sd_delta0,E_p,sd_p,E_td,sd_td,E_b_exp,sd_b_exp,E_h_0,sd_h_0,E_tc,sd_tc,E_sigma,sd_sigma,E_rho_exp,sd_rho_exp,E_q_exp,sd_q_exp,E_ifn0,sd_ifn0
1,-3.81395,0.199826,2.5038,0.551447,2.92538,0.252725,2.09839,0.11613,-2.32641,0.4802,0.629124,0.0972504,5.77779,0.624087,0.493838,0.244726,-1.76316,0.286315,-4.27466,0.0205728,0.431131,0.317243
2,-3.8149,0.177147,2.50351,0.486882,2.92327,0.22119,2.09997,0.0988832,-2.3253,0.413624,0.629093,0.0853553,5.80957,0.539623,0.491814,0.218278,-1.76544,0.254405,-4.27506,0.0185426,0.428666,0.284845
3,-3.81552,0.173278,2.48677,0.465176,2.92203,0.207255,2.09474,0.0959259,-2.32463,0.386226,0.628967,0.0817047,5.80079,0.510723,0.489292,0.210339,-1.75898,0.244015,-4.2753,0.0177881,0.425742,0.273074
4,-3.81807,0.170867,2.47932,0.461713,2.9256,0.200126,2.09102,0.0942717,-2.32451,0.373494,0.628456,0.079697,5.80711,0.493951,0.489697,0.207538,-1.75768,0.23838,-4.27552,0.0172378,0.421163,0.262983
5,-3.81863,0.173491,2.44711,0.454822,2.93053,0.200471,2.09428,0.0932271,-2.32331,0.365415,0.628083,0.0787661,5.81476,0.482285,0.489589,0.207238,-1.76076,0.239709,-4.27579,0.016847,0.422298,0.257696
6,-3.81944,0.179332,2.40613,0.449077,2.93154,0.202032,2.09582,0.0940873,-2.32435,0.361086,0.628126,0.0783607,5.81959,0.476612,0.487935,0.205777,-1.76384,0.241316,-4.27615,0.0167025,0.423679,0.258992
7,-3.81891,0.181938,2.38042,0.44569,2.92999,0.20564,2.09623,0.0954906,-2.32431,0.358824,0.62803,0.0788445,5.82453,0.472982,0.48672,0.206948,-1.76609,0.239623,-4.27636,0.0165648,0.425657,0.258122
8,-3.81507,0.184098,2.36784,0.447265,2.92877,0.206264,2.09525,0.0973668,-2.32483,0.357351,0.627774,0.0787577,5.8355,0.474848,0.486177,0.20877,-1.76875,0.238486,-4.27645,0.0164022,0.425949,0.256769
9,-3.81016,0.185205,2.35845,0.446972,2.92717,0.205841,2.09503,0.0984245,-2.32527,0.353708,0.627365,0.0779199,5.84673,0.469113,0.486524,0.208695,-1.7719,0.237898,-4.27654,0.0163531,0.427408,0.25525
10,-3.80778,0.185833,2.35113,0.4475,2.92773,0.206568,2.09555,0.099203,-2.32551,0.349851,0.627013,0.0775333,5.85208,0.467924,0.488005,0.209669,-1.77193,0.236137,-4.27662,0.0162882,0.427517,0.256277
11,-3.805,0.186599,2.3434,0.446606,2.92978,0.207589,2.0942,0.100193,-2.32532,0.347241,0.626625,0.077,5.85165,0.464324,0.48937,0.21,-1.77166,0.235125,-4.27657,0.0163591,0.427479,0.258096
12,-3.80288,0.188028,2.35143,0.450056,2.92965,0.208493,2.09397,0.0999937,-2.32434,0.345549,0.626179,0.0762472,5.85255,0.464558,0.490471,0.209871,-1.77163,0.233522,-4.2763,0.0166398,0.425872,0.25705
13,-3.80256,0.189404,2.35043,0.449758,2.9307,0.208988,2.0949,0.0997068,-2.32265,0.344654,0.626022,0.0757863,5.85594,0.46584,0.491131,0.210353,-1.7698,0.234672,-4.27624,0.016723,0.424507,0.256268
14,-3.80257,0.19129,2.35182,0.449768,2.9311,0.209082,2.09537,0.0990001,-2.322,0.343902,0.625873,0.0753199,5.85688,0.466026,0.492237,0.209424,-1.76924,0.234727,-4.27629,0.0166369,0.425262,0.257845
15,-3.80243,0.192916,2.35178,0.445672,2.93243,0.208901,2.09747,0.0995229,-2.32077,0.343747,0.625656,0.0752073,5.8582,0.466412,0.49244,0.209807,-1.76931,0.232975,-4.27611,0.0165022,0.425344,0.255388
16,-3.80187,0.192958,2.35213,0.444121,2.93237,0.208168,2.09788,0.0990766,-2.32,0.341295,0.625466,0.0749161,5.86499,0.467334,0.49291,0.21111,-1.76982,0.230009,-4.27605,0.0162845,0.425078,0.254194
17,-3.8007,0.191776,2.35628,0.443687,2.93221,0.207795,2.09906,0.0986074,-2.31983,0.338322,0.625324,0.0749882,5.86774,0.466535,0.493052,0.21138,-1.76928,0.22857,-4.27603,0.0161465,0.425775,0.254626
18,-3.79961,0.190354,2.36248,0.44351,2.9322,0.206306,2.10027,0.0990191,-2.31953,0.335949,0.625226,0.0747834,5.87316,0.465276,0.493536,0.21043,-1.76965,0.227299,-4.27598,0.0160685,0.425435,0.254786
19,-3.79892,0.18883,2.36181,0.443074,2.93163,0.204384,2.10196,0.0988028,-2.31883,0.333761,0.625221,0.0745018,5.88159,0.464181,0.493968,0.209667,-1.76945,0.225851,-4.2759,0.0159631,0.426172,0.253256
20,-3.79865,0.188043,2.36089,0.44311,2.93054,0.203445,2.10279,0.0986253,-2.31865,0.332285,0.62534,0.0743027,5.8917,0.464402,0.494036,0.208141,-1.76828,0.224721,-4.27575,0.0158117,0.42665,0.25296
21,-3.798,0.187382,2.36143,0.442916,2.92905,0.202411,2.1028,0.0984344,-2.31858,0.331248,0.625506,0.0743576,5.89864,0.464914,0.493971,0.2071,-1.7691,0.224273,-4.27572,0.0156527,0.426385,0.252263
22,-3.79826,0.186412,2.36478,0.442034,2.9282,0.201126,2.10402,0.0978595,-2.31793,0.330726,0.625632,0.0744013,5.90721,0.465214,0.493705,0.207416,-1.76886,0.223825,-4.27563,0.0156433,0.426533,0.252932
23,-3.79805,0.185877,2.36715,0.440689,2.92747,0.200191,2.10404,0.0975595,-2.31725,0.330406,0.625757,0.0744732,5.91616,0.465204,0.49337,0.207263,-1.76821,0.223633,-4.27552,0.0156588,0.425903,0.252372
24,-3.79791,0.185395,2.36836,0.439084,2.92657,0.199315,2.10452,0.0972015,-2.31688,0.32997,0.625946,0.0743806,5.92611,0.464811,0.493576,0.208574,-1.76685,0.224613,-4.27532,0.0156099,0.425826,0.25215
25,-3.79749,0.185594,2.37099,0.437403,2.92589,0.198146,2.10437,0.0968687,-2.31654,0.330232,0.626062,0.0743795,5.9329,0.466003,0.494378,0.20877,-1.76587,0.224027,-4.27523,0.0155335,0.425652,0.251944
26,-3.79758,0.185859,2.37748,0.436069,2.92573,0.197488,2.10426,0.0968524,-2.3155,0.33006,0.626066,0.0743753,5.94361,0.46724,0.495064,0.20902,-1.76525,0.223509,-4.27517,0.0154451,0.424929,0.251124
27,-3.79786,0.185764,2.38536,0.436158,2.92631,0.197018,2.10561,0.0966222,-2.31417,0.331281,0.626046,0.0745734,5.94971,0.46883,0.495648,0.209179,-1.76481,0.223497,-4.2751,0.0154112,0.424688,0.250871
28,-3.7986,0.185311,2.38845,0.43624,2.92615,0.196819,2.10559,0.0961957,-2.31309,0.331875,0.626,0.0747669,5.9547,0.468834,0.495779,0.209427,-1.76504,0.223307,-4.27504,0.0154117,0.423947,0.249898
29,-3.79874,0.184804,2.39109,0.435987,2.92624,0.197599,2.10568,0.0957224,-2.31176,0.33231,0.625904,0.0748271,5.95682,0.470491,0.495925,0.209902,-1.7651,0.223686,-4.27495,0.0154144,0.423488,0.249297
30,-3.79914,0.184608,2.39223,0.436542,2.92629,0.197591,2.10618,0.0952258,-2.31024,0.332594,0.625803,0.0748844,5.9589,0.471809,0.496028,0.210484,-1.76467,0.223934,-4.27501,0.0154233,0.424011,0.249611
31,-3.79928,0.183957,2.40149,0.438086,2.92643,0.197645,2.10603,0.0946162,-2.30876,0.33283,0.625734,0.0749883,5.95961,0.473299,0.496098,0.210638,-1.76329,0.223294,-4.27504,0.0154283,0.423833,0.249521
32,-3.79963,0.18343,2.41046,0.439047,2.92619,0.197343,2.10625,0.0938561,-2.30761,0.332549,0.625716,0.074988,5.9603,0.473208,0.496394,0.210497,-1.76277,0.223109,-4.27506,0.0154696,0.423976,0.249993
33,-3.79971,0.183095,2.41423,0.439974,2.92601,0.197023,2.10579,0.0934697,-2.30699,0.331973,0.625676,0.0751294,5.96248,0.472902,0.496488,0.209784,-1.7629,0.222399,-4.27504,0.0155125,0.42383,0.249757
34,-3.79936,0.182966,2.4156,0.440557,2.92587,0.19691,2.10526,0.0933227,-2.30654,0.331448,0.625647,0.0751596,5.96289,0.47349,0.496713,0.209287,-1.76297,0.221626,-4.275,0.0155174,0.423704,0.249609
35,-3.79908,0.183053,2.42241,0.442359,2.92601,0.196798,2.10456,0.0934091,-2.30669,0.331203,0.62565,0.0750251,5.96173,0.474521,0.496752,0.209288,-1.76351,0.221265,-4.27506,0.0155176,0.423922,0.249195
36,-3.79895,0.183043,2.425,0.443548,2.92622,0.196405,2.10421,0.0933404,-2.30661,0.331404,0.625625,0.0748678,5.96319,0.475491,0.497034,0.209517,-1.76395,0.220833,-4.2751,0.0155397,0.424243,0.248602
37,-3.79886,0.183295,2.42694,0.444819,2.92638,0.195846,2.10436,0.093202,-2.30669,0.331504,0.625549,0.0748824,5.96258,0.476956,0.497306,0.209634,-1.7645,0.220421,-4.27515,0.0155628,0.42452,0.247865
38,-3.79881,0.183938,2.42976,0.445757,2.92721,0.195579,2.10389,0.0932545,-2.30699,0.331842,0.625491,0.0748668,5.96078,0.478965,0.497266,0.209695,-1.76505,0.220891,-4.27522,0.015589,0.425072,0.24828
39,-3.79907,0.185056,2.43129,0.4461,2.92743,0.196019,2.10357,0.0932541,-2.30735,0.332188,0.625522,0.0748089,5.96119,0.480142,0.497378,0.210292,-1.7656,0.22107,-4.27521,0.0156793,0.425354,0.249259
40,-3.79888,0.186049,2.43602,0.446559,2.92728,0.196644,2.10358,0.0929306,-2.30713,0.332297,0.625504,0.0748062,5.96166,0.481007,0.49745,0.211058,-1.76611,0.221339,-4.2752,0.0157137,0.425946,0.250028
41,-3.79877,0.186965,2.44111,0.446836,2.92729,0.197089,2.10364,0.0926244,-2.30756,0.331968,0.625562,0.0747147,5.9618,0.482387,0.497645,0.211453,-1.76713,0.221574,-4.27521,0.0157364,0.426835,0.250844
42,-3.7985,0.188322,2.44594,0.447833,2.92757,0.197717,2.10342,0.092452,-2.30776,0.331668,0.62552,0.0745507,5.95862,0.482461,0.49798,0.212268,-1.76822,0.221863,-4.27514,0.0157425,0.427893,0.251987
43,-3.79805,0.189154,2.4496,0.449297,2.92784,0.198268,2.10364,0.092388,-2.30797,0.331219,0.625476,0.0745242,5.95577,0.482295,0.498283,0.21238,-1.76895,0.222284,-4.27515,0.0157176,0.42846,0.252843
44,-3.79745,0.189914,2.45354,0.450348,2.92842,0.198859,2.10429,0.092166,-2.30815,0.331115,0.625431,0.0745841,5.95466,0.481932,0.498586,0.212509,-1.76985,0.222706,-4.27521,0.0156783,0.429025,0.252865
45,-3.79716,0.190974,2.459,0.45166,2.92866,0.198778,2.10411,0.0920927,-2.30787,0.331783,0.625354,0.0748704,5.95626,0.48101,0.498966,0.212586,-1.7702,0.223059,-4.2752,0.015631,0.42932,0.252789
46,-3.79673,0.19144,2.46358,0.45255,2.92858,0.199071,2.10368,0.0921503,-2.30771,0.332592,0.625289,0.0750702,5.95596,0.481732,0.499342,0.212988,-1.77043,0.223257,-4.2752,0.0155762,0.429273,0.252727
47,-3.79641,0.192423,2.46581,0.452292,2.92848,0.198869,2.10335,0.0921538,-2.30761,0.333419,0.625205,0.0752784,5.95628,0.48188,0.499249,0.213174,-1.77101,0.223869,-4.27518,0.0155843,0.429193,0.251808
48,-3.79565,0.192944,2.46638,0.452183,2.92827,0.19869,2.1035,0.0921381,-2.30765,0.33448,0.625113,0.075609,5.95586,0.482221,0.499067,0.213447,-1.77177,0.225082,-4.2752,0.015558,0.429215,0.251854
49,-3.7951,0.193427,2.46837,0.45224,2.92782,0.198677,2.10333,0.092303,-2.30762,0.335039,0.625059,0.0756942,5.95485,0.482195,0.499051,0.213584,-1.77213,0.225431,-4.27519,0.0155252,0.429211,0.25195
50,-3.79467,0.19375,2.47058,0.452066,2.92747,0.198906,2.10297,0.0924066,-2.30777,0.335196,0.625049,0.075772,5.954,0.482992,0.498605,0.213768,-1.77284,0.225486,-4.27515,0.0154852,0.429256,0.252268
51,-3.79416,0.193871,2.47116,0.451407,2.92654,0.198868,2.10305,0.0922106,-2.3075,0.335126,0.625063,0.0758163,5.95217,0.483442,0.49815,0.213709,-1.77341,0.22524,-4.27516,0.0154436,0.429273,0.25249
52,-3.79373,0.19367,2.47106,0.451158,2.92514,0.198906,2.10296,0.0922018,-2.30727,0.335229,0.625101,0.0759277,5.95042,0.48435,0.497585,0.213504,-1.77429,0.225338,-4.27516,0.0154241,0.429208,0.25234
53,-3.79335,0.193879,2.46766,0.450581,2.92386,0.198546,2.10314,0.0920742,-2.30703,0.335859,0.625101,0.0760365,5.94967,0.485381,0.497129,0.213314,-1.77468,0.225463,-4.27515,0.0154091,0.428751,0.251163
54,-3.79288,0.193718,2.46503,0.450416,2.92291,0.198072,2.10305,0.0921692,-2.30681,0.336581,0.625063,0.0761432,5.94688,0.485908,0.496576,0.213382,-1.77505,0.225058,-4.27513,0.0153737,0.428571,0.250395
55,-3.79247,0.193869,2.46115,0.451005,2.92232,0.197826,2.10313,0.092037,-2.30647,0.337128,0.625034,0.0760891,5.94527,0.48638,0.496458,0.21322,-1.77551,0.225154,-4.2751,0.015361,0.428297,0.24957
56,-3.79183,0.194075,2.45837,0.450903,2.92183,0.197483,2.10324,0.091872,-2.30625,0.338001,0.625003,0.0761267,5.94374,0.486998,0.496406,0.213192,-1.77571,0.225654,-4.27509,0.0153511,0.428141,0.248802
57,-3.79141,0.193943,2.45617,0.451004,2.92146,0.197108,2.10329,0.0918513,-2.30606,0.339496,0.624931,0.0762797,5.94335,0.487391,0.496442,0.213522,-1.77587,0.226184,-4.27513,0.0153704,0.428156,0.248083
58,-3.79094,0.193943,2.45344,0.450828,2.92104,0.196615,2.10355,0.0917606,-2.30611,0.340775,0.624941,0.0764773,5.94134,0.48728,0.496423,0.213978,-1.7763,0.226807,-4.27517,0.0153657,0.428189,0.247106
59,-3.79054,0.193593,2.45311,0.450879,2.9209,0.196048,2.1039,0.0918944,-2.30575,0.341786,0.624943,0.0767602,5.93786,0.488116,0.496488,0.214611,-1.77673,0.227693,-4.2752,0.0153668,0.428167,0.246904
60,-3.79053,0.193426,2.45168,0.451287,2.92085,0.195541,2.10395,0.091954,-2.30532,0.342705,0.624886,0.0769944,5.93412,0.488939,0.496543,0.214973,-1.7768,0.228968,-4.27522,0.0153561,0.428143,0.246489
61,-3.79053,0.193099,2.45218,0.452125,2.92079,0.195262,2.10387,0.0919059,-2.30482,0.3434,0.624818,0.0771679,5.93242,0.489217,0.496687,0.215651,-1.77666,0.229806,-4.27522,0.0153281,0.428087,0.246121
62,-3.79058,0.192592,2.45295,0.452898,2.92057,0.195211,2.10375,0.0918629,-2.30436,0.34349,0.624769,0.0772397,5.93181,0.488943,0.496583,0.215891,-1.77686,0.230316,-4.27523,0.0153044,0.428179,0.246423
63,-3.79057,0.192246,2.45381,0.45328,2.92033,0.195044,2.1038,0.0919124,-2.304,0.343846,0.624715,0.0772941,5.93242,0.487991,0.49637,0.215903,-1.77693,0.230729,-4.27525,0.0152795,0.428089,0.246938
64,-3.79046,0.19191,2.45385,0.453737,2.9201,0.195007,2.10393,0.0918718,-2.30354,0.344298,0.624624,0.0773543,5.93286,0.487504,0.496139,0.216053,-1.77719,0.231038,-4.27525,0.0152595,0.428125,0.247471
65,-3.79014,0.191577,2.45272,0.454166,2.91973,0.194967,2.10382,0.0922018,-2.30316,0.344643,0.624551,0.0774355,5.93167,0.487582,0.495941,0.216144,-1.77717,0.231291,-4.27523,0.0152624,0.427897,0.248011
66,-3.79036,0.19148,2.45267,0.454761,2.91986,0.194948,2.10416,0.0924636,-2.30273,0.345172,0.624492,0.0775386,5.93006,0.488104,0.4959,0.216405,-1.77717,0.231576,-4.27525,0.0152566,0.427543,0.24827
67,-3.79041,0.191143,2.45069,0.454832,2.92027,0.194954,2.10429,0.0926556,-2.30223,0.345349,0.624407,0.077614,5.92579,0.489098,0.49585,0.216956,-1.77734,0.231683,-4.2753,0.0152576,0.427475,0.248489
68,-3.79061,0.190904,2.44904,0.454836,2.92044,0.194671,2.10425,0.0928145,-2.30166,0.345548,0.62433,0.0777009,5.92348,0.490414,0.495839,0.217232,-1.77753,0.231754,-4.27529,0.015228,0.4274,0.248031
69,-3.79121,0.190992,2.44605,0.454325,2.92058,0.194574,2.10464,0.0927025,-2.30071,0.34587,0.624266,0.0776989,5.92105,0.490751,0.495836,0.217143,-1.77769,0.232069,-4.2753,0.0152457,0.427605,0.247793
70,-3.79168,0.191423,2.44304,0.454055,2.92035,0.194227,2.10457,0.0926449,-2.29998,0.346351,0.624209,0.0777553,5.91863,0.490289,0.495689,0.217313,-1.77788,0.232215,-4.2753,0.0152257,0.427849,0.247859
71,-3.79212,0.191483,2.43974,0.453222,2.91988,0.194102,2.10471,0.092516,-2.29926,0.346662,0.624191,0.0777681,5.91668,0.490399,0.495442,0.217305,-1.77803,0.23222,-4.27531,0.0152097,0.427816,0.247593
72,-3.79265,0.191661,2.43747,0.45262,2.91976,0.194008,2.10469,0.092319,-2.29917,0.346905,0.62423,0.077784,5.91535,0.490025,0.495099,0.217328,-1.778,0.232289,-4.27529,0.0151875,0.427907,0.24716
73,-3.79293,0.1918,2.43703,0.452525,2.9196,0.193787,2.10454,0.0924773,-2.2991,0.346667,0.624288,0.0777345,5.91431,0.490151,0.494719,0.21742,-1.77768,0.232303,-4.2753,0.015183,0.427828,0.246851
74,-3.793,0.192093,2.43647,0.452487,2.91915,0.19358,2.10448,0.0925695,-2.29897,0.346317,0.62434,0.0777067,5.9144,0.490477,0.494283,0.217381,-1.77739,0.23201,-4.2753,0.0151723,0.427716,0.24661
75,-3.79303,0.192253,2.43625,0.452348,2.91857,0.193199,2.1041,0.0926663,-2.29897,0.345937,0.624414,0.0776588,5.91482,0.49057,0.493758,0.217387,-1.77728,0.231644,-4.27529,0.0151886,0.427616,0.246846
76,-3.79316,0.192351,2.43654,0.452514,2.91814,0.192941,2.1039,0.0926588,-2.29903,0.34544,0.624482,0.0775166,5.91366,0.490614,0.493334,0.21732,-1.77691,0.231411,-4.2753,0.0151804,0.427508,0.24715
77,-3.79311,0.192153,2.43681,0.452793,2.91777,0.192681,2.10372,0.0926173,-2.29933,0.344771,0.624558,0.0773371,5.91405,0.49105,0.493179,0.217281,-1.77657,0.231292,-4.27534,0.0151799,0.427519,0.247409
78,-3.79303,0.192097,2.43736,0.452712,2.91758,0.192606,2.10313,0.0927264,-2.29957,0.343989,0.624563,0.0771326,5.91391,0.491583,0.493154,0.217527,-1.77641,0.231459,-4.27534,0.0151821,0.427457,0.24769
79,-3.7933,0.191984,2.43729,0.453154,2.91755,0.19241,2.10269,0.0928442,-2.29982,0.343282,0.62461,0.0769654,5.91416,0.491536,0.492969,0.217587,-1.77623,0.231524,-4.27534,0.015216,0.427406,0.247882
80,-3.79325,0.192024,2.43581,0.452931,2.91751,0.192515,2.10229,0.0930273,-2.30031,0.3426,0.624681,0.0768599,5.91375,0.490459,0.492786,0.217723,-1.77616,0.231534,-4.27537,0.015206,0.427578,0.247914
81,-3.79342,0.192069,2.43407,0.452914,2.91734,0.192406,2.10197,0.0930508,-2.30045,0.34203,0.624736,0.0767977,5.91404,0.490219,0.492539,0.218044,-1.7762,0.231491,-4.27541,0.0151854,0.428019,0.24818
82,-3.79342,0.191845,2.43359,0.452703,2.91719,0.192345,2.10123,0.0933924,-2.3007,0.341576,0.624763,0.0767563,5.91304,0.490393,0.492205,0.218098,-1.77635,0.231484,-4.27546,0.0151592,0.42818,0.248221
83,-3.79335,0.191675,2.43181,0.452505,2.91704,0.192108,2.10079,0.0935191,-2.30104,0.340958,0.624792,0.0766788,5.91258,0.490283,0.491764,0.218325,-1.77647,0.231332,-4.27551,0.015134,0.428382,0.247799
84,-3.79343,0.191677,2.43079,0.452066,2.91702,0.192048,2.1001,0.0936125,-2.30135,0.340349,0.624833,0.0765924,5.91288,0.490344,0.491403,0.218354,-1.77653,0.231165,-4.27556,0.0151256,0.428494,0.24734
85,-3.79357,0.191659,2.4295,0.451712,2.91682,0.192267,2.09997,0.0936025,-2.30137,0.339779,0.624859,0.0765548,5.91386,0.490648,0.491201,0.218425,-1.77656,0.231151,-4.27556,0.0151267,0.428692,0.247679
86,-3.79371,0.19186,2.4296,0.451751,2.91651,0.192369,2.09941,0.0935539,-2.30168,0.339481,0.624892,0.0765045,5.91489,0.490983,0.491083,0.218795,-1.77635,0.231214,-4.27552,0.0151502,0.428665,0.248096
87,-3.79383,0.191993,2.42737,0.451962,2.91623,0.192354,2.09934,0.0934625,-2.30158,0.339301,0.624901,0.0764153,5.91626,0.491777,0.490834,0.219059,-1.77612,0.23106,-4.27551,0.0151695,0.428565,0.248156
88,-3.79377,0.192003,2.42557,0.452513,2.91589,0.19246,2.09936,0.0933427,-2.30178,0.338948,0.62496,0.076262,5.91728,0.49246,0.490558,0.219425,-1.77601,0.231131,-4.27548,0.015186,0.428424,0.248144
89,-3.79389,0.192199,2.42336,0.45265,2.91574,0.192515,2.09937,0.0934087,-2.30184,0.338617,0.625014,0.0761153,5.91894,0.492831,0.490459,0.219865,-1.77604,0.231066,-4.27549,0.0152053,0.4284,0.248252
90,-3.79433,0.192358,2.41955,0.452811,2.91577,0.192483,2.09938,0.0934002,-2.30175,0.338383,0.625033,0.076044,5.9201,0.493352,0.490296,0.220086,-1.77573,0.230964,-4.27549,0.0152219,0.428241,0.248311
91,-3.79444,0.192274,2.41706,0.452906,2.91572,0.192379,2.09915,0.0934657,-2.30179,0.337854,0.625058,0.0759443,5.92032,0.493297,0.490191,0.220024,-1.77548,0.231236,-4.27552,0.0152453,0.428101,0.24843
92,-3.79487,0.192187,2.41468,0.452621,2.9159,0.192314,2.09907,0.0933588,-2.30207,0.33765,0.625123,0.0759054,5.9215,0.493786,0.490147,0.220052,-1.77529,0.231208,-4.27552,0.0152472,0.428011,0.248429
93,-3.7952,0.192128,2.41208,0.452747,2.91616,0.192415,2.09872,0.0933003,-2.3024,0.337194,0.625177,0.0758086,5.92311,0.493929,0.490162,0.220171,-1.775,0.231186,-4.2755,0.0152574,0.428027,0.248274
94,-3.79549,0.192167,2.40973,0.452776,2.91635,0.192558,2.09829,0.0932236,-2.30268,0.336686,0.625227,0.0757129,5.92408,0.494024,0.490174,0.22031,-1.77478,0.231064,-4.2755,0.015249,0.428064,0.247962
95,-3.7958,0.192231,2.40703,0.453339,2.91648,0.192873,2.09809,0.0932391,-2.30291,0.336262,0.6253,0.0756805,5.92469,0.494416,0.490041,0.220509,-1.77446,0.23104,-4.2755,0.0152425,0.42816,0.247879
96,-3.79595,0.19227,2.40565,0.454179,2.91645,0.19319,2.09794,0.0931514,-2.3029,0.335973,0.625319,0.0756782,5.92464,0.495344,0.489883,0.220609,-1.77418,0.231174,-4.27549,0.0152248,0.42804,0.247624
97,-3.79585,0.192242,2.40382,0.454425,2.91646,0.193494,2.09757,0.0931576,-2.30304,0.335807,0.625344,0.0757161,5.92442,0.495983,0.489858,0.220674,-1.77389,0.231256,-4.27545,0.0152081,0.427961,0.247427
98,-3.79583,0.192167,2.40387,0.454891,2.9164,0.193549,2.09701,0.0932037,-2.30326,0.335691,0.625365,0.0757424,5.92473,0.496631,0.489736,0.220604,-1.77357,0.231637,-4.27541,0.0152019,0.427964,0.247549
99,-3.79569,0.192076,2.40473,0.455447,2.91628,0.193573,2.09671,0.0931705,-2.30343,0.335771,0.625396,0.0758159,5.92538,0.497578,0.489749,0.220964,-1.7734,0.231827,-4.27539,0.0151992,0.42799,0.247597
100,-3.79552,0.192093,2.40392,0.455921,2.91618,0.193637,2.0965,0.0931507,-2.30334,0.335566,0.625423,0.0758482,5.92629,0.497819,0.489811,0.221074,-1.77286,0.232309,-4.27538,0.0151986,0.427695,0.247558
101,-3.79555,0.192011,2.40466,0.456433,2.91585,0.193677,2.09648,0.0931889,-2.30309,0.335256,0.625444,0.0758284,5.92684,0.497859,0.489827,0.22116,-1.7725,0.232699,-4.27537,0.0151983,0.427483,0.247666
102,-3.79557,0.191968,2.40451,0.456546,2.91577,0.193478,2.09639,0.0931082,-2.30321,0.335014,0.625499,0.0758071,5.92722,0.497532,0.489771,0.22124,-1.77216,0.233023,-4.27535,0.0152191,0.427136,0.247722
103,-3.79536,0.192022,2.40545,0.456395,2.91581,0.193379,2.09614,0.0931022,-2.30329,0.334546,0.625506,0.075823,5.92664,0.497405,0.489686,0.221261,-1.7719,0.233239,-4.27533,0.0152243,0.426899,0.24751
104,-3.79516,0.191994,2.40627,0.456326,2.91591,0.193309,2.09601,0.0931235,-2.30343,0.333963,0.625545,0.0757709,5.92565,0.497192,0.489576,0.221323,-1.77168,0.233423,-4.27533,0.0152194,0.426879,0.247373
105,-3.79516,0.192167,2.40769,0.456412,2.9158,0.19338,2.09593,0.0930348,-2.30358,0.333403,0.625605,0.0757229,5.9256,0.497595,0.489567,0.221647,-1.77138,0.233509,-4.27534,0.0152094,0.426987,0.247107
106,-3.7951,0.19225,2.40913,0.456312,2.91573,0.193429,2.09574,0.0929683,-2.30373,0.332895,0.625636,0.0756846,5.9258,0.497672,0.489541,0.221804,-1.77132,0.233686,-4.27533,0.0152003,0.426985,0.247173
107,-3.7949,0.192201,2.40989,0.456155,2.91563,0.193696,2.09534,0.0929968,-2.30389,0.332398,0.625646,0.0756897,5.92586,0.497467,0.489576,0.221931,-1.77144,0.2338,-4.27531,0.0151728,0.427171,0.247453
108,-3.79478,0.192062,2.4099,0.455604,2.91548,0.19389,2.09498,0.0930657,-2.304,0.332085,0.625648,0.0757197,5.92611,0.496844,0.489604,0.222123,-1.77146,0.233872,-4.2753,0.0151571,0.427046,0.247276
109,-3.79481,0.192114,2.40977,0.455371,2.91542,0.19408,2.09482,0.0929636,-2.30415,0.331881,0.625659,0.0757387,5.92676,0.496268,0.489662,0.222267,-1.77134,0.233627,-4.27529,0.0151418,0.426757,0.247384
110,-3.7948,0.192094,2.41029,0.455159,2.91551,0.194303,2.09449,0.092888,-2.30437,0.331766,0.625699,0.0758528,5.92634,0.49626,0.489715,0.222756,-1.77141,0.233486,-4.27528,0.0151293,0.426546,0.247277
111,-3.79496,0.192149,2.41067,0.455324,2.91543,0.194502,2.09431,0.0928972,-2.30456,0.331787,0.625744,0.0758983,5.92695,0.496139,0.489746,0.222821,-1.77131,0.233493,-4.27529,0.0151098,0.426248,0.24718
112,-3.79499,0.19221,2.4098,0.455264,2.91534,0.194593,2.09393,0.092932,-2.30459,0.331954,0.625765,0.0759558,5.92703,0.495865,0.489699,0.22287,-1.7714,0.233466,-4.27528,0.0150809,0.42598,0.247421
113,-3.79483,0.192079,2.41001,0.455109,2.91512,0.194771,2.0939,0.092908,-2.30444,0.332075,0.625743,0.0760637,5.92623,0.495588,0.489675,0.223218,-1.77159,0.233752,-4.27527,0.0150644,0.425818,0.247396
114,-3.79463,0.192055,2.41061,0.454749,2.9148,0.194926,2.09362,0.092892,-2.30434,0.332323,0.62573,0.0761809,5.92564,0.495582,0.489572,0.223406,-1.77178,0.23395,-4.27526,0.015043,0.425613,0.247498
115,-3.79451,0.191961,2.41105,0.454217,2.91447,0.195102,2.09325,0.092908,-2.3042,0.332397,0.625712,0.0762889,5.92563,0.495216,0.489574,0.223739,-1.77199,0.234321,-4.27524,0.0150444,0.42535,0.247657
116,-3.79424,0.192058,2.41152,0.453709,2.91418,0.195171,2.09316,0.0929823,-2.30415,0.332642,0.625693,0.0763603,5.92605,0.495241,0.489587,0.223836,-1.77209,0.234415,-4.27523,0.0150424,0.425053,0.248
117,-3.79393,0.192353,2.41118,0.453313,2.91408,0.195236,2.09296,0.093005,-2.30418,0.33305,0.625687,0.0764482,5.92625,0.495726,0.489534,0.223781,-1.77226,0.2343,-4.2752,0.015043,0.424918,0.248113
118,-3.79381,0.192349,2.41099,0.452922,2.91387,0.195063,2.09281,0.0929094,-2.30412,0.333488,0.625687,0.076622,5.92692,0.495764,0.489565,0.223927,-1.7721,0.234384,-4.27518,0.0150382,0.424851,0.248115
119,-3.79369,0.19233,2.41118,0.45251,2.91368,0.195226,2.09288,0.0927829,-2.30396,0.333999,0.625671,0.0767824,5.92704,0.495577,0.489435,0.224131,-1.77241,0.234574,-4.27518,0.0150269,0.424691,0.248016
120,-3.79353,0.192404,2.41123,0.452032,2.91349,0.195373,2.09294,0.0926431,-2.3038,0.334694,0.625649,0.0770072,5.92723,0.495051,0.489358,0.224382,-1.77295,0.234888,-4.27519,0.015027,0.42459,0.24787
121,-3.79327,0.192399,2.41226,0.451702,2.91329,0.195532,2.09285,0.0926318,-2.30392,0.335282,0.625649,0.0771909,5.92753,0.494644,0.489277,0.224462,-1.77314,0.234828,-4.2752,0.0150309,0.424621,0.247945
122,-3.79284,0.192388,2.4133,0.451176,2.91309,0.195785,2.09271,0.0925978,-2.30405,0.335867,0.62564,0.0773686,5.9279,0.494297,0.489327,0.224601,-1.77307,0.234836,-4.2752,0.0150132,0.424598,0.248051
123,-3.79243,0.192347,2.41418,0.450824,2.91286,0.195861,2.09231,0.0926594,-2.3045,0.336286,0.625663,0.0774619,5.9286,0.493788,0.489188,0.224588,-1.77302,0.234893,-4.27518,0.0150011,0.424539,0.248029
124,-3.79209,0.192316,2.41541,0.450208,2.91259,0.19596,2.09216,0.0927774,-2.30486,0.336687,0.625691,0.0775454,5.92909,0.49375,0.48916,0.224494,-1.7728,0.234844,-4.27518,0.0150042,0.424362,0.24797
125,-3.79182,0.192592,2.41694,0.449785,2.91227,0.196014,2.09212,0.0929261,-2.30511,0.337089,0.62573,0.0776074,5.92937,0.493717,0.489083,0.224358,-1.77272,0.234863,-4.27518,0.0150134,0.42431,0.247943
126,-3.79174,0.192818,2.41799,0.449412,2.91199,0.196088,2.09201,0.0930134,-2.30529,0.337624,0.625781,0.0776567,5.92951,0.493502,0.489027,0.224267,-1.77272,0.23471,-4.27516,0.0150165,0.424367,0.248297
127,-3.79155,0.192829,2.41952,0.449082,2.91146,0.196226,2.09197,0.0931105,-2.30533,0.338173,0.625812,0.0777169,5.92884,0.493403,0.488882,0.224312,-1.7726,0.234616,-4.27518,0.015006,0.424202,0.247977
128,-3.79124,0.192899,2.42101,0.448817,2.91129,0.196085,2.0921,0.0931654,-2.30559,0.338708,0.625842,0.0777839,5.92871,0.493203,0.48878,0.224193,-1.77261,0.234498,-4.27518,0.0150021,0.423935,0.247727
129,-3.7911,0.192995,2.42145,0.448652,2.91118,0.196008,2.09202,0.0931417,-2.30589,0.339251,0.625862,0.077872,5.92946,0.492696,0.488764,0.224003,-1.77258,0.234583,-4.27517,0.0149879,0.42375,0.247489
130,-3.79103,0.193212,2.42162,0.448327,2.91109,0.195915,2.09184,0.0930958,-2.30641,0.339737,0.625915,0.0779413,5.92916,0.492297,0.488685,0.223925,-1.77241,0.234444,-4.27514,0.0149821,0.423621,0.247191
131,-3.79077,0.193487,2.42106,0.447922,2.9111,0.195889,2.09171,0.0930668,-2.30685,0.340241,0.625949,0.0780081,5.929,0.491713,0.488634,0.223953,-1.77235,0.234349,-4.27515,0.0149814,0.423515,0.24684
132,-3.7906,0.193687,2.42185,0.447531,2.91108,0.195956,2.09165,0.0930006,-2.30714,0.340753,0.625971,0.0781312,5.92985,0.491229,0.488541,0.223896,-1.77234,0.23449,-4.27516,0.0149837,0.423465,0.246641
133,-3.7905,0.193639,2.42375,0.447334,2.91109,0.195994,2.09169,0.0929479,-2.30722,0.341114,0.625974,0.0782074,5.93061,0.490906,0.488524,0.223752,-1.77229,0.234595,-4.27516,0.0149856,0.423396,0.246619
134,-3.79035,0.193744,2.42545,0.44732,2.91115,0.196008,2.09166,0.0929088,-2.30733,0.341478,0.625976,0.078288,5.93193,0.490815,0.488613,0.223605,-1.77218,0.234634,-4.27514,0.0149858,0.423317,0.246395
135,-3.79037,0.193667,2.42688,0.447463,2.91132,0.196008,2.09154,0.0928592,-2.30768,0.341879,0.62601,0.0783848,5.93306,0.490561,0.488634,0.223446,-1.77189,0.234839,-4.27513,0.0149721,0.423164,0.246495
136,-3.79044,0.193555,2.4286,0.447782,2.91147,0.19604,2.09153,0.0928037,-2.30797,0.342138,0.626073,0.0784682,5.9342,0.490391,0.488654,0.223368,-1.77163,0.234936,-4.27513,0.0149654,0.423061,0.246619
137,-3.79047,0.193414,2.43082,0.447851,2.9117,0.196143,2.0915,0.0928327,-2.30844,0.342445,0.626129,0.0785161,5.93509,0.489915,0.488647,0.223183,-1.77119,0.235006,-4.27512,0.0149656,0.422988,0.246714
138,-3.79037,0.193302,2.43297,0.447751,2.91182,0.196309,2.09134,0.0928073,-2.30893,0.342619,0.626182,0.0785432,5.93679,0.489292,0.488692,0.223023,-1.77098,0.235229,-4.2751,0.0149556,0.422874,0.246623
139,-3.79024,0.193186,2.43541,0.4479,2.9118,0.196495,2.0913,0.0927045,-2.30937,0.342987,0.626242,0.0785975,5.93879,0.489023,0.488754,0.223021,-1.77071,0.235215,-4.27508,0.0149657,0.422727,0.246672
140,-3.79027,0.19319,2.43602,0.44794,2.91182,0.196503,2.09135,0.0926555,-2.3097,0.343516,0.626284,0.0786904,5.93958,0.489242,0.488718,0.222859,-1.77055,0.235257,-4.27505,0.0149656,0.422576,0.246666
141,-3.7903,0.19328,2.43753,0.448091,2.91192,0.196566,2.09118,0.092607,-2.3101,0.344206,0.626332,0.0788268,5.93974,0.48957,0.488742,0.222796,-1.7703,0.235229,-4.27502,0.0149675,0.42261,0.246705
142,-3.79032,0.193349,2.43931,0.448587,2.91184,0.196483,2.09106,0.0927371,-2.31056,0.345039,0.626409,0.0789398,5.93991,0.489593,0.488724,0.222623,-1.77005,0.235398,-4.27501,0.0149693,0.422596,0.246677
143,-3.79037,0.193464,2.44147,0.449244,2.91182,0.196407,2.0911,0.0927596,-2.31086,0.345663,0.626456,0.0791015,5.93968,0.489716,0.488761,0.222659,-1.76982,0.235596,-4.275,0.0149659,0.422638,0.246647
144,-3.79026,0.193636,2.44303,0.449724,2.91176,0.196402,2.09112,0.0928147,-2.31121,0.346342,0.626505,0.0792366,5.94002,0.489883,0.48881,0.222617,-1.76958,0.235923,-4.27499,0.0149704,0.422638,0.246905
145,-3.7902,0.193745,2.44424,0.450046,2.91164,0.196427,2.09114,0.0928256,-2.31138,0.347051,0.626526,0.0793348,5.94027,0.489868,0.488924,0.222477,-1.76939,0.235912,-4.27498,0.0149757,0.422517,0.246939
146,-3.79001,0.193746,2.44593,0.450523,2.91137,0.196464,2.09123,0.0930019,-2.31132,0.347686,0.62652,0.0794299,5.94027,0.490112,0.488983,0.222336,-1.76925,0.236014,-4.27499,0.0149831,0.422504,0.246858
147,-3.79011,0.193791,2.44733,0.450676,2.91134,0.196473,2.09133,0.0930855,-2.31129,0.348381,0.626526,0.0795429,5.93997,0.489917,0.489025,0.222232,-1.7692,0.236057,-4.27497,0.0149739,0.422583,0.246789
148,-3.79029,0.193808,2.4483,0.450578,2.91121,0.196438,2.0914,0.0931744,-2.31115,0.348949,0.626531,0.0796765,5.93941,0.490087,0.48905,0.222148,-1.7693,0.236278,-4.27497,0.0149678,0.422587,0.246714
149,-3.79041,0.19386,2.44884,0.450462,2.91107,0.196425,2.09148,0.0931876,-2.31095,0.349483,0.626521,0.0797665,5.93844,0.489893,0.489144,0.222213,-1.76924,0.236488,-4.27498,0.0149581,0.422528,0.246684
150,-3.79049,0.19386,2.45007,0.450505,2.91102,0.196586,2.09165,0.0932244,-2.31078,0.349798,0.626502,0.0798388,5.93826,0.490133,0.489266,0.222459,-1.76913,0.236484,-4.275,0.014951,0.422513,0.246671
151,-3.79067,0.193815,2.45168,0.450674,2.91091,0.196703,2.0918,0.0932207,-2.31054,0.349918,0.626509,0.0798779,5.93744,0.490651,0.489339,0.222602,-1.76899,0.236487,-4.27501,0.0149482,0.42238,0.246707
152,-3.79079,0.193754,2.45243,0.450946,2.91068,0.196836,2.09181,0.0933567,-2.31047,0.350033,0.626544,0.0799237,5.93689,0.491037,0.489337,0.222861,-1.76888,0.236641,-4.27501,0.0149656,0.4223,0.246866
153,-3.79093,0.193757,2.45333,0.451209,2.91056,0.196835,2.09167,0.0935068,-2.31063,0.349972,0.626585,0.0799543,5.93642,0.491144,0.489341,0.223145,-1.7687,0.236803,-4.27501,0.0149776,0.422349,0.246623
154,-3.79098,0.193604,2.45419,0.451661,2.91043,0.196798,2.09145,0.0935943,-2.31088,0.349982,0.62664,0.079982,5.93563,0.491521,0.489344,0.223299,-1.76834,0.23692,-4.27503,0.014981,0.42243,0.246242
155,-3.79095,0.19345,2.45482,0.451956,2.91032,0.196808,2.09124,0.0936966,-2.31112,0.350031,0.626678,0.0800252,5.93492,0.491654,0.489412,0.223487,-1.76807,0.237166,-4.27505,0.0149895,0.422539,0.246158
156,-3.79088,0.193395,2.45514,0.452411,2.91032,0.196887,2.09111,0.0937751,-2.31122,0.350085,0.626682,0.0800773,5.93466,0.491814,0.489435,0.223529,-1.76805,0.237382,-4.27506,0.015007,0.422588,0.246094
157,-3.79092,0.193314,2.45469,0.452823,2.91038,0.196954,2.091,0.093859,-2.31153,0.350181,0.626718,0.0801171,5.93405,0.492128,0.489498,0.223618,-1.76818,0.23755,-4.27509,0.0150329,0.422623,0.246132
158,-3.79079,0.193196,2.45376,0.4533,2.91047,0.19686,2.09083,0.0939589,-2.31193,0.350361,0.626753,0.0801478,5.93358,0.492517,0.489511,0.223829,-1.76825,0.237649,-4.2751,0.0150487,0.422769,0.246407
159,-3.79077,0.193288,2.45228,0.453756,2.91056,0.196698,2.09079,0.0939824,-2.31252,0.350649,0.626816,0.0801964,5.9338,0.492644,0.489657,0.22388,-1.76822,0.23776,-4.27511,0.0150644,0.422909,0.246674
160,-3.79064,0.193342,2.45108,0.453931,2.91065,0.196573,2.09082,0.093974,-2.31289,0.350982,0.626851,0.0802411,5.93412,0.49271,0.489767,0.223915,-1.76816,0.237883,-4.27512,0.0150798,0.422897,0.246887
161,-3.79047,0.193381,2.44979,0.453879,2.91067,0.196565,2.09088,0.093967,-2.31333,0.351314,0.6269,0.0802842,5.93511,0.492852,0.489765,0.223879,-1.76805,0.237924,-4.27512,0.0150894,0.42292,0.246952
162,-3.79034,0.193472,2.44911,0.454144,2.91072,0.196594,2.09075,0.0939763,-2.31381,0.351592,0.626949,0.0802926,5.93562,0.492877,0.489671,0.223879,-1.76796,0.238017,-4.27513,0.0150938,0.422965,0.246883
163,-3.79021,0.193546,2.44898,0.454402,2.9108,0.196587,2.09067,0.093938,-2.31432,0.35181,0.627003,0.0803048,5.93601,0.492803,0.489572,0.223909,-1.76794,0.238168,-4.27512,0.0150967,0.422981,0.246771
164,-3.79008,0.193591,2.44941,0.454873,2.91087,0.196644,2.09063,0.0938746,-2.31476,0.351945,0.627057,0.0803004,5.93665,0.492551,0.489526,0.223893,-1.76778,0.238293,-4.27511,0.0151116,0.42302,0.246714
165,-3.78988,0.193593,2.44944,0.455014,2.91079,0.196489,2.09057,0.0937628,-2.31516,0.351923,0.627107,0.0802871,5.93714,0.492252,0.489485,0.223826,-1.76769,0.238431,-4.27511,0.015114,0.423085,0.246698
166,-3.78981,0.193676,2.4486,0.4552,2.91084,0.19645,2.09048,0.0937269,-2.31553,0.351938,0.627143,0.0802877,5.93736,0.491879,0.489489,0.22372,-1.76764,0.238589,-4.27512,0.015113,0.423263,0.246923
167,-3.78982,0.193791,2.44782,0.455271,2.911,0.196368,2.09061,0.0937562,-2.31582,0.35204,0.627186,0.0803098,5.93692,0.4916,0.489488,0.223662,-1.76763,0.238574,-4.27514,0.0151218,0.423287,0.246912
168,-3.78985,0.19405,2.44714,0.455301,2.91113,0.196278,2.09058,0.0937238,-2.31631,0.352246,0.627236,0.0803274,5.93684,0.491191,0.489403,0.223544,-1.76767,0.238617,-4.27515,0.0151273,0.423372,0.246844
169,-3.78988,0.194154,2.44667,0.455457,2.9113,0.19618,2.09052,0.09368,-2.31676,0.352381,0.627291,0.0803335,5.93647,0.491046,0.489292,0.223454,-1.76776,0.238578,-4.27517,0.0151265,0.423511,0.246832
170,-3.78983,0.194149,2.44615,0.45557,2.91132,0.196046,2.09037,0.0936207,-2.31723,0.352472,0.627343,0.0803375,5.93633,0.490877,0.48915,0.22332,-1.76779,0.238513,-4.27519,0.0151204,0.423617,0.246938
171,-3.78977,0.19417,2.44448,0.455471,2.91127,0.19583,2.09008,0.0936212,-2.31767,0.352557,0.627378,0.080335,5.93643,0.490602,0.489019,0.223263,-1.76789,0.238577,-4.2752,0.015125,0.423711,0.246892
172,-3.78972,0.194101,2.44277,0.455485,2.91125,0.195801,2.08994,0.0936201,-2.31804,0.352605,0.62741,0.0803133,5.93654,0.490358,0.488916,0.223302,-1.76798,0.238626,-4.27519,0.0151324,0.423766,0.246955
173,-3.78969,0.194073,2.44096,0.45541,2.9113,0.195767,2.08966,0.0936468,-2.31855,0.352916,0.62745,0.0803047,5.93677,0.490474,0.4889,0.223467,-1.7679,0.23872,-4.27519,0.0151329,0.423706,0.246894
174,-3.78968,0.193967,2.43908,0.455564,2.91142,0.195713,2.08948,0.0936391,-2.31911,0.353202,0.627488,0.0803,5.93733,0.490679,0.488914,0.223674,-1.76791,0.238725,-4.27518,0.0151302,0.423623,0.246816
175,-3.7896,0.194009,2.43676,0.455554,2.91148,0.195727,2.08926,0.0936582,-2.31964,0.353435,0.627525,0.0802865,5.9374,0.490821,0.488831,0.223793,-1.76796,0.238723,-4.27519,0.0151312,0.423775,0.246857
176,-3.78951,0.194119,2.43475,0.455849,2.91153,0.195696,2.08903,0.0936355,-2.3202,0.353586,0.627574,0.0802496,5.93747,0.491155,0.488962,0.224074,-1.76809,0.238841,-4.2752,0.015133,0.423783,0.246641
177,-3.78941,0.194172,2.4329,0.455936,2.91157,0.195743,2.08881,0.09363,-2.32068,0.353812,0.62761,0.080259,5.9377,0.491503,0.489027,0.224241,-1.76809,0.239007,-4.2752,0.0151379,0.423807,0.246603
178,-3.78939,0.194163,2.43205,0.455937,2.91168,0.195728,2.08884,0.0936698,-2.32091,0.353957,0.627644,0.0802733,5.93785,0.491795,0.489097,0.224328,-1.76812,0.239123,-4.27521,0.0151411,0.423724,0.246557
179,-3.78929,0.194178,2.43143,0.455925,2.91171,0.195725,2.08873,0.0936766,-2.32116,0.354071,0.627667,0.0802565,5.93788,0.492117,0.489127,0.224381,-1.76816,0.239102,-4.27521,0.0151423,0.423651,0.246609
180,-3.78923,0.194171,2.43076,0.455646,2.91182,0.195667,2.08872,0.0936868,-2.32157,0.354266,0.627709,0.0802631,5.93747,0.492244,0.489191,0.224397,-1.76815,0.239151,-4.27521,0.0151408,0.423707,0.2466
181,-3.7891,0.194115,2.4303,0.45552,2.91187,0.195682,2.08861,0.0936751,-2.32202,0.35443,0.62776,0.0802764,5.93724,0.492426,0.489178,0.224515,-1.76814,0.239111,-4.27521,0.0151366,0.423652,0.246563
182,-3.78898,0.194101,2.42983,0.455246,2.91179,0.19562,2.08857,0.0936335,-2.32223,0.354426,0.627798,0.080288,5.93679,0.492495,0.489157,0.224639,-1.76799,0.239145,-4.27521,0.0151288,0.42364,0.246417
183,-3.78893,0.194061,2.43057,0.455285,2.91176,0.195725,2.08843,0.0936051,-2.32243,0.354456,0.627828,0.080279,5.93589,0.492599,0.48912,0.224725,-1.76793,0.239109,-4.27521,0.015122,0.423654,0.246334
184,-3.78891,0.194062,2.43098,0.455223,2.91179,0.195696,2.08845,0.0935318,-2.32263,0.354471,0.627839,0.080263,5.9353,0.49265,0.48902,0.224828,-1.7679,0.239099,-4.2752,0.0151107,0.423679,0.246271
185,-3.78879,0.194057,2.43143,0.455217,2.91188,0.195757,2.08849,0.0935611,-2.32279,0.35451,0.627842,0.080241,5.93454,0.49271,0.489018,0.224943,-1.76792,0.239187,-4.27522,0.0151216,0.423733,0.246216
186,-3.78873,0.194079,2.43205,0.45493,2.91194,0.195758,2.08853,0.0935814,-2.32284,0.354645,0.627843,0.0802516,5.93368,0.492522,0.488997,0.225069,-1.76797,0.239204,-4.27522,0.0151248,0.423667,0.246112
187,-3.78874,0.194079,2.4327,0.454588,2.91205,0.195762,2.08858,0.0935866,-2.3229,0.354677,0.627848,0.0802443,5.93345,0.49248,0.488999,0.22529,-1.76796,0.239163,-4.2752,0.0151328,0.423517,0.246105
188,-3.78857,0.194039,2.43469,0.454575,2.91213,0.1957,2.08863,0.0936029,-2.32293,0.354657,0.62784,0.0802124,5.93316,0.492024,0.488948,0.225373,-1.76787,0.239184,-4.27518,0.0151368,0.423411,0.246115
189,-3.78841,0.193969,2.43599,0.454149,2.91221,0.195662,2.08862,0.0936173,-2.32294,0.354604,0.627815,0.0801595,5.93325,0.491572,0.488877,0.225321,-1.76792,0.239172,-4.27517,0.0151324,0.423352,0.246235
190,-3.78836,0.193925,2.43689,0.453789,2.91227,0.195625,2.08872,0.0936904,-2.32293,0.354502,0.627802,0.0801046,5.93379,0.49114,0.488917,0.225352,-1.76768,0.239187,-4.27515,0.0151394,0.423265,0.246354
191,-3.78826,0.193835,2.43765,0.453278,2.91235,0.195565,2.08862,0.0937334,-2.323,0.354347,0.627799,0.0800583,5.93426,0.490691,0.488958,0.225204,-1.76761,0.239095,-4.27514,0.0151288,0.423207,0.246363
192,-3.78822,0.193689,2.43874,0.452915,2.91241,0.195427,2.08857,0.0937618,-2.32301,0.35413,0.627793,0.0800154,5.93455,0.490295,0.48893,0.225096,-1.76772,0.238967,-4.27512,0.0151198,0.423175,0.246147
