beta_exp_abscissa,beta_exp_cdf,delta0_abscissa,delta0_cdf,p_abscissa,p_cdf,td_abscissa,td_cdf,b_exp_abscissa,b_exp_cdf,h_0_abscissa,h_0_cdf,tc_abscissa,tc_cdf,sigma_abscissa,sigma_cdf,rho_exp_abscissa,rho_exp_cdf,alpha_exp_abscissa,alpha_exp_cdf,split
-4.98551,0,0.115222,0,1.21746,0.00833333,0.410187,0,-6.05164,0.00833333,0.209207,0,0.250844,0.00833333,0.0828236,0,-3.99517,0,-4.78464,0,All
-4.81068,0.00833333,0.151913,0.00833333,1.25098,0.0166667,0.542528,0.00833333,-5.79273,0.0166667,0.369252,0.00833333,0.444372,0.0166667,0.103313,0.00833333,-3.63432,0.00833333,-4.41087,0.00833333,All
-4.78972,0.0166667,0.172909,0.0166667,1.27488,0.025,0.643889,0.0166667,-5.37053,0.025,0.371207,0.0166667,0.513687,0.025,0.105258,0.0166667,-3.46905,0.0166667,-4.3682,0.0166667,All
-4.76562,0.025,0.174295,0.025,1.29364,0.0333333,0.656715,0.025,-5.35011,0.0333333,0.377937,0.025,0.538355,0.0333333,0.10563,0.025,-3.44829,0.025,-4.36735,0.025,All
-4.69178,0.0333333,0.186235,0.0333333,1.42034,0.0416667,0.688498,0.0333333,-5.32609,0.0416667,0.392701,0.0333333,0.578459,0.0416667,0.111113,0.0333333,-3.42592,0.0333333,-4.32746,0.0333333,All
-4.66735,0.0416667,0.201415,0.0416667,1.50948,0.05,0.700696,0.0416667,-5.30534,0.05,0.396189,0.0416667,0.585167,0.05,0.114958,0.0416667,-3.37734,0.0416667,-4.25537,0.0416667,All
-4.65227,0.05,0.202691,0.05,1.54224,0.0583333,0.704871,0.05,-5.18141,0.0583333,0.396364,0.05,0.636522,0.0583333,0.12528,0.05,-3.33294,0.05,-4.19666,0.05,All
-4.58954,0.0583333,0.218995,0.0583333,1.58725,0.0666667,0.70928,0.0583333,-5.16069,0.0666667,0.400543,0.0583333,0.646214,0.0666667,0.137267,0.0583333,-3.31602,0.0583333,-4.14647,0.0583333,All
-4.58915,0.0666667,0.23261,0.0666667,1.72854,0.075,0.718237,0.0666667,-5.1467,0.075,0.412394,0.0666667,0.737376,0.075,0.151527,0.0666667,-3.29787,0.0666667,-4.11559,0.0666667,All
-4.5262,0.075,0.24525,0.075,1.89261,0.0833333,0.72192,0.075,-5.11197,0.0833333,0.413439,0.075,0.861661,0.0833333,0.161241,0.075,-3.25946,0.075,-4.11369,0.075,All
-4.44839,0.0833333,0.247004,0.0833333,1.92903,0.0916667,0.736933,0.0833333,-5.04556,0.0916667,0.413718,0.0833333,0.864122,0.0916667,0.17285,0.0833333,-3.25905,0.0833333,-4.10153,0.0833333,All
-4.44798,0.0916667,0.247682,0.0916667,1.96413,0.1,0.746449,0.0916667,-5.02254,0.1,0.42138,0.0916667,0.923315,0.1,0.17291,0.0916667,-3.2559,0.0916667,-4.09252,0.0916667,All
-4.43015,0.1,0.267483,0.1,1.98268,0.108333,0.804211,0.1,-4.99674,0.108333,0.421921,0.1,0.957339,0.108333,0.174845,0.1,-3.23975,0.1,-4.08722,0.1,All
-4.42904,0.108333,0.272069,0.108333,2.05695,0.116667,0.826437,0.108333,-4.98245,0.116667,0.426671,0.108333,1.17208,0.116667,0.181966,0.108333,-3.23313,0.108333,-4.07723,0.108333,All
-4.42086,0.116667,0.276795,0.116667,2.12108,0.125,0.830516,0.116667,-4.9285,0.125,0.432978,0.116667,1.29423,0.125,0.187858,0.116667,-3.18106,0.116667,-4.05913,0.116667,All
-4.39581,0.125,0.281514,0.125,2.17086,0.133333,0.832187,0.125,-4.90819,0.133333,0.435166,0.125,1.41937,0.133333,0.194115,0.125,-3.11996,0.125,-4.05863,0.125,All
-4.38715,0.133333,0.281794,0.133333,2.17231,0.141667,0.836676,0.133333,-4.84191,0.141667,0.437658,0.133333,1.56147,0.141667,0.194512,0.133333,-3.07161,0.133333,-4.04144,0.133333,All
-4.37436,0.141667,0.2867,0.141667,2.23653,0.15,0.871262,0.141667,-4.83976,0.15,0.448722,0.141667,1.80377,0.15,0.19508,0.141667,-3.05353,0.141667,-4.04068,0.141667,All
-4.31401,0.15,0.290188,0.15,2.23885,0.158333,0.874594,0.15,-4.80441,0.158333,0.453336,0.15,1.90222,0.158333,0.217874,0.15,-3.05272,0.15,-4.03899,0.15,All
-4.3091,0.158333,0.299076,0.158333,2.26667,0.166667,0.903863,0.158333,-4.7051,0.166667,0.456778,0.158333,2.16259,0.166667,0.223829,0.158333,-3.04606,0.158333,-4.02828,0.158333,All
-4.27113,0.166667,0.301687,0.166667,2.26882,0.175,0.926459,0.166667,-4.67048,0.175,0.459914,0.166667,2.28234,0.175,0.227788,0.166667,-3.02537,0.166667,-4.02751,0.166667,All
-4.17836,0.175,0.302266,0.175,2.31031,0.183333,0.93474,0.175,-4.63826,0.183333,0.462547,0.175,2.29698,0.183333,0.228599,0.175,-2.9962,0.175,-4.01527,0.175,All
-4.13313,0.183333,0.309348,0.183333,2.33007,0.191667,1.07556,0.183333,-4.60961,0.191667,0.464764,0.183333,2.35631,0.191667,0.240827,0.183333,-2.96932,0.183333,-4.00874,0.183333,All
-4.12463,0.191667,0.314951,0.191667,2.35247,0.2,1.17629,0.191667,-4.60152,0.2,0.466554,0.191667,2.45928,0.2,0.243683,0.191667,-2.95886,0.191667,-4.00334,0.191667,All
-4.10162,0.2,0.323697,0.2,2.36497,0.208333,1.17826,0.2,-4.40863,0.208333,0.467505,0.2,2.47023,0.208333,0.247236,0.2,-2.91337,0.2,-3.98134,0.2,All
-4.08506,0.208333,0.330598,0.208333,2.38696,0.216667,1.20176,0.208333,-4.27088,0.216667,0.469285,0.208333,2.52105,0.216667,0.248931,0.208333,-2.86367,0.208333,-3.97484,0.208333,All
-4.07106,0.216667,0.333549,0.216667,2.38993,0.225,1.20759,0.216667,-4.2554,0.225,0.472995,0.216667,2.60924,0.225,0.253264,0.216667,-2.85594,0.216667,-3.97169,0.216667,All
-4.05652,0.225,0.339547,0.225,2.41023,0.233333,1.21016,0.225,-4.09437,0.233333,0.473019,0.225,3.04385,0.233333,0.272779,0.225,-2.84755,0.225,-3.96565,0.225,All
-3.99216,0.233333,0.34121,0.233333,2.41586,0.241667,1.2766,0.233333,-4.02198,0.241667,0.473598,0.233333,3.17915,0.241667,0.274901,0.233333,-2.81951,0.233333,-3.96286,0.233333,All
-3.99048,0.241667,0.346086,0.241667,2.43273,0.25,1.3155,0.241667,-4.01436,0.25,0.486505,0.241667,3.30927,0.25,0.279374,0.241667,-2.81106,0.241667,-3.95438,0.241667,All
-3.9518,0.25,0.353999,0.25,2.43338,0.258333,1.32856,0.25,-3.99579,0.258333,0.486874,0.25,3.31317,0.258333,0.282077,0.25,-2.80529,0.25,-3.94252,0.25,All
-3.90535,0.258333,0.359476,0.258333,2.46847,0.266667,1.33056,0.258333,-3.91408,0.266667,0.487332,0.258333,3.42604,0.266667,0.291514,0.258333,-2.79847,0.258333,-3.93833,0.258333,All
-3.89797,0.266667,0.364819,0.266667,2.51531,0.275,1.34331,0.266667,-3.89577,0.275,0.489178,0.266667,3.48197,0.275,0.294217,0.266667,-2.7856,0.266667,-3.93405,0.266667,All
-3.89352,0.275,0.368678,0.275,2.52686,0.283333,1.35964,0.275,-3.81607,0.283333,0.489889,0.275,3.66106,0.283333,0.303339,0.275,-2.77453,0.275,-3.93382,0.275,All
-3.86195,0.283333,0.384766,0.283333,2.53045,0.291667,1.36951,0.283333,-3.71238,0.291667,0.492995,0.283333,3.69616,0.291667,0.308808,0.283333,-2.77125,0.283333,-3.92963,0.283333,All
-3.85182,0.291667,0.391785,0.291667,2.56257,0.3,1.37061,0.291667,-3.56028,0.3,0.495225,0.291667,3.77583,0.3,0.310307,0.291667,-2.7574,0.291667,-3.92841,0.291667,All
-3.81827,0.3,0.394679,0.3,2.56866,0.308333,1.39214,0.3,-3.5332,0.308333,0.497404,0.3,3.84633,0.308333,0.31114,0.3,-2.75205,0.3,-3.92333,0.3,All
-3.76054,0.308333,0.400996,0.308333,2.57176,0.316667,1.3945,0.308333,-3.48189,0.316667,0.501027,0.308333,3.85456,0.316667,0.312591,0.308333,-2.72484,0.308333,-3.91959,0.308333,All
-3.74134,0.316667,0.405959,0.316667,2.57954,0.325,1.40003,0.316667,-3.4294,0.325,0.501266,0.316667,3.94355,0.325,0.314893,0.316667,-2.71101,0.316667,-3.91066,0.316667,All
-3.7247,0.325,0.422691,0.325,2.60018,0.333333,1.40352,0.325,-3.30666,0.333333,0.501518,0.325,4.02478,0.333333,0.319872,0.325,-2.69709,0.325,-3.9101,0.325,All
-3.70885,0.333333,0.427297,0.333333,2.64117,0.341667,1.41426,0.333333,-3.20096,0.341667,0.504317,0.333333,4.04434,0.341667,0.326728,0.333333,-2.66153,0.333333,-3.89254,0.333333,All
-3.68467,0.341667,0.431419,0.341667,2.68408,0.35,1.41819,0.341667,-3.0911,0.35,0.504615,0.341667,4.0545,0.35,0.329856,0.341667,-2.64599,0.341667,-3.89091,0.341667,All
-3.67872,0.35,0.434021,0.35,2.68681,0.358333,1.43937,0.35,-3.08829,0.358333,0.505159,0.35,4.09023,0.358333,0.332925,0.35,-2.64395,0.35,-3.88667,0.35,All
-3.66564,0.358333,0.461591,0.358333,2.68857,0.366667,1.44082,0.358333,-3.07247,0.366667,0.508724,0.358333,4.12979,0.366667,0.341747,0.358333,-2.64004,0.358333,-3.87852,0.358333,All
-3.66158,0.366667,0.474545,0.366667,2.68962,0.375,1.455,0.366667,-3.00377,0.375,0.509138,0.366667,4.19901,0.375,0.342657,0.366667,-2.63425,0.366667,-3.87305,0.366667,All
-3.64863,0.375,0.484787,0.375,2.71503,0.383333,1.4693,0.375,-3.00149,0.383333,0.509151,0.375,4.26915,0.383333,0.347099,0.375,-2.63028,0.375,-3.86871,0.375,All
-3.64499,0.383333,0.495175,0.383333,2.72017,0.391667,1.49305,0.383333,-2.95164,0.391667,0.509992,0.383333,4.28027,0.391667,0.34759,0.383333,-2.60295,0.383333,-3.86201,0.383333,All
-3.64244,0.391667,0.49707,0.391667,2.72078,0.4,1.58301,0.391667,-2.94878,0.4,0.510165,0.391667,4.36796,0.4,0.350387,0.391667,-2.60055,0.391667,-3.85931,0.391667,All
-3.62863,0.4,0.503642,0.4,2.72361,0.408333,1.61287,0.4,-2.85674,0.408333,0.51029,0.4,4.47475,0.408333,0.352362,0.4,-2.59927,0.4,-3.85746,0.4,All
-3.62676,0.408333,0.521708,0.408333,2.72435,0.416667,1.61624,0.408333,-2.83851,0.416667,0.511343,0.408333,4.51737,0.416667,0.358965,0.408333,-2.59098,0.408333,-3.84931,0.408333,All
-3.62565,0.416667,0.533441,0.416667,2.74453,0.425,1.64233,0.416667,-2.53283,0.425,0.513315,0.416667,4.85179,0.425,0.359242,0.416667,-2.58949,0.416667,-3.83978,0.416667,All
-3.61955,0.425,0.542201,0.425,2.7854,0.433333,1.68248,0.425,-2.45026,0.433333,0.515143,0.425,4.85959,0.433333,0.365806,0.425,-2.57602,0.425,-3.82962,0.425,All
-3.61598,0.433333,0.547533,0.433333,2.78562,0.441667,1.69211,0.433333,-2.42841,0.441667,0.518229,0.433333,5.04197,0.441667,0.368376,0.433333,-2.55139,0.433333,-3.8146,0.433333,All
-3.60744,0.441667,0.548672,0.441667,2.78664,0.45,1.69471,0.441667,-2.35932,0.45,0.519415,0.441667,5.06023,0.45,0.369712,0.441667,-2.52855,0.441667,-3.80449,0.441667,All
-3.59419,0.45,0.567957,0.45,2.81058,0.458333,1.69776,0.45,-2.30952,0.458333,0.532041,0.45,5.09076,0.458333,0.393956,0.45,-2.52705,0.45,-3.80335,0.45,All
-3.58705,0.458333,0.602798,0.458333,2.81908,0.466667,1.70848,0.458333,-2.14336,0.466667,0.54843,0.458333,5.09696,0.466667,0.396855,0.458333,-2.52621,0.458333,-3.7969,0.458333,All
-3.55232,0.466667,0.617712,0.466667,2.82252,0.475,1.71341,0.466667,-2.12302,0.475,0.548925,0.466667,5.12761,0.475,0.40038,0.466667,-2.51415,0.466667,-3.79044,0.466667,All
-3.5442,0.475,0.619848,0.475,2.82852,0.483333,1.72649,0.475,-1.98092,0.483333,0.551703,0.475,5.1653,0.483333,0.40663,0.475,-2.47092,0.475,-3.79031,0.475,All
-3.54074,0.483333,0.629673,0.483333,2.84082,0.491667,1.72841,0.483333,-1.95377,0.491667,0.554707,0.483333,5.18436,0.491667,0.411392,0.483333,-2.45049,0.483333,-3.7861,0.483333,All
-3.5363,0.491667,0.648016,0.491667,2.84339,0.5,1.72867,0.491667,-1.8997,0.5,0.556815,0.491667,5.44963,0.5,0.411781,0.491667,-2.39425,0.491667,-3.78421,0.491667,All
-3.52257,0.5,0.649143,0.5,2.84736,0.508333,1.73658,0.5,-1.89543,0.508333,0.561703,0.5,5.50055,0.508333,0.417466,0.5,-2.38322,0.5,-3.77706,0.5,All
-3.51768,0.508333,0.66874,0.508333,2.86952,0.516667,1.738,0.508333,-1.83034,0.516667,0.574998,0.508333,5.80308,0.516667,0.430972,0.508333,-2.36849,0.508333,-3.77627,0.508333,All
-3.51737,0.516667,0.673487,0.516667,2.87284,0.525,1.74194,0.516667,-1.76993,0.525,0.5802,0.516667,5.84797,0.525,0.43193,0.516667,-2.33942,0.516667,-3.76572,0.516667,All
-3.50398,0.525,0.697532,0.525,2.87535,0.533333,1.75086,0.525,-1.73827,0.533333,0.58049,0.525,5.8937,0.533333,0.432146,0.525,-2.32181,0.525,-3.74033,0.525,All
-3.49364,0.533333,0.720881,0.533333,2.89268,0.541667,1.75955,0.533333,-1.72665,0.541667,0.588982,0.533333,5.89494,0.541667,0.432399,0.533333,-2.30487,0.533333,-3.73821,0.533333,All
-3.48552,0.541667,0.72982,0.541667,2.89845,0.55,1.76579,0.541667,-1.68433,0.55,0.596461,0.541667,5.94994,0.55,0.434875,0.541667,-2.29043,0.541667,-3.73565,0.541667,All
-3.47645,0.55,0.74879,0.55,2.90675,0.558333,1.76822,0.55,-1.65321,0.558333,0.62518,0.55,6.0838,0.558333,0.437147,0.55,-2.16829,0.55,-3.73331,0.55,All
-3.4106,0.558333,0.842403,0.558333,2.91506,0.566667,1.77959,0.558333,-1.64759,0.566667,0.625297,0.558333,6.16521,0.566667,0.439853,0.558333,-2.16279,0.558333,-3.72987,0.558333,All
-3.40275,0.566667,0.849115,0.566667,2.91518,0.575,1.7892,0.566667,-1.57775,0.575,0.629237,0.566667,6.24736,0.575,0.440828,0.566667,-2.15635,0.566667,-3.71981,0.566667,All
-3.38837,0.575,0.883969,0.575,2.93292,0.583333,1.79493,0.575,-1.56663,0.583333,0.633219,0.575,6.26909,0.583333,0.447225,0.575,-1.90464,0.575,-3.71635,0.575,All
-3.37682,0.583333,0.952557,0.583333,2.95184,0.591667,1.82388,0.583333,-1.52004,0.591667,0.638785,0.583333,6.28951,0.591667,0.447449,0.583333,-1.90146,0.583333,-3.71442,0.583333,All
-3.35565,0.591667,1.01404,0.591667,2.95197,0.6,1.82487,0.591667,-1.51716,0.6,0.654953,0.591667,6.38631,0.6,0.448815,0.591667,-1.88086,0.591667,-3.71155,0.591667,All
-3.33863,0.6,1.01935,0.6,2.96472,0.608333,1.84303,0.6,-1.50271,0.608333,0.65516,0.6,6.46421,0.608333,0.450337,0.6,-1.84797,0.6,-3.71132,0.6,All
-3.30115,0.608333,1.03195,0.608333,2.96655,0.616667,1.86438,0.608333,-1.49221,0.616667,0.661614,0.608333,6.58728,0.616667,0.450688,0.608333,-1.82843,0.608333,-3.70687,0.608333,All
-3.29354,0.616667,1.0671,0.616667,2.9713,0.625,1.88668,0.616667,-1.47553,0.625,0.669566,0.616667,6.70455,0.625,0.457034,0.616667,-1.82562,0.616667,-3.7006,0.616667,All
-3.2907,0.625,1.16313,0.625,2.9753,0.633333,1.88851,0.625,-1.41518,0.633333,0.703795,0.625,6.75423,0.633333,0.45861,0.625,-1.72957,0.625,-3.70017,0.625,All
-3.2905,0.633333,1.2737,0.633333,2.98437,0.641667,1.97821,0.633333,-1.40917,0.641667,0.705104,0.633333,6.9298,0.641667,0.460084,0.633333,-1.69728,0.633333,-3.69585,0.633333,All
-3.28128,0.641667,1.27684,0.641667,2.98899,0.65,2.00016,0.641667,-1.38758,0.65,0.738089,0.641667,7.00104,0.65,0.463479,0.641667,-1.68487,0.641667,-3.69045,0.641667,All
-3.27669,0.65,1.30181,0.65,2.99508,0.658333,2.01918,0.65,-1.37024,0.658333,0.754017,0.65,7.2057,0.658333,0.484383,0.65,-1.5993,0.65,-3.67488,0.65,All
-3.2739,0.658333,1.31514,0.658333,3.01444,0.666667,2.05015,0.658333,-1.35563,0.666667,0.76599,0.658333,7.76861,0.666667,0.501677,0.658333,-1.58508,0.658333,-3.66249,0.658333,All
-3.26337,0.666667,1.39489,0.666667,3.0154,0.675,2.13908,0.666667,-1.33375,0.675,0.769979,0.666667,7.93106,0.675,0.511783,0.666667,-1.58316,0.666667,-3.64437,0.666667,All
-3.23395,0.675,1.39902,0.675,3.05838,0.683333,2.17445,0.675,-1.31776,0.683333,0.786788,0.675,7.9409,0.683333,0.52403,0.675,-1.52208,0.675,-3.61923,0.675,All
-3.23014,0.683333,1.51104,0.683333,3.05953,0.691667,2.22318,0.683333,-1.30815,0.691667,0.788483,0.683333,8.00942,0.691667,0.524693,0.683333,-1.48442,0.683333,-3.61348,0.683333,All
-3.22866,0.691667,1.62577,0.691667,3.06002,0.7,2.24959,0.691667,-1.26432,0.7,0.795715,0.691667,8.13681,0.7,0.531227,0.691667,-1.40217,0.691667,-3.60963,0.691667,All
-3.20612,0.7,1.78128,0.7,3.06297,0.708333,2.25516,0.7,-1.26118,0.708333,0.813256,0.7,8.3084,0.708333,0.532916,0.7,-1.33971,0.7,-3.60764,0.7,All
-3.16641,0.708333,1.84894,0.708333,3.07772,0.716667,2.36966,0.708333,-1.23692,0.716667,0.816808,0.708333,8.33237,0.716667,0.54382,0.708333,-1.33046,0.708333,-3.60324,0.708333,All
-3.16453,0.716667,2.18931,0.716667,3.1067,0.725,2.44926,0.716667,-1.206,0.725,0.822042,0.716667,8.39751,0.725,0.555556,0.716667,-1.31874,0.716667,-3.58909,0.716667,All
-3.15729,0.725,2.1936,0.725,3.1203,0.733333,2.4519,0.725,-1.19088,0.733333,0.822635,0.725,8.43089,0.733333,0.568833,0.725,-1.31651,0.725,-3.58678,0.725,All
-3.14192,0.733333,2.23003,0.733333,3.12575,0.741667,2.45379,0.733333,-1.18937,0.741667,0.82534,0.733333,8.74254,0.741667,0.57314,0.733333,-1.31397,0.733333,-3.58557,0.733333,All
-3.13656,0.741667,2.23588,0.741667,3.12669,0.75,2.46184,0.741667,-1.17837,0.75,0.826381,0.741667,8.78798,0.75,0.58461,0.741667,-1.30599,0.741667,-3.575,0.741667,All
-3.13647,0.75,2.39545,0.75,3.15172,0.758333,2.48067,0.75,-1.14222,0.758333,0.831739,0.75,8.79368,0.758333,0.587798,0.75,-1.26779,0.75,-3.56985,0.75,All
-3.13217,0.758333,2.44099,0.758333,3.1628,0.766667,2.51587,0.758333,-1.12595,0.766667,0.833323,0.758333,8.82095,0.766667,0.588073,0.758333,-1.2289,0.758333,-3.56734,0.758333,All
-3.12535,0.766667,2.5298,0.766667,3.1829,0.775,2.586,0.766667,-1.12144,0.775,0.835493,0.766667,9.26887,0.775,0.588296,0.766667,-1.22653,0.766667,-3.54109,0.766667,All
-3.12193,0.775,2.81958,0.775,3.18479,0.783333,2.61599,0.775,-1.09972,0.783333,0.850786,0.775,9.33203,0.783333,0.59115,0.775,-1.2237,0.775,-3.52345,0.775,All
-3.11857,0.783333,2.87646,0.783333,3.18596,0.791667,2.61935,0.783333,-1.06745,0.791667,0.853532,0.783333,9.45486,0.791667,0.626165,0.783333,-1.21475,0.783333,-3.51702,0.783333,All
-3.09249,0.791667,2.87703,0.791667,3.18876,0.8,2.62226,0.791667,-1.05683,0.8,0.863496,0.791667,9.57487,0.8,0.631013,0.791667,-1.20479,0.791667,-3.50723,0.791667,All
-3.08709,0.8,2.90124,0.8,3.20541,0.808333,2.62931,0.8,-1.05584,0.808333,0.870406,0.8,10.1275,0.808333,0.701636,0.8,-1.15571,0.8,-3.50597,0.8,All
-3.05195,0.808333,2.94952,0.808333,3.2235,0.816667,2.65765,0.808333,-1.0349,0.816667,0.872174,0.808333,10.2637,0.816667,0.742772,0.808333,-1.13896,0.808333,-3.49952,0.808333,All
-3.04633,0.816667,2.9513,0.816667,3.24351,0.825,2.66179,0.816667,-1.02211,0.825,0.872396,0.816667,10.6223,0.825,0.752158,0.816667,-1.13654,0.816667,-3.47548,0.816667,All
-3.04616,0.825,3.00176,0.825,3.26176,0.833333,2.66491,0.825,-1.00429,0.833333,0.875732,0.825,10.714,0.833333,0.790241,0.825,-1.13326,0.825,-3.47398,0.825,All
-3.03033,0.833333,3.10261,0.833333,3.27108,0.841667,2.67607,0.833333,-0.994043,0.841667,0.888909,0.833333,10.7398,0.841667,0.799955,0.833333,-1.05992,0.833333,-3.46703,0.833333,All
-3.02542,0.841667,3.29718,0.841667,3.27813,0.85,2.69497,0.841667,-0.866513,0.85,0.894407,0.841667,10.8355,0.85,0.801259,0.841667,-1.05152,0.841667,-3.40117,0.841667,All
-3.01741,0.85,3.36129,0.85,3.27944,0.858333,2.72761,0.85,-0.82956,0.858333,0.898817,0.85,10.9858,0.858333,0.801548,0.85,-1.04728,0.85,-3.38923,0.85,All
-3.00746,0.858333,3.44237,0.858333,3.30935,0.866667,2.73172,0.858333,-0.808321,0.866667,0.899409,0.858333,11.0273,0.866667,0.81415,0.858333,-1.037,0.858333,-3.3723,0.858333,All
-3.00297,0.866667,4.1176,0.866667,3.33788,0.875,2.73878,0.866667,-0.794081,0.875,0.899833,0.866667,11.0718,0.875,0.84871,0.866667,-0.962641,0.866667,-3.36252,0.866667,All
-2.96316,0.875,4.15681,0.875,3.3386,0.883333,2.7389,0.875,-0.77703,0.883333,0.906219,0.875,11.1595,0.883333,0.880522,0.875,-0.95958,0.875,-3.35994,0.875,All
-2.92905,0.883333,4.32416,0.883333,3.33942,0.891667,2.74779,0.883333,-0.745324,0.891667,0.909638,0.883333,11.2021,0.891667,0.892288,0.883333,-0.949851,0.883333,-3.35023,0.883333,All
-2.90754,0.891667,4.55834,0.891667,3.36425,0.9,2.76289,0.891667,-0.716303,0.9,0.929155,0.891667,11.2478,0.9,0.893174,0.891667,-0.919769,0.891667,-3.34812,0.891667,All
-2.89021,0.9,4.5934,0.9,3.37173,0.908333,2.80237,0.9,-0.715763,0.908333,0.929854,0.9,11.4252,0.908333,0.897316,0.9,-0.887459,0.9,-3.33707,0.9,All
-2.83151,0.908333,4.91159,0.908333,3.37249,0.916667,2.82376,0.908333,-0.706475,0.916667,0.942664,0.908333,11.4344,0.916667,0.92709,0.908333,-0.856981,0.908333,-3.33631,0.908333,All
-2.81264,0.916667,5.02024,0.916667,3.37481,0.925,2.83511,0.916667,-0.675089,0.925,0.959028,0.916667,11.5038,0.925,0.996389,0.916667,-0.819602,0.916667,-3.31481,0.916667,All
-2.80634,0.925,5.5975,0.925,3.37913,0.933333,3.93818,0.925,-0.673966,0.933333,0.962685,0.925,11.5048,0.933333,1.04749,0.925,-0.794016,0.925,-3.31076,0.925,All
-2.75765,0.933333,5.7843,0.933333,3.44524,0.941667,4.12307,0.933333,-0.652137,0.941667,0.977081,0.933333,11.5069,0.941667,1.15622,0.933333,-0.751752,0.933333,-3.3107,0.933333,All
-2.7269,0.941667,5.82579,0.941667,3.45452,0.95,4.14423,0.941667,-0.641574,0.95,0.989187,0.941667,11.5156,0.95,1.17947,0.941667,-0.742031,0.941667,-3.21126,0.941667,All
-2.6204,0.95,6.23854,0.95,3.45564,0.958333,4.19579,0.95,-0.534327,0.958333,1.00829,0.95,11.5515,0.958333,1.18279,0.95,-0.728997,0.95,-3.17976,0.95,All
-2.58613,0.958333,6.56291,0.958333,3.50096,0.966667,4.20984,0.958333,-0.512521,0.966667,1.03662,0.958333,11.5579,0.966667,1.32646,0.958333,-0.724298,0.958333,-3.16807,0.958333,All
-2.56215,0.966667,6.7183,0.966667,3.52062,0.975,4.24451,0.966667,-0.44715,0.975,1.06203,0.966667,11.5799,0.975,1.42411,0.966667,-0.710629,0.966667,-3.15451,0.966667,All
-2.39562,0.975,6.91152,0.975,3.53878,0.983333,4.26271,0.975,-0.401474,0.983333,1.07628,0.975,11.6528,0.983333,1.45169,0.975,-0.57792,0.975,-3.13399,0.975,All
-2.36592,0.983333,9.32715,0.983333,3.60107,0.991667,4.30264,0.983333,-0.212134,0.991667,1.08331,0.983333,11.6755,0.991667,1.58334,0.983333,-0.404967,0.983333,-3.10935,0.983333,All
-2.34095,0.991667,10.3384,0.991667,3.61325,1,4.30951,0.991667,-0.20435,1,1.12568,0.991667,11.6908,1,2.01222,0.991667,-0.20234,0.991667,-3.09145,0.991667,All
-2.23451,1,10.905,1,4.16818,1,4.36096,1,-0.0299041,1,1.14567,1,11.6908,1,2.1851,1,-0.00485485,1,-2.89319,1,All
-2.0863,1,10.905,1,4.16818,1,6.93867,1,-0.0299041,1,1.8398,1,11.6908,1,2.1851,1,-0.00485485,1,-2.65821,1,All
