beta_exp_abscissa,beta_exp_pdf,beta_exp_cdf,delta0_abscissa,delta0_pdf,delta0_cdf,p_abscissa,p_pdf,p_cdf,td_abscissa,td_pdf,td_cdf,b_exp_abscissa,b_exp_pdf,b_exp_cdf,h_0_abscissa,h_0_pdf,h_0_cdf,tc_abscissa,tc_pdf,tc_cdf,sigma_abscissa,sigma_pdf,sigma_cdf,rho_exp_abscissa,rho_exp_pdf,rho_exp_cdf,alpha_exp_abscissa,alpha_exp_pdf,alpha_exp_cdf,split
-4.98551,0.0217764,0.00402455,0.115222,0.562726,0.0330997,1.21746,0.011802,0.00196616,0.410187,0.0466714,0.00329892,-6.05164,0.0239326,0.0155472,0.209207,0.0120387,0.000204776,0.250844,0.0924182,0.0167546,0.0828236,0.394158,0.00780606,-3.99517,0.050879,0.0181594,-4.78464,0.00198375,0.000151306,All
-4.95622,0.0250598,0.00470938,0.224209,0.713701,0.105246,1.24727,0.0138622,0.0023479,0.476131,0.0840144,0.00754711,-5.99081,0.0259172,0.0170627,0.225677,0.0258576,0.000505429,0.366399,0.0980428,0.02781,0.104059,0.684041,0.0192022,-3.95487,0.0559603,0.0203113,-4.76317,0.00257551,0.000200016,All
-4.92694,0.0287556,0.00549632,0.333196,0.698936,0.182949,1.27707,0.0162303,0.00279555,0.542076,0.131072,0.014594,-5.92999,0.0280273,0.0187026,0.242148,0.0498381,0.00111229,0.481953,0.100052,0.0392778,0.125294,0.979979,0.0368961,-3.91456,0.061419,0.0226756,-4.74169,0.00332602,0.00026308,All
-4.89765,0.0329021,0.006398,0.442184,0.639352,0.256052,1.30688,0.0189428,0.00331882,0.60802,0.18449,0.0249741,-5.86916,0.0302672,0.0204749,0.258619,0.0877403,0.00222364,0.597508,0.100394,0.05087,0.146529,1.24709,0.0606141,-3.87426,0.0672679,0.0252677,-4.72021,0.00427241,0.000344296,All
-4.86837,0.0375388,0.00742818,0.551171,0.571516,0.322038,1.33668,0.0220386,0.00392855,0.673964,0.240527,0.0389834,-5.80833,0.0326407,0.0223874,0.275089,0.143085,0.00409849,0.713063,0.0998924,0.0624477,0.167764,1.46731,0.0895258,-3.83395,0.0735182,0.0281036,-4.69873,0.00545892,0.000448333,All
-4.83908,0.0427063,0.00860182,0.660159,0.50701,0.380758,1.36649,0.0255589,0.00463677,0.739909,0.295739,0.0566782,-5.74751,0.0351515,0.0244484,0.29156,0.218592,0.00704799,0.828617,0.0989497,0.0739393,0.188999,1.63479,0.122556,-3.79364,0.0801796,0.0311997,-4.67725,0.00693789,0.000580894,All
-4.8098,0.0484462,0.00993507,0.769146,0.449196,0.432799,1.39629,0.0295477,0.00545679,0.805853,0.347344,0.0779082,-5.68668,0.0378028,0.0266664,0.308031,0.315716,0.0114182,0.944172,0.0977771,0.0853071,0.210234,1.75111,0.158593,-3.75334,0.0872599,0.0345727,-4.65577,0.00877069,0.000748903,All
-4.78051,0.0548001,0.0114453,0.878134,0.398565,0.478933,1.4261,0.0340506,0.00640323,0.871797,0.393347,0.102365,-5.62586,0.0405977,0.0290501,0.324501,0.434353,0.0175665,1.05973,0.0964929,0.0965322,0.23147,1.82171,0.196602,-3.71303,0.0947648,0.0382396,-4.63429,0.0110288,0.000960709,All
-4.75123,0.0618101,0.0131511,0.987121,0.354612,0.519919,1.4559,0.0391154,0.00749214,0.937742,0.432509,0.129635,-5.56503,0.0435386,0.0316082,0.340972,0.572775,0.0258353,1.17528,0.0951659,0.107606,0.252705,1.8536,0.235687,-3.67272,0.102698,0.0422177,-4.61281,0.0137945,0.00122631,All
-4.72194,0.0695172,0.0150723,1.09611,0.316545,0.556444,1.48571,0.044791,0.00874099,1.00369,0.464237,0.159244,-5.50421,0.0466278,0.0343496,0.357443,0.727763,0.0365257,1.29084,0.093837,0.118526,0.27394,1.854,0.275103,-3.63242,0.11106,0.0465241,-4.59133,0.0171621,0.0015576,All
-4.69266,0.0779616,0.0172299,1.2051,0.283549,0.589102,1.51551,0.0511277,0.0101687,1.06963,0.488447,0.190697,-5.44338,0.0498669,0.0372835,0.373913,0.894901,0.0498756,1.40639,0.0925305,0.129293,0.295175,1.82963,0.314252,-3.59211,0.11985,0.0511763,-4.56985,0.0212384,0.00196864,All
-4.66337,0.0871814,0.0196461,1.31408,0.254876,0.618407,1.54532,0.0581757,0.0117958,1.13557,0.505424,0.223506,-5.38256,0.0532568,0.040419,0.390384,1.06898,0.0660431,1.52194,0.0912611,0.139912,0.31641,1.78641,0.352674,-3.55181,0.129061,0.0561912,-4.54837,0.0261432,0.0024759,All
-4.63409,0.0972127,0.0223441,1.42307,0.229881,0.644793,1.57512,0.0659856,0.0136442,1.20152,0.5157,0.25721,-5.32173,0.0567983,0.0437654,0.406855,1.24441,0.0850967,1.6375,0.0900373,0.150386,0.337645,1.72934,0.390024,-3.5115,0.138688,0.0615858,-4.5269,0.0320098,0.00309859,All
-4.6048,0.108088,0.0253481,1.53206,0.208011,0.668629,1.60493,0.0746066,0.0157373,1.26746,0.519956,0.291388,-5.2609,0.0604912,0.0473317,0.423325,1.41568,0.107013,1.75305,0.0888634,0.160722,0.358881,1.66256,0.426051,-3.47119,0.148718,0.0673766,-4.50542,0.0389846,0.00385891,All
-4.57552,0.119836,0.0286833,1.64105,0.188806,0.69023,1.63473,0.0840865,0.0181001,1.33341,0.518946,0.32567,-5.20008,0.0643347,0.0511272,0.439796,1.57763,0.13168,1.86861,0.0877418,0.170926,0.380116,1.5894,0.460588,-3.43089,0.159136,0.0735795,-4.48394,0.0472269,0.00478237,All
-4.54623,0.13248,0.0323756,1.75003,0.171876,0.709866,1.66454,0.0944706,0.0207587,1.39935,0.51344,0.359733,-5.13925,0.0683275,0.0551611,0.456267,1.72582,0.158906,1.98416,0.0866729,0.181002,0.401351,1.5125,0.493527,-3.39058,0.169925,0.0802099,-4.46246,0.0569078,0.005898,All
-4.51695,0.14604,0.0364516,1.85902,0.156898,0.727766,1.69434,0.105801,0.0237409,1.4653,0.504185,0.393305,-5.07843,0.0724673,0.0594423,0.472738,1.85662,0.188435,2.09972,0.0856563,0.190959,0.422586,1.4339,0.524812,-3.35027,0.181061,0.0872823,-4.44098,0.0682088,0.00723863,All
-4.48766,0.160526,0.0409382,1.96801,0.143601,0.744127,1.72415,0.118114,0.0270753,1.53124,0.491883,0.426162,-5.0176,0.0767512,0.0639798,0.489208,1.96737,0.219956,2.21527,0.0846908,0.2008,0.443821,1.35519,0.554425,-3.30997,0.192521,0.0948101,-4.4195,0.0813197,0.00884108,All
-4.45838,0.175945,0.0458627,2.077,0.131756,0.75912,1.75396,0.131442,0.0307918,1.59718,0.47717,0.458126,-4.95678,0.0811755,0.0687821,0.505679,2.05634,0.253123,2.33083,0.0837751,0.210533,0.465056,1.27755,0.582376,-3.26966,0.204273,0.102806,-4.39802,0.0964354,0.0107463,All
-4.42909,0.192293,0.0512523,2.18598,0.121169,0.772892,1.78376,0.14581,0.034921,1.66313,0.460617,0.489055,-4.89595,0.0857356,0.0738576,0.52215,2.12274,0.28757,2.44638,0.0829074,0.220163,0.486291,1.20184,0.608697,-3.22936,0.216285,0.111281,-4.37654,0.113753,0.0129995,All
-4.39981,0.209558,0.0571342,2.29497,0.111679,0.785572,1.81357,0.161237,0.0394942,1.72907,0.442722,0.518846,-4.83513,0.0904261,0.0792145,0.53862,2.16657,0.322925,2.56194,0.082086,0.229696,0.507527,1.12868,0.633436,-3.18905,0.228519,0.120244,-4.35506,0.133468,0.0156501,All
-4.37052,0.22772,0.0635349,2.40396,0.103147,0.79727,1.84337,0.17773,0.044543,1.79502,0.423914,0.547425,-4.7743,0.0952409,0.0848606,0.555091,2.18852,0.35882,2.67749,0.081309,0.239136,0.528762,1.05849,0.656653,-3.14874,0.240936,0.129704,-4.33358,0.155768,0.0187516,All
-4.34124,0.246747,0.0704802,2.51295,0.0954547,0.808086,1.87318,0.19529,0.0500994,1.86096,0.404557,0.574744,-4.71347,0.100173,0.0908031,0.571562,2.18987,0.394905,2.79305,0.0805747,0.248489,0.549997,0.991544,0.678414,-3.10844,0.253491,0.139668,-4.3121,0.180827,0.0223614,All
-4.31195,0.2666,0.0779949,2.62193,0.0885013,0.818104,1.90298,0.213904,0.0561948,1.92691,0.384955,0.600776,-4.65265,0.105214,0.0970489,0.588032,2.1723,0.430853,2.9086,0.0798814,0.257759,0.571232,0.927981,0.698788,-3.06813,0.266137,0.15014,-4.29062,0.208802,0.0265405,All
-4.28267,0.287225,0.0861024,2.73092,0.0822001,0.8274,1.93279,0.233549,0.0628605,1.99285,0.365359,0.625515,-4.59182,0.110355,0.103604,0.604503,2.13779,0.46637,3.02416,0.0792274,0.266951,0.592467,0.867862,0.71785,-3.02782,0.278824,0.161123,-4.26915,0.239825,0.031353,All
-4.25338,0.30856,0.0948246,2.83991,0.0764763,0.836042,1.96259,0.254191,0.0701267,2.0588,0.345972,0.648968,-4.531,0.115587,0.110476,0.620974,2.0885,0.501194,3.13971,0.078611,0.276071,0.613702,0.811179,0.735671,-2.98752,0.291499,0.172617,-4.24767,0.273992,0.0368655,All
-4.2241,0.330531,0.104181,2.9489,0.0712651,0.844089,1.9924,0.275779,0.0780224,2.12474,0.326957,0.671153,-4.47017,0.120898,0.117667,0.637444,2.02667,0.535099,3.25526,0.0780309,0.285121,0.634938,0.757874,0.752325,-2.94721,0.304106,0.18462,-4.22619,0.311365,0.0431462,All
-4.19481,0.353054,0.114189,3.05788,0.0665105,0.851593,2.0222,0.298253,0.0865749,2.19068,0.308439,0.6921,-4.40935,0.126278,0.125184,0.653915,1.95451,0.567898,3.37082,0.0774855,0.294106,0.656173,0.707849,0.767881,-2.90691,0.316589,0.19713,-4.20471,0.351954,0.0502642,All
-4.16553,0.376031,0.124864,3.16687,0.0621634,0.858601,2.05201,0.321536,0.0958095,2.25663,0.290514,0.711846,-4.34852,0.131715,0.13303,0.670386,1.87416,0.599438,3.48637,0.0769736,0.30303,0.677408,0.660986,0.78241,-2.8666,0.328888,0.210139,-4.18323,0.395721,0.0582883,All
-4.13624,0.399358,0.136217,3.27586,0.0581812,0.865156,2.08181,0.345537,0.105749,2.32257,0.273254,0.73043,-4.28769,0.137195,0.141209,0.686856,1.78765,0.629602,3.60193,0.0764939,0.311896,0.698643,0.617147,0.795975,-2.82629,0.340943,0.223639,-4.16175,0.442567,0.0672857,All
-4.10696,0.422919,0.148256,3.38485,0.0545263,0.871295,2.11162,0.370153,0.116413,2.38852,0.256705,0.7479,-4.22687,0.142704,0.149721,0.703327,1.69682,0.658302,3.71748,0.0760454,0.320709,0.719878,0.576185,0.80864,-2.78599,0.352694,0.237619,-4.14027,0.492328,0.0773211,All
-4.07767,0.446587,0.160988,3.49383,0.0511659,0.877052,2.14142,0.395266,0.127819,2.45446,0.2409,0.764303,-4.16604,0.148228,0.158569,0.719798,1.60333,0.685483,3.83304,0.0756268,0.329472,0.741113,0.537947,0.820465,-2.74568,0.36408,0.252066,-4.11879,0.544774,0.0884545,All
-4.04839,0.470231,0.174413,3.60282,0.0480709,0.882458,2.17123,0.420744,0.139979,2.52041,0.225855,0.779689,-4.10522,0.153753,0.167753,0.736269,1.50866,0.711112,3.94859,0.0752373,0.338188,0.762348,0.502279,0.831505,-2.70537,0.375039,0.266963,-4.09731,0.599604,0.100741,All
-4.0191,0.493709,0.188528,3.71181,0.0452157,0.887539,2.20103,0.446445,0.152902,2.58635,0.211574,0.794108,-4.04439,0.159262,0.177273,0.752739,1.41408,0.735181,4.06415,0.0748759,0.346861,0.783584,0.469028,0.841814,-2.66507,0.385512,0.282292,-4.07583,0.656446,0.114227,All
-3.98982,0.516876,0.203326,3.82079,0.0425776,0.892322,2.23084,0.472214,0.166592,2.65229,0.198053,0.80761,-3.98357,0.16474,0.187127,0.76921,1.32066,0.7577,4.1797,0.0745419,0.355494,0.804819,0.438046,0.851441,-2.62476,0.395441,0.298033,-4.05435,0.714858,0.128952,All
-3.96053,0.539581,0.218797,3.92978,0.0401364,0.896827,2.26064,0.497887,0.18105,2.71824,0.185278,0.820245,-3.92274,0.170169,0.197313,0.785681,1.22929,0.778696,4.29526,0.0742344,0.36409,0.826054,0.409187,0.860433,-2.58446,0.404769,0.314161,-4.03288,0.77433,0.144944,All
-3.93125,0.561672,0.234923,4.03877,0.0378741,0.901077,2.29045,0.523292,0.196269,2.78418,0.173233,0.832062,-3.86192,0.175533,0.207827,0.802151,1.14068,0.79821,4.41081,0.0739527,0.372651,0.847289,0.382313,0.868834,-2.54415,0.413442,0.330653,-4.0114,0.834294,0.162219,All
-3.90196,0.582994,0.251686,4.14776,0.0357748,0.905089,2.32026,0.54825,0.212239,2.85013,0.161894,0.843108,-3.80109,0.180815,0.218665,0.818622,1.05541,0.81629,4.52637,0.0736963,0.381182,0.868524,0.357292,0.876683,-2.50384,0.421409,0.347481,-3.98992,0.894125,0.180782,All
-3.87268,0.603393,0.26906,4.25674,0.033824,0.90888,2.35006,0.572577,0.228944,2.91607,0.151236,0.853429,-3.74026,0.185997,0.229821,0.835093,0.973893,0.832997,4.64192,0.0734645,0.389684,0.889759,0.333997,0.88402,-2.46354,0.428622,0.364614,-3.96844,0.953156,0.200623,All
-3.84339,0.622719,0.287016,4.36573,0.032009,0.912467,2.37987,0.596088,0.246363,2.98202,0.141231,0.863069,-3.67944,0.191062,0.241289,0.851563,0.896425,0.848394,4.75747,0.0732569,0.398161,0.910995,0.31231,0.89088,-2.42323,0.435038,0.382022,-3.94696,1.01068,0.221718,All
-3.81411,0.640825,0.305521,4.47472,0.0303182,0.915862,2.40967,0.618597,0.264467,3.04796,0.13185,0.87207,-3.61861,0.195992,0.253061,0.868034,0.823201,0.86255,4.87303,0.0730729,0.406615,0.93223,0.29212,0.897295,-2.38292,0.440618,0.399672,-3.92548,1.06599,0.244025,All
-3.78482,0.65757,0.324536,4.58371,0.0287412,0.919079,2.43948,0.639921,0.283226,3.1139,0.123063,0.880471,-3.55779,0.200771,0.265129,0.884505,0.754321,0.875535,4.98858,0.0729123,0.41505,0.953465,0.273322,0.903296,-2.34262,0.445327,0.41753,-3.904,1.11835,0.26749,All
-3.75554,0.672821,0.34402,4.69269,0.0272688,0.922131,2.46928,0.659882,0.3026,3.17985,0.114839,0.888313,-3.49696,0.20538,0.277482,0.900975,0.68981,0.887422,5.10414,0.0727745,0.423467,0.9747,0.255818,0.908912,-2.30231,0.449136,0.435559,-3.88252,1.16705,0.292041,All
-3.72625,0.686455,0.363928,4.80168,0.0258923,0.925027,2.49909,0.678308,0.322547,3.24579,0.107149,0.895629,-3.43614,0.209804,0.29011,0.917446,0.629631,0.898282,5.21969,0.0726594,0.431869,0.995935,0.239515,0.914169,-2.26201,0.452021,0.453723,-3.86104,1.21139,0.317593,All
-3.69697,0.698362,0.384209,4.91067,0.0246043,0.927778,2.52889,0.695038,0.343017,3.31174,0.0999622,0.902455,-3.37531,0.214025,0.303,0.933917,0.573695,0.908186,5.33525,0.0725666,0.44026,1.01717,0.22433,0.919092,-2.2217,0.453963,0.471985,-3.83956,1.25074,0.344044,All
-3.66768,0.708442,0.404813,5.01966,0.0233977,0.930393,2.5587,0.709924,0.36396,3.37768,0.0932501,0.908823,-3.31449,0.218028,0.316142,0.950387,0.521877,0.917203,5.4508,0.072496,0.448641,1.03841,0.210182,0.923704,-2.18139,0.454952,0.490306,-3.81808,1.2845,0.371282,All
-3.6384,0.71661,0.425684,5.12864,0.0222663,0.932881,2.5885,0.722829,0.385317,3.44363,0.0869844,0.914764,-3.25366,0.221797,0.329519,0.966858,0.474018,0.925399,5.56636,0.0724474,0.457015,1.05964,0.196997,0.928025,-2.14109,0.454979,0.508647,-3.7966,1.31217,0.399181,All
-3.60911,0.722798,0.446765,5.23763,0.0212044,0.935249,2.61831,0.733636,0.407027,3.50957,0.0811379,0.920305,-3.19283,0.225319,0.343118,0.983329,0.429938,0.932839,5.68191,0.0724207,0.465385,1.08088,0.184706,0.932077,-2.10078,0.454046,0.52697,-3.77513,1.33331,0.427604,All
-3.57983,0.726953,0.467998,5.34662,0.0202068,0.937505,2.64811,0.742245,0.429027,3.57551,0.0756848,0.925474,-3.13201,0.228579,0.356924,0.999799,0.389443,0.939582,5.79747,0.0724157,0.473753,1.10211,0.173246,0.935876,-2.06047,0.452157,0.545236,-3.75365,1.3476,0.456408,All
-3.55054,0.72904,0.489323,5.45561,0.0192688,0.939656,2.67792,0.748573,0.45125,3.64146,0.0706001,0.930295,-3.07118,0.231563,0.37092,1.01627,0.352329,0.945686,5.91302,0.0724326,0.482122,1.12335,0.162557,0.93944,-2.02017,0.449326,0.563407,-3.73217,1.3548,0.485444,All
-3.52126,0.72904,0.510677,5.56459,0.018386,0.941707,2.70772,0.752563,0.473627,3.7074,0.0658602,0.934793,-3.01036,0.234261,0.385088,1.03274,0.318388,0.951205,6.02858,0.0724712,0.490494,1.14458,0.152585,0.942785,-1.97986,0.445569,0.581445,-3.71069,1.3548,0.514556,All
-3.49197,0.726953,0.532002,5.67358,0.0175544,0.943665,2.73753,0.754175,0.496087,3.77335,0.0614427,0.938988,-2.94953,0.236662,0.399412,1.04921,0.28741,0.956191,6.14413,0.0725317,0.498872,1.16582,0.143278,0.945925,-1.93956,0.440911,0.599313,-3.68921,1.3476,0.543592,All
-3.46269,0.722798,0.553235,5.78257,0.0167705,0.945535,2.76733,0.753395,0.51856,3.83929,0.0573264,0.942903,-2.88871,0.238755,0.413872,1.06568,0.25919,0.960688,6.25968,0.0726142,0.507258,1.18705,0.134589,0.948874,-1.89925,0.43538,0.616976,-3.66773,1.33331,0.572396,All
-3.4334,0.71661,0.574316,5.89156,0.0160309,0.947322,2.79714,0.75023,0.540974,3.90524,0.0534913,0.946555,-2.82788,0.240532,0.42845,1.08215,0.233525,0.964743,6.37524,0.0727188,0.515654,1.20829,0.126474,0.951645,-1.85894,0.42901,0.634399,-3.64625,1.31217,0.600819,All
-3.40412,0.708442,0.595187,6.00054,0.0153326,0.949031,2.82694,0.74471,0.563258,3.97118,0.0499186,0.949963,-2.76706,0.241986,0.443127,1.09862,0.210222,0.968394,6.49079,0.0728456,0.524064,1.22952,0.118893,0.954249,-1.81864,0.421841,0.651549,-3.62477,1.2845,0.628718,All
-3.37483,0.698362,0.615791,6.10953,0.0146727,0.950666,2.85675,0.736887,0.585343,4.03712,0.0465905,0.953144,-2.70623,0.243111,0.457881,1.11509,0.189095,0.97168,6.60635,0.0729951,0.53249,1.25076,0.111808,0.956698,-1.77833,0.413916,0.668394,-3.60329,1.25074,0.655956,All
-3.34555,0.686455,0.636072,6.21852,0.0140488,0.952231,2.88656,0.726835,0.607162,4.10307,0.0434904,0.956113,-2.6454,0.243902,0.472695,1.13156,0.169965,0.974634,6.7219,0.0731674,0.540935,1.27199,0.105185,0.959001,-1.73802,0.405282,0.684906,-3.58181,1.21139,0.682407,All
-3.31626,0.672821,0.65598,6.32751,0.0134584,0.953729,2.91636,0.714648,0.628649,4.16901,0.0406028,0.958885,-2.58458,0.244356,0.487546,1.14804,0.152667,0.977288,6.83746,0.0733629,0.549401,1.29323,0.0989905,0.961168,-1.69772,0.39599,0.701056,-3.56033,1.16705,0.707959,All
-3.28698,0.65757,0.675464,6.43649,0.0128993,0.955165,2.94617,0.700437,0.649743,4.23496,0.0379131,0.961473,-2.52375,0.24447,0.502414,1.16451,0.137042,0.979672,6.95301,0.073582,0.557891,1.31446,0.0931953,0.963208,-1.65741,0.386094,0.71682,-3.53886,1.11835,0.73251,All
-3.25769,0.640825,0.694479,6.54548,0.0123696,0.956542,2.97597,0.684332,0.670384,4.3009,0.0354076,0.963889,-2.46293,0.244245,0.517279,1.18098,0.122945,0.981811,7.06857,0.0738251,0.566407,1.3357,0.0877716,0.965129,-1.61711,0.375651,0.732173,-3.51738,1.06599,0.755975,All
-3.22841,0.622719,0.712984,6.65447,0.0118673,0.957863,3.00578,0.666479,0.690519,4.36685,0.0330736,0.966146,-2.4021,0.243682,0.53212,1.19745,0.110239,0.98373,7.18412,0.0740927,0.574953,1.35693,0.0826937,0.966938,-1.5768,0.364718,0.747095,-3.4959,1.01068,0.778282,All
-3.19912,0.603393,0.73094,6.76346,0.0113907,0.95913,3.03558,0.647034,0.710097,4.43279,0.0308992,0.968255,-2.34128,0.242782,0.546916,1.21392,0.098797,0.98545,7.29968,0.0743855,0.583532,1.37817,0.0779379,0.968643,-1.53649,0.353355,0.761568,-3.47442,0.953156,0.799377,All
-3.16984,0.582994,0.748314,6.87244,0.0109383,0.960346,3.06539,0.626164,0.729075,4.49873,0.0288734,0.970225,-2.28045,0.24155,0.561648,1.23039,0.0885023,0.986991,7.41523,0.074704,0.592146,1.3994,0.073482,0.97025,-1.49619,0.341623,0.775575,-3.45294,0.894125,0.819218,All
-3.14055,0.561672,0.765077,6.98143,0.0105085,0.961515,3.09519,0.604047,0.747411,4.56468,0.0269858,0.972066,-2.21963,0.23999,0.576294,1.24686,0.0792471,0.988371,7.53079,0.0750489,0.600798,1.42064,0.0693056,0.971766,-1.45588,0.329584,0.789103,-3.43146,0.834294,0.837781,All
-3.11127,0.539581,0.781203,7.09042,0.0101,0.962638,3.125,0.580864,0.765072,4.63062,0.0252267,0.973787,-2.1588,0.23811,0.590836,1.26333,0.0709326,0.989606,7.64634,0.075421,0.609491,1.44187,0.0653898,0.973196,-1.41557,0.317297,0.80214,-3.40998,0.77433,0.855056,All
-3.08198,0.516876,0.796674,7.19941,0.00971146,0.963717,3.1548,0.5568,0.782028,4.69657,0.0235873,0.975396,-2.09797,0.235916,0.605254,1.2798,0.0634683,0.990712,7.76189,0.0758211,0.618229,1.46311,0.0617169,0.974545,-1.37527,0.304823,0.814679,-3.3885,0.714858,0.871048,All
-3.0527,0.493709,0.811472,7.30839,0.00934175,0.964755,3.18461,0.532041,0.798256,4.76251,0.0220591,0.9769,-2.03715,0.233418,0.61953,1.29627,0.0567715,0.991701,7.87745,0.0762501,0.627015,1.48434,0.0582706,0.975818,-1.33496,0.292221,0.826711,-3.36702,0.656446,0.885773,All
-3.02341,0.470231,0.825587,7.41738,0.00898975,0.965754,3.21441,0.506771,0.813738,4.82846,0.0206345,0.978307,-1.97632,0.230625,0.633644,1.31274,0.0507667,0.992586,7.993,0.0767091,0.635852,1.50558,0.0550358,0.977021,-1.29466,0.279549,0.838234,-3.34554,0.599604,0.899259,All
-2.99413,0.446587,0.839012,7.52637,0.00865443,0.966715,3.24422,0.481171,0.828461,4.8944,0.0193061,0.979624,-1.9155,0.22755,0.64758,1.32921,0.0453852,0.993377,8.10856,0.077199,0.644745,1.52681,0.0519983,0.978157,-1.25435,0.266861,0.849246,-3.32406,0.544774,0.911545,All
-2.96484,0.422919,0.851744,7.63536,0.00833482,0.967641,3.27402,0.455417,0.842419,4.96035,0.0180674,0.980855,-1.85467,0.224204,0.66132,1.34568,0.0405647,0.994084,8.22411,0.0777211,0.653695,1.54805,0.0491452,0.979231,-1.21404,0.254212,0.859747,-3.30259,0.492328,0.922679,All
-2.93556,0.399358,0.863783,7.74434,0.00803006,0.968533,3.30383,0.429674,0.855609,5.02629,0.0169119,0.982008,-1.79385,0.2206,0.674849,1.36215,0.0362488,0.994716,8.33967,0.0782766,0.662708,1.56928,0.0464642,0.980246,-1.17374,0.24165,0.86974,-3.28111,0.442567,0.932714,All
-2.90627,0.376031,0.875136,7.85333,0.00773928,0.969392,3.33363,0.404101,0.868034,5.09223,0.015834,0.983088,-1.73302,0.216753,0.688151,1.37863,0.032386,0.995281,8.45522,0.078867,0.671787,1.59052,0.0439441,0.981205,-1.13343,0.229224,0.879229,-3.25963,0.395721,0.941712,All
-2.87699,0.353054,0.885811,7.96232,0.00746173,0.97022,3.36344,0.378846,0.879701,5.15818,0.0148283,0.984098,-1.67219,0.212678,0.701213,1.3951,0.0289302,0.995785,8.57078,0.0794937,0.680936,1.61175,0.0415744,0.982113,-1.09312,0.216978,0.888221,-3.23815,0.351954,0.949736,All
-2.8477,0.330531,0.895819,8.07131,0.00719667,0.971019,3.39325,0.354043,0.890622,5.22412,0.0138897,0.985045,-1.61137,0.208389,0.71402,1.41157,0.0258396,0.996236,8.68633,0.0801584,0.69016,1.63299,0.0393453,0.982972,-1.05282,0.204952,0.896723,-3.21667,0.311365,0.956854,All
-2.81842,0.30856,0.905175,8.18029,0.00694343,0.971789,3.42305,0.329815,0.900811,5.29007,0.0130135,0.985931,-1.55054,0.203903,0.726559,1.42804,0.0230764,0.996638,8.80189,0.0808627,0.699463,1.65422,0.0372477,0.983785,-1.01251,0.193184,0.904746,-3.19519,0.273992,0.963135,All
-2.78913,0.287225,0.913898,8.28928,0.00670136,0.972533,3.45286,0.306271,0.910289,5.35601,0.0121956,0.986762,-1.48972,0.199237,0.738821,1.44451,0.0206065,0.996997,8.91744,0.0816086,0.70885,1.67546,0.0352733,0.984555,-0.972205,0.181707,0.9123,-3.17371,0.239825,0.968647,All
-2.75985,0.2666,0.922005,8.39827,0.00646987,0.97325,3.48266,0.283506,0.919076,5.42196,0.0114317,0.987541,-1.42889,0.194407,0.750794,1.46098,0.0183995,0.997318,9.033,0.0823982,0.718325,1.6967,0.033414,0.985284,-0.931899,0.170552,0.919398,-3.15223,0.208802,0.973459,All
-2.73056,0.246747,0.92952,8.50726,0.0062484,0.973943,3.51247,0.261602,0.927197,5.4879,0.0107183,0.988271,-1.36807,0.189431,0.762468,1.47745,0.0164278,0.997605,9.14855,0.0832336,0.727895,1.71793,0.0316627,0.985975,-0.891593,0.159742,0.926053,-3.13075,0.180827,0.977639,All
-2.70128,0.22772,0.936465,8.61624,0.00603643,0.974613,3.54227,0.240624,0.93468,5.55384,0.0100518,0.988956,-1.30724,0.184326,0.773835,1.49392,0.0146667,0.997861,9.2641,0.0841172,0.737563,1.73917,0.0300125,0.986629,-0.851286,0.149302,0.93228,-3.10927,0.155768,0.981248,All
-2.67199,0.209558,0.942866,8.72523,0.00583346,0.975259,3.57208,0.220627,0.941551,5.61979,0.00942905,0.989598,-1.24642,0.17911,0.784889,1.51039,0.0130939,0.998089,9.37966,0.0850514,0.747337,1.7604,0.028457,0.98725,-0.81098,0.13925,0.938094,-3.08779,0.133468,0.98435,All
-2.64271,0.192293,0.948748,8.83422,0.00563904,0.975885,3.60188,0.201651,0.947841,5.68573,0.00884699,0.9902,-1.18559,0.1738,0.795622,1.52686,0.0116895,0.998293,9.49521,0.086039,0.757221,1.78164,0.0269902,0.987838,-0.770674,0.1296,0.943511,-3.06631,0.113753,0.987,All
-2.61342,0.175945,0.954137,8.94321,0.00545273,0.976489,3.63169,0.183722,0.953582,5.75168,0.00830286,0.990765,-1.12476,0.168412,0.80603,1.54333,0.0104357,0.998475,9.61077,0.0870827,0.767223,1.80287,0.0256068,0.988397,-0.730367,0.120364,0.948547,-3.04484,0.0964354,0.989254,All
-2.58414,0.160526,0.959062,9.05219,0.00527412,0.977073,3.66149,0.166857,0.958804,5.81762,0.00779408,0.991296,-1.06394,0.162966,0.816109,1.5598,0.00931646,0.998637,9.72632,0.0881856,0.777349,1.82411,0.0243015,0.988927,-0.690061,0.111551,0.95322,-3.02336,0.0813197,0.991159,All
-2.55485,0.14604,0.963548,9.16118,0.00510282,0.977639,3.6913,0.15106,0.963539,5.88357,0.00731824,0.991794,-1.00311,0.157476,0.825855,1.57627,0.00831741,0.998782,9.84188,0.0893506,0.787606,1.84534,0.0230695,0.989429,-0.649755,0.103164,0.957545,-3.00188,0.0682088,0.992761,All
-2.52557,0.13248,0.967624,9.27017,0.00493849,0.978186,3.7211,0.136325,0.967819,5.94951,0.00687311,0.992262,-0.942288,0.15196,0.835265,1.59274,0.00742573,0.998912,9.95743,0.090581,0.798002,1.86658,0.0219063,0.989907,-0.609449,0.0952064,0.961542,-2.9804,0.0569078,0.994102,All
-2.49628,0.119836,0.971317,9.37916,0.00478076,0.978716,3.75091,0.122637,0.971676,6.01545,0.00645661,0.992701,-0.881462,0.146434,0.84434,1.60921,0.00662992,0.999028,10.073,0.0918796,0.808543,1.88781,0.0208077,0.99036,-0.569142,0.0876771,0.965226,-2.95892,0.0472269,0.995218,All
-2.467,0.108088,0.974652,9.48814,0.00462933,0.979228,3.78071,0.109974,0.97514,6.0814,0.00606681,0.993114,-0.820637,0.140913,0.853079,1.62569,0.00591971,0.999131,10.1885,0.0932492,0.819239,1.90905,0.0197699,0.990791,-0.528836,0.0805727,0.968615,-2.93744,0.0389846,0.996141,All
-2.43771,0.0972127,0.977656,9.59713,0.00448389,0.979725,3.81052,0.0983055,0.978241,6.14734,0.00570191,0.993502,-0.759811,0.135412,0.861483,1.64216,0.00528591,0.999223,10.3041,0.0946923,0.830097,1.93028,0.0187891,0.9912,-0.48853,0.0738876,0.971727,-2.91596,0.0320098,0.996901,All
-2.40843,0.0871814,0.980354,9.70612,0.00434415,0.980206,3.84032,0.0875967,0.981009,6.21329,0.00536024,0.993867,-0.698986,0.129945,0.869553,1.65863,0.00472031,0.999305,10.4197,0.0962102,0.841126,1.95152,0.0178619,0.991589,-0.448224,0.067614,0.974577,-2.89448,0.0261432,0.997524,All
-2.37914,0.0779616,0.98277,9.8151,0.00420985,0.980672,3.87013,0.077807,0.983472,6.27923,0.00504025,0.994209,-0.63816,0.124525,0.877292,1.6751,0.00421557,0.999379,10.5352,0.0978028,0.852335,1.97275,0.0169851,0.991959,-0.407917,0.0617425,0.977183,-2.873,0.0212384,0.998031,All
-2.34986,0.0695172,0.984928,9.92409,0.00408074,0.981124,3.89993,0.0688922,0.985656,6.34518,0.00474049,0.994532,-0.577334,0.119166,0.884703,1.69157,0.00376514,0.999444,10.6508,0.0994674,0.863732,1.99399,0.0161558,0.992311,-0.367611,0.0562618,0.97956,-2.85152,0.0171621,0.998442,All
-2.32057,0.0618101,0.986849,10.0331,0.00395656,0.981562,3.92974,0.0608056,0.987587,6.41112,0.00445961,0.994835,-0.516509,0.113879,0.89179,1.70804,0.00336317,0.999503,10.7663,0.101197,0.875325,2.01522,0.0153711,0.992646,-0.327305,0.0511593,0.981723,-2.83004,0.0137945,0.998774,All
-2.29129,0.0548001,0.988555,10.1421,0.00383709,0.981986,3.95955,0.053498,0.989289,6.47706,0.00419638,0.99512,-0.455683,0.108675,0.898558,1.72451,0.00300443,0.999555,10.8819,0.102978,0.887121,2.03646,0.0146284,0.992964,-0.286999,0.0464213,0.983688,-2.80857,0.0110288,0.999039,All
-2.26201,0.0484462,0.990065,10.2511,0.00372212,0.982398,3.98935,0.0469194,0.990783,6.54301,0.00394961,0.995389,-0.394858,0.103566,0.905012,1.74098,0.00268426,0.999602,10.9974,0.104784,0.899125,2.05769,0.0139252,0.993267,-0.246692,0.0420332,0.98547,-2.78709,0.00877069,0.999251,All
-2.23272,0.0427063,0.991398,10.36,0.00361144,0.982798,4.01916,0.0410194,0.992092,6.60895,0.00371822,0.995642,-0.334032,0.0985592,0.911159,1.75745,0.00239849,0.999644,11.113,0.106569,0.911337,2.07893,0.0132593,0.993556,-0.206386,0.0379795,0.987081,-2.76561,0.00693789,0.999419,All
-2.20344,0.0375388,0.992572,10.469,0.00350487,0.983186,4.04896,0.0357475,0.993235,6.6749,0.00350121,0.99588,-0.273206,0.0936646,0.917005,1.77392,0.00214342,0.999681,11.2285,0.108249,0.92375,2.10016,0.0126285,0.993831,-0.16608,0.0342443,0.988536,-2.74413,0.00545892,0.999552,All
-2.17415,0.0329021,0.993602,10.578,0.00340221,0.983562,4.07877,0.0310545,0.994229,6.74084,0.00329763,0.996104,-0.212381,0.0888894,0.922556,1.79039,0.00191573,0.999715,11.3441,0.109673,0.936345,2.1214,0.0120308,0.994092,-0.125774,0.0308112,0.989846,-2.72265,0.00427241,0.999656,All
-2.14487,0.0287556,0.994504,10.687,0.00330329,0.983927,4.10857,0.0268921,0.995091,6.80679,0.00310661,0.996315,-0.151555,0.0842405,0.927821,1.80686,0.00171246,0.999745,11.4596,0.110551,0.949076,2.14263,0.0114642,0.994342,-0.0854674,0.0276637,0.991023,-2.70117,0.00332602,0.999737,All
-2.11558,0.0250598,0.995291,10.796,0.00320796,0.984282,4.13838,0.0232137,0.995837,6.87273,0.00292733,0.996514,-0.0907297,0.079724,0.932807,1.82333,0.00153098,0.999771,11.5752,0.1103,0.961852,2.16387,0.0109271,0.994579,-0.0451611,0.0247854,0.99208,-2.67969,0.00257551,0.9998,All
-2.0863,0.0217764,0.995975,10.905,0.00311605,0.984627,4.16818,0.019975,0.996479,6.93867,0.00275903,0.996701,-0.0299041,0.0753448,0.937522,1.8398,0.00136893,0.999795,11.6908,0.107603,0.974475,2.1851,0.0104177,0.994806,-0.00485485,0.0221596,0.993025,-2.65821,0.00198375,0.999849,All
