ID,time,prediction_pwRes,pwRes,pwRes_simBlq,prediction_iwRes_mean,iwRes_mean,iwRes_mean_simBlq,prediction_iwRes_mode,iwRes_mode,iwRes_mode_simBlq,prediction_npde,npde,npde_simBlq,censored,split,color,filter
7,1,0,2.20028,0.0581415,0,3.36426,1.16782,0,3.36426,0.163452,0,1.68497,0.264335,1,All,#4682B4,0
7,1.5,0,0.834163,-0.382982,1.04676,2.1904,0.152635,1.13929,2.08664,1.0057,0,0.861707,-0.17016,1,All,#4682B4,0
7,2,3.5826,0.14342,-0.153236,1.60031,1.56964,0.850152,1.67171,1.48957,-0.272926,3.5826,0.199925,0.0145679,1,All,#4682B4,0
7,2.5,5.76448,-0.362182,-0.560631,2.19881,0.898468,0.581277,2.24548,0.846137,-0.930442,5.76448,-0.330095,-0.451959,1,All,#4682B4,0
7,3,6.81659,-0.752127,-0.779843,2.84716,0.171399,-0.112937,2.86477,0.151653,-0.516131,6.81659,-0.723521,-0.724453,1,All,#4682B4,0
7,3.5,7.41803,-0.745416,-0.745416,3.55129,0.445999,0.445999,3.53373,0.465688,0.465688,7.41803,-0.852689,-0.852689,0,All,#4682B4,0
7,4,7.74725,-1.36983,-1.37301,4.3186,-1.47871,-1.50314,4.25853,-1.41134,-1.50098,7.74725,-1.2704,-1.27318,1,All,#4682B4,0
7,4.5,7.86687,-0.712749,-0.712749,5.1561,0.100814,0.100814,5.04551,0.224832,0.224832,7.86687,-1.03299,-1.03299,0,All,#4682B4,0
7,5,7.84145,-0.719116,-0.719116,6.06991,-0.43949,-0.43949,5.89951,-0.248402,-0.248402,7.84145,-1.15462,-1.15462,0,All,#4682B4,0
7,5.5,7.73425,0.133425,0.133425,7.03398,0.348787,0.348787,6.80348,0.607276,0.607276,7.73425,-0.0174395,-0.0174395,0,All,#4682B4,0
7,6,7.58783,0.880683,0.880683,7.78818,0.812826,0.812826,7.58121,1.04493,1.04493,7.58783,1.05474,1.05474,0,All,#4682B4,0
7,6.5,7.41945,0.530146,0.530146,7.87629,-0.04967,-0.04967,7.80135,0.0343704,0.0343704,7.41945,0.582885,0.582885,0,All,#4682B4,0
7,7,7.20759,-0.0292374,-0.0292374,7.61195,-0.740085,-0.740085,7.59062,-0.716163,-0.716163,7.20759,-0.130242,-0.130242,0,All,#4682B4,0
7,7.5,6.94586,1.02303,1.02303,7.36409,1.01142,1.01142,7.33167,1.04778,1.04778,6.94586,1.11137,1.11137,0,All,#4682B4,0
7,8,6.63107,0.691266,0.691266,7.2177,0.38723,0.38723,7.1574,0.454853,0.454853,6.63107,0.668045,0.668045,0,All,#4682B4,0
7,8.5,6.26319,0.496949,0.496949,7.1477,0.0160365,0.0160365,7.06027,0.114079,0.114079,6.26319,0.473724,0.473724,0,All,#4682B4,0
7,9,5.8515,0.0402654,0.0402654,7.05125,-0.864895,-0.864895,6.94554,-0.746355,-0.746355,5.8515,-0.0056681,-0.0056681,0,All,#4682B4,0
7,9.5,5.41778,1.46525,1.46525,6.90988,1.30995,1.30995,6.79844,1.43493,1.43493,5.41778,1.64991,1.64991,0,All,#4682B4,0
7,10,4.98897,1.04957,1.04957,6.72689,0.771657,0.771657,6.61499,0.897147,0.897147,4.98897,1.11377,1.11377,0,All,#4682B4,0
7,10.5,4.59455,0.883571,0.883571,6.50146,0.583743,0.583743,6.39152,0.70703,0.70703,4.59455,0.884885,0.884885,0,All,#4682B4,0
7,11,4.24887,0.667183,0.667183,6.23386,0.179586,0.179586,6.12701,0.299408,0.299408,4.24887,0.640369,0.640369,0,All,#4682B4,0
7,11.5,3.95127,0.274418,0.274418,5.91842,-0.424364,-0.424364,5.81402,-0.307293,-0.307293,3.95127,0.302725,0.302725,0,All,#4682B4,0
7,12,3.69209,-0.0466893,-0.0466893,5.5475,-0.821437,-0.821437,5.44584,-0.707433,-0.707433,3.69209,-0.0855479,-0.0855479,0,All,#4682B4,0
7,12.5,3.46178,0.981612,0.981612,5.11268,1.04104,1.04104,5.01421,1.15146,1.15146,3.46178,0.98699,0.98699,0,All,#4682B4,0
7,13,3.24957,-0.60273,-0.60273,4.61081,-1.5238,-1.5238,4.51382,-1.41504,-1.41504,3.24957,-0.589296,-0.589296,0,All,#4682B4,0
7,13.5,3.05361,-0.672606,-0.825944,4.03912,-1.16529,-1.67341,3.94413,-1.05877,-1.31451,3.05361,-0.704434,-0.907274,1,All,#4682B4,0
7,14,2.86553,-0.154657,-0.154657,3.40315,0.133279,0.133279,3.31104,0.236577,0.236577,2.86553,-0.133728,-0.133728,0,All,#4682B4,0
7,14.5,2.68228,-0.239403,-1.87922,2.70487,0.330964,0.0144018,2.61763,0.4288,-0.746281,2.68228,-0.271756,-1.8199,1,All,#4682B4,0
7,15,2.49977,-0.106532,-1.16689,1.95312,1.174,-0.00840533,1.86948,1.26779,0.00113567,2.49977,-0.128481,-1.19383,1,All,#4682B4,0
7,15.5,2.3175,0.0942379,-0.14757,1.15597,2.06794,-0.958745,1.07736,2.15608,0.867777,2.3175,0.0784467,-0.227839,1,All,#4682B4,0
7,16,2.13488,0.230318,-1.20658,0.321053,3.00423,0.467666,0.248311,3.0858,0.42233,2.13488,0.205098,-1.16601,1,All,#4682B4,0
8,1,0,2.15659,0.694153,0,3.36426,0.163452,0,3.36426,0.349432,0,1.74839,0.900259,1,All,#4682B4,0
8,1.5,0,0.836517,-0.109819,0,3.36426,1.62138,0,3.36426,0.574069,0,0.849586,0.186633,1,All,#4682B4,0
8,2,3.5826,0.297409,0.297409,0,4.02141,4.02141,0,4.02141,4.02141,3.5826,0.290687,0.290687,0,All,#4682B4,0
8,2.5,5.76448,-0.340358,-0.388108,0,3.36426,0.257075,0,3.36426,0.457627,5.76448,-0.338988,-0.346956,1,All,#4682B4,0
8,3,6.81659,0.351115,0.351115,6.29632,0.0119774,0.0119774,5.40099,1.01602,1.01602,6.81659,0.100251,0.100251,0,All,#4682B4,0
8,3.5,7.41803,0.499894,0.499894,7.62484,-0.125415,-0.125415,7.29633,0.242974,0.242974,7.41803,0.35382,0.35382,0,All,#4682B4,0
8,4,7.74725,0.711939,0.711939,8.17804,0.244419,0.244419,8.02424,0.416896,0.416896,7.74725,0.769562,0.769562,0,All,#4682B4,0
8,4.5,7.86687,0.725864,0.725864,8.38395,0.191822,0.191822,8.3649,0.213186,0.213186,7.86687,0.851596,0.851596,0,All,#4682B4,0
8,5,7.84145,0.732184,0.732184,8.39787,0.0988297,0.0988297,8.48112,0.00547419,0.00547419,7.84145,0.835275,0.835275,0,All,#4682B4,0
8,5.5,7.73425,0.35924,0.35924,8.32076,-0.751079,-0.751079,8.46516,-0.913015,-0.913015,7.73425,0.330361,0.330361,0,All,#4682B4,0
8,6,7.58783,0.957019,0.957019,8.19803,0.640295,0.640295,8.37918,0.437149,0.437149,7.58783,1.28512,1.28512,0,All,#4682B4,0
8,6.5,7.41945,0.0325644,0.0325644,8.04323,-1.17326,-1.17326,8.25061,-1.40582,-1.40582,7.41945,-0.162124,-0.162124,0,All,#4682B4,0
8,7,7.20759,1.66429,1.66429,7.85754,1.87105,1.87105,8.08754,1.61312,1.61312,7.20759,2.08937,2.08937,0,All,#4682B4,0
8,7.5,6.94586,0.631293,0.631293,7.63776,0.0619442,0.0619442,7.88947,-0.220326,-0.220326,6.94586,0.666496,0.666496,0,All,#4682B4,0
8,8,6.63107,1.02274,1.02274,7.37888,0.945488,0.945488,7.65224,0.638936,0.638936,6.63107,1.28071,1.28071,0,All,#4682B4,0
8,8.5,6.26319,0.567714,0.567714,7.0745,0.128404,0.128404,7.36994,-0.202908,-0.202908,6.26319,0.660855,0.660855,0,All,#4682B4,0
8,9,5.8515,1.13528,1.13528,6.71818,1.39597,1.39597,7.03573,1.03986,1.03986,5.8515,1.29689,1.29689,0,All,#4682B4,0
8,9.5,5.41778,0.815142,0.815142,6.30507,1.21329,1.21329,6.64269,0.834681,0.834681,5.41778,0.798692,0.798692,0,All,#4682B4,0
8,10,4.98897,0.945132,0.945132,5.83234,1.62455,1.62455,6.18624,1.22769,1.22769,4.98897,1.02066,1.02066,0,All,#4682B4,0
8,10.5,4.59455,-0.000299813,-0.000299813,5.30838,0.360671,0.360671,5.67309,-0.04832,-0.04832,4.59455,-0.0401522,-0.0401522,0,All,#4682B4,0
8,11,4.24887,-0.306662,-0.306662,4.76571,0.0283615,0.0283615,5.12559,-0.37522,-0.37522,4.24887,-0.411987,-0.411987,0,All,#4682B4,0
8,11.5,3.95127,0.514387,0.514387,4.27491,2.00071,2.00071,4.60724,1.62803,1.62803,3.95127,0.470829,0.470829,0,All,#4682B4,0
8,12,3.69209,-0.87814,-0.87814,3.89183,-0.448376,-0.448376,4.19169,-0.784644,-0.784644,3.69209,-0.884766,-0.884766,0,All,#4682B4,0
8,12.5,3.46178,-0.442165,-0.442165,3.62703,0.207426,0.207426,3.89136,-0.0889908,-0.0889908,3.46178,-0.477123,-0.477123,0,All,#4682B4,0
8,13,3.24957,-0.796697,-1.24649,3.44527,-0.499336,-0.84515,3.67875,-0.76116,-0.861377,3.24957,-0.784301,-1.2584,1,All,#4682B4,0
8,13.5,3.05361,-0.0911989,-0.0911989,3.3104,0.726235,0.726235,3.51846,0.492912,0.492912,3.05361,-0.167702,-0.167702,0,All,#4682B4,0
8,14,2.86553,-0.456548,-1.02536,3.20489,-0.229765,-0.646037,3.3888,-0.436013,-2.20876,2.86553,-0.502947,-1.03361,1,All,#4682B4,0
8,14.5,2.68228,0.123054,0.123054,3.1138,0.739239,0.739239,3.27257,0.561194,0.561194,2.68228,0.10204,0.10204,0,All,#4682B4,0
8,15,2.49977,-0.13197,-0.2993,3.02301,-0.0258001,-0.63358,3.1637,-0.183577,-1.23281,2.49977,-0.202796,-0.416082,1,All,#4682B4,0
8,15.5,2.3175,0.010688,-0.26636,2.93531,0.0725493,-0.545679,3.05807,-0.065121,-0.584256,2.3175,-0.00118828,-0.334,1,All,#4682B4,0
8,16,2.13488,0.124118,-0.564278,2.84729,0.171249,0.127832,2.95277,0.0529689,-0.136469,2.13488,0.123548,-0.551945,1,All,#4682B4,0
8,16.5,1.95208,0.609869,0.609869,2.75821,0.905874,0.905874,2.84722,0.806051,0.806051,1.95208,0.546592,0.546592,0,All,#4682B4,0
8,17,1.76731,0.968574,0.968574,2.66624,1.55178,1.55178,2.74148,1.4674,1.4674,1.76731,0.978365,0.978365,0,All,#4682B4,0
8,17.5,1.5812,0.827528,0.827528,2.5739,1.10808,1.10808,2.63494,1.03962,1.03962,1.5812,0.804904,0.804904,0,All,#4682B4,0
8,18,1.39373,0.808814,0.808814,2.47922,0.940628,0.940628,2.5274,0.88659,0.88659,1.39373,0.800241,0.800241,0,All,#4682B4,0
8,18.5,1.20475,0.713818,0.19223,2.38441,0.690336,-0.876271,2.41909,0.651441,-0.257666,1.20475,0.679087,0.206222,1,All,#4682B4,0
8,19,1.01433,0.771284,-0.685329,2.28749,0.799027,-1.81422,2.30927,0.774603,-0.474172,1.01433,0.762689,-0.49503,1,All,#4682B4,0
8,19.5,0.822502,0.835018,-0.191506,2.18968,0.908709,-0.399104,2.20005,0.897079,-1.79736,0.822502,0.803246,-0.0982581,1,All,#4682B4,0
9,1,0,2.13969,0.60469,0,3.36426,0.349432,0,3.36426,0.00692409,0,1.79051,0.79427,1,All,#4682B4,0
9,1.5,0,0.794649,-0.487131,0,3.36426,0.574069,0,3.36426,1.54636,0,0.834214,-0.315407,1,All,#4682B4,0
9,2,3.5826,0.662067,0.662067,4.73,-0.0313984,-0.0313984,4.63153,0.079022,0.079022,3.5826,0.540889,0.540889,0,All,#4682B4,0
9,2.5,5.76448,0.132591,0.132591,6.46334,-1.94268,-1.94268,6.26297,-1.71798,-1.71798,5.76448,-0.022144,-0.022144,0,All,#4682B4,0
9,3,6.81659,0.593737,0.593737,7.29352,0.0902484,0.0902484,7.0657,0.345729,0.345729,6.81659,0.44713,0.44713,0,All,#4682B4,0
9,3.5,7.41803,0.649764,0.649764,7.73337,0.374134,0.374134,7.5351,0.596479,0.596479,7.41803,0.621889,0.621889,0,All,#4682B4,0
9,4,7.74725,0.682607,0.682607,7.91094,0.698716,0.698716,7.80253,0.82028,0.82028,7.74725,0.722145,0.722145,0,All,#4682B4,0
9,4.5,7.86687,0.594492,0.594492,7.9083,0.541314,0.541314,7.91912,0.529175,0.529175,7.86687,0.638025,0.638025,0,All,#4682B4,0
9,5,7.84145,0.739642,0.739642,7.78602,0.977858,0.977858,7.90922,0.839698,0.839698,7.84145,0.901454,0.901454,0,All,#4682B4,0
9,5.5,7.73425,-0.0626004,-0.0626004,7.58154,-0.384136,-0.384136,7.80858,-0.638741,-0.638741,7.73425,-0.208047,-0.208047,0,All,#4682B4,0
9,6,7.58783,0.628053,0.628053,7.31655,1.01651,1.01651,7.64321,0.65019,0.65019,7.58783,0.704234,0.704234,0,All,#4682B4,0
9,6.5,7.41945,0.564475,0.564475,6.99945,1.03457,1.03457,7.42677,0.555363,0.555363,7.41945,0.530988,0.530988,0,All,#4682B4,0
9,7,7.20759,0.540284,0.540284,6.63489,1.31218,1.31218,7.16708,0.715373,0.715373,7.20759,0.592486,0.592486,0,All,#4682B4,0
9,7.5,6.94586,-0.0142896,-0.0142896,6.22904,0.752427,0.752427,6.86975,0.03392,0.03392,6.94586,-0.154715,-0.154715,0,All,#4682B4,0
9,8,6.63107,0.247312,0.247312,5.80041,1.39683,1.39683,6.54242,0.564722,0.564722,6.63107,0.231698,0.231698,0,All,#4682B4,0
9,8.5,6.26319,-0.135225,-0.135225,5.37358,0.937981,0.937981,6.19648,0.0151622,0.0151622,6.26319,-0.183248,-0.183248,0,All,#4682B4,0
9,9,5.8515,-0.555825,-0.555825,4.9787,0.651877,0.651877,5.84845,-0.323469,-0.323469,5.8515,-0.61691,-0.61691,0,All,#4682B4,0
9,9.5,5.41778,0.131305,0.131305,4.63774,1.85848,1.85848,5.51668,0.872826,0.872826,5.41778,0.108856,0.108856,0,All,#4682B4,0
9,10,4.98897,0.183149,0.183149,4.35704,2.02412,2.02412,5.21119,1.06626,1.06626,4.98897,0.161817,0.161817,0,All,#4682B4,0
9,10.5,4.59455,-0.160328,-0.160328,4.12559,1.45943,1.45943,4.94178,0.544135,0.544135,4.59455,-0.185778,-0.185778,0,All,#4682B4,0
9,11,4.24887,-0.741053,-0.741053,3.93358,0.342506,0.342506,4.709,-0.527069,-0.527069,4.24887,-0.769578,-0.769578,0,All,#4682B4,0
9,11.5,3.95127,-0.484831,-0.484831,3.76997,0.721103,0.721103,4.50587,-0.104149,-0.104149,3.95127,-0.487772,-0.487772,0,All,#4682B4,0
9,12,3.69209,-1.19247,-1.34779,3.62472,-0.700571,-1.03628,4.32826,-1.48953,-2.18012,3.69209,-1.16566,-1.26565,1,All,#4682B4,0
9,12.5,3.46178,-0.218827,-0.218827,3.48957,0.834816,0.834816,4.1685,0.0734477,0.0734477,3.46178,-0.259863,-0.259863,0,All,#4682B4,0
9,13,3.24957,-0.26132,-0.26132,3.36214,0.652506,0.652506,4.02149,-0.0868971,-0.0868971,3.24957,-0.253303,-0.253303,0,All,#4682B4,0
9,13.5,3.05361,-0.68671,-1.06509,3.23902,-0.26804,-0.393328,3.88232,-0.989451,-1.1671,3.05361,-0.754084,-1.10015,1,All,#4682B4,0
9,14,2.86553,0.195335,0.195335,3.11863,1.21603,1.21603,3.75,0.508,0.508,2.86553,0.198277,0.198277,0,All,#4682B4,0
9,14.5,2.68228,0.0420788,0.0420788,2.99673,0.646237,0.646237,3.62084,-0.053647,-0.053647,2.68228,0.00768239,0.00768239,0,All,#4682B4,0
9,15,2.49977,-0.130679,-0.473965,2.87319,0.142209,-2.01848,3.49291,-0.552755,-1.59533,2.49977,-0.157054,-0.496393,1,All,#4682B4,0
9,15.5,2.3175,0.495868,0.495868,2.75103,1.2268,1.2268,3.3675,0.535476,0.535476,2.3175,0.545995,0.545995,0,All,#4682B4,0
9,16,2.13488,0.649862,0.649862,2.62744,1.43604,1.43604,3.24241,0.746407,0.746407,2.13488,0.609851,0.609851,0,All,#4682B4,0
9,16.5,1.95208,0.305773,-0.0791003,2.50259,0.557805,-1.07456,3.11745,-0.131713,-1.45196,1.95208,0.298499,-0.0963227,1,All,#4682B4,0
9,17,1.76731,0.362288,-0.31416,2.37679,0.698881,-0.131458,2.99286,0.0080034,-1.62994,1.76731,0.380395,-0.321107,1,All,#4682B4,0
9,17.5,1.5812,0.499973,-0.00206925,2.2494,0.841733,-0.253298,2.86827,0.147724,-1.20165,1.5812,0.531233,0.0464542,1,All,#4682B4,0
10,1,0,2.44998,-0.0600592,0,3.36426,0.00692409,0,3.36426,0.60837,0,2.06156,0.0300866,1,All,#4682B4,0
10,1.5,0,1.01261,1.01261,4.11566,-0.724051,-0.724051,3.71343,-0.272984,-0.272984,0,0.958504,0.958504,0,All,#4682B4,0
10,2,3.5826,1.61353,1.61353,7.39195,-0.211889,-0.211889,7.28076,-0.0871997,-0.0871997,3.5826,1.51615,1.51615,0,All,#4682B4,0
10,2.5,5.76448,1.41579,1.41579,8.40177,0.0854874,0.0854874,8.34798,0.14581,0.14581,5.76448,1.55921,1.55921,0,All,#4682B4,0
10,3,6.81659,1.33263,1.33263,8.69568,0.598072,0.598072,8.70173,0.591291,0.591291,6.81659,1.88141,1.88141,0,All,#4682B4,0
10,3.5,7.41803,0.958886,0.958886,8.61188,0.203114,0.203114,8.66059,0.148492,0.148492,7.41803,1.21821,1.21821,0,All,#4682B4,0
10,4,7.74725,0.686129,0.686129,8.37472,-0.105099,-0.105099,8.44936,-0.1888,-0.1888,7.74725,0.724538,0.724538,0,All,#4682B4,0
10,4.5,7.86687,0.0229561,0.0229561,8.08415,-1.32569,-1.32569,8.17641,-1.42915,-1.42915,7.86687,-0.324453,-0.324453,0,All,#4682B4,0
10,5,7.84145,0.121576,0.121576,7.77752,-0.630816,-0.630816,7.8838,-0.75001,-0.75001,7.84145,-0.170488,-0.170488,0,All,#4682B4,0
10,5.5,7.73425,-0.440133,-0.440133,7.47073,-1.44857,-1.44857,7.58916,-1.58139,-1.58139,7.73425,-0.845159,-0.845159,0,All,#4682B4,0
10,6,7.58783,-0.433931,-0.433931,7.17361,-1.19051,-1.19051,7.30212,-1.33462,-1.33462,7.58783,-0.819855,-0.819855,0,All,#4682B4,0
10,6.5,7.41945,0.707165,0.707165,6.89499,1.40179,1.40179,7.03051,1.24981,1.24981,7.41945,0.845322,0.845322,0,All,#4682B4,0
10,7,7.20759,1.00549,1.00549,6.64397,2.09709,2.09709,6.78455,1.93944,1.93944,7.20759,1.28616,1.28616,0,All,#4682B4,0
10,7.5,6.94586,0.0836935,0.0836935,6.42903,0.395833,0.395833,6.56838,0.239555,0.239555,6.94586,0.00891979,0.00891979,0,All,#4682B4,0
10,8,6.63107,0.302675,0.302675,6.25603,0.809632,0.809632,6.39172,0.657465,0.657465,6.63107,0.294368,0.294368,0,All,#4682B4,0
10,8.5,6.26319,-0.380532,-0.380532,6.12676,-0.614274,-0.614274,6.25564,-0.758795,-0.758795,6.26319,-0.609128,-0.609128,0,All,#4682B4,0
10,9,5.8515,0.1585,0.1585,6.03307,0.253365,0.253365,6.15686,0.114547,0.114547,5.8515,0.102445,0.102445,0,All,#4682B4,0
10,9.5,5.41778,0.19942,0.19942,5.91677,0.243602,0.243602,6.04359,0.101386,0.101386,5.41778,0.115993,0.115993,0,All,#4682B4,0
10,10,4.98897,0.301189,0.301189,5.76162,0.288628,0.288628,5.893,0.1413,0.1413,4.98897,0.206159,0.206159,0,All,#4682B4,0
10,10.5,4.59455,0.222166,0.222166,5.57099,0.0919631,0.0919631,5.70908,-0.062892,-0.062892,4.59455,0.153184,0.153184,0,All,#4682B4,0
10,11,4.24887,0.577088,0.577088,5.35614,0.846514,0.846514,5.50031,0.684838,0.684838,4.24887,0.51643,0.51643,0,All,#4682B4,0
10,11.5,3.95127,0.521775,0.521775,5.12821,0.770182,0.770182,5.27699,0.603338,0.603338,3.95127,0.453232,0.453232,0,All,#4682B4,0
10,12,3.69209,0.934824,0.934824,4.89634,1.54045,1.54045,5.04931,1.3689,1.3689,3.69209,0.902254,0.902254,0,All,#4682B4,0
10,12.5,3.46178,0.210165,0.210165,4.66538,0.207042,0.207042,4.82102,0.0324963,0.0324963,3.46178,0.201662,0.201662,0,All,#4682B4,0
10,13,3.24957,-0.32996,-0.32996,4.43778,-0.883429,-0.883429,4.59703,-1.06201,-1.06201,3.24957,-0.35272,-0.35272,0,All,#4682B4,0
10,13.5,3.05361,0.821821,0.821821,4.21343,1.12767,1.12767,4.37838,0.942692,0.942692,3.05361,0.885408,0.885408,0,All,#4682B4,0
10,14,2.86553,1.19079,1.19079,3.99132,1.49113,1.49113,4.16136,1.30045,1.30045,2.86553,1.19875,1.19875,0,All,#4682B4,0
10,14.5,2.68228,0.72401,0.72401,3.77055,0.779894,0.779894,3.9458,0.583362,0.583362,2.68228,0.737241,0.737241,0,All,#4682B4,0
10,15,2.49977,-0.124298,-1.28854,3.55087,-0.617752,-1.83003,3.72959,-0.818177,-1.8314,2.49977,-0.138986,-1.20852,1,All,#4682B4,0
10,15.5,2.3175,0.53527,0.53527,3.33135,0.478456,0.478456,3.51621,0.271154,0.271154,2.3175,0.572486,0.572486,0,All,#4682B4,0
10,16,2.13488,0.295092,-0.361911,3.1113,-0.124814,-1.34577,3.30183,-0.338476,-0.716124,2.13488,0.299697,-0.399554,1,All,#4682B4,0
10,16.5,1.95208,0.333983,-0.48369,2.89163,0.121533,-0.274637,3.08722,-0.0978111,-1.15426,1.95208,0.360614,-0.502636,1,All,#4682B4,0
11,1,0,2.19521,0.0293626,0,3.36426,0.60837,0,3.36426,1.86471,0,1.83128,0.22083,1,All,#4682B4,0
11,1.5,0,0.762712,-0.381432,0,3.36426,1.41479,0,3.36426,1.18495,0,0.81424,-0.139191,1,All,#4682B4,0
11,2,3.5826,0.465121,0.465121,5.24811,-1.40863,-1.40863,5.09044,-1.23181,-1.23181,3.5826,0.430597,0.430597,0,All,#4682B4,0
11,2.5,5.76448,0.591298,0.591298,6.96294,-1.15388,-1.15388,6.92021,-1.10596,-1.10596,5.76448,0.437398,0.437398,0,All,#4682B4,0
11,3,6.81659,0.591892,0.591892,7.67043,-0.709224,-0.709224,7.64608,-0.681909,-0.681909,6.81659,0.460976,0.460976,0,All,#4682B4,0
11,3.5,7.41803,0.71531,0.71531,8.03432,0.0209499,0.0209499,8.02002,0.0369799,0.0369799,7.41803,0.73024,0.73024,0,All,#4682B4,0
11,4,7.74725,0.445218,0.445218,8.20166,-0.512104,-0.512104,8.20074,-0.511077,-0.511077,7.74725,0.329824,0.329824,0,All,#4682B4,0
11,4.5,7.86687,0.582359,0.582359,8.24682,0.0416912,0.0416912,8.25777,0.0294195,0.0294195,7.86687,0.670276,0.670276,0,All,#4682B4,0
11,5,7.84145,0.517185,0.517185,8.225,-0.0302743,-0.0302743,8.24749,-0.0555006,-0.0555006,7.84145,0.520101,0.520101,0,All,#4682B4,0
11,5.5,7.73425,0.114813,0.114813,8.16636,-0.948007,-0.948007,8.2028,-0.988872,-0.988872,7.73425,-0.0980733,-0.0980733,0,All,#4682B4,0
11,6,7.58783,0.764319,0.764319,8.06526,0.42809,0.42809,8.12367,0.362593,0.362593,7.58783,0.909332,0.909332,0,All,#4682B4,0
11,6.5,7.41945,1.23103,1.23103,7.91506,1.21892,1.21892,8.00582,1.11713,1.11713,7.41945,1.48614,1.48614,0,All,#4682B4,0
11,7,7.20759,0.489061,0.489061,7.70309,-0.0864484,-0.0864484,7.84094,-0.241033,-0.241033,7.20759,0.567136,0.567136,0,All,#4682B4,0
11,7.5,6.94586,1.57617,1.57617,7.40919,1.92302,1.92302,7.61477,1.69249,1.69249,6.94586,2.02396,2.02396,0,All,#4682B4,0
11,8,6.63107,0.375455,0.375455,7.00556,0.0879659,0.0879659,7.30731,-0.250425,-0.250425,6.63107,0.349657,0.349657,0,All,#4682B4,0
11,8.5,6.26319,0.290932,0.290932,6.45988,0.376933,0.376933,6.89302,-0.108798,-0.108798,6.26319,0.264966,0.264966,0,All,#4682B4,0
11,9,5.8515,-0.444863,-0.444863,5.75086,-0.292538,-0.292538,6.3452,-0.959042,-0.959042,5.8515,-0.576894,-0.576894,0,All,#4682B4,0
11,9.5,5.41778,-0.115374,-0.115374,4.92675,1.06451,1.06451,5.63741,0.267563,0.267563,5.41778,-0.192491,-0.192491,0,All,#4682B4,0
11,10,4.98897,-0.709897,-0.709897,4.19269,0.530784,0.530784,4.84086,-0.19609,-0.19609,4.98897,-0.754448,-0.754448,0,All,#4682B4,0
11,10.5,4.59455,-0.99415,-0.99415,3.67583,0.315312,0.315312,4.16971,-0.238542,-0.238542,4.59455,-1.0523,-1.0523,0,All,#4682B4,0
11,11,4.24887,-1.36468,-1.49772,3.30267,-0.339425,-0.716913,3.7128,-0.799347,-2.18086,4.24887,-1.4628,-1.50679,1,All,#4682B4,0
11,11.5,3.95127,-1.24946,-1.29633,3.01151,-0.0129055,-1.10558,3.38458,-0.43128,-1.52287,3.95127,-1.25277,-1.27842,1,All,#4682B4,0
11,12,3.69209,0.402628,0.402628,2.7638,3.10432,3.10432,3.13182,2.69162,2.69162,3.69209,0.35588,0.35588,0,All,#4682B4,0
11,12.5,3.46178,-0.95654,-1.90412,2.53811,0.517972,-0.940513,2.9142,0.0962132,-0.518642,3.46178,-1.04841,-1.74915,1,All,#4682B4,0
11,13,3.24957,-0.797674,-1.32529,2.31992,0.762652,-0.0448617,2.71271,0.322172,-1.13179,3.24957,-0.862108,-1.36557,1,All,#4682B4,0
11,13.5,3.05361,-0.624897,-0.903963,2.10555,1.00305,0.280505,2.51664,0.542052,0.103617,3.05361,-0.702562,-0.931512,1,All,#4682B4,0
11,14,2.86553,-0.458949,-0.616558,1.89163,1.24295,-0.211399,2.3226,0.759645,-0.830596,2.86553,-0.483573,-0.600334,1,All,#4682B4,0
11,14.5,2.68228,-0.317619,-0.660266,1.67704,1.48359,0.0813431,2.12854,0.977276,0.069672,2.68228,-0.31608,-0.636258,1,All,#4682B4,0
11,15,2.49977,-0.142774,-0.686107,1.46154,1.72526,0.0590821,1.93277,1.19682,-0.526539,2.49977,-0.0914335,-0.717653,1,All,#4682B4,0
11,15.5,2.3175,0.0332695,-1.34754,1.24436,1.96881,-0.232318,1.73553,1.41801,-0.514248,2.3175,0.0125994,-1.30808,1,All,#4682B4,0
12,1,0,2.15085,-0.199691,0,3.36426,1.86471,0,3.36426,1.62279,0,1.79012,-0.11947,1,All,#4682B4,0
12,1.5,0,0.775102,0.0621865,0,3.36426,1.18495,0,3.36426,0.336007,0,0.843637,0.4751,1,All,#4682B4,0
12,2,3.5826,0.0800294,-0.226099,0,3.36426,1.86923,0,3.36426,0.967101,3.5826,0.128401,-0.0529445,1,All,#4682B4,0
12,2.5,5.76448,-0.38918,-0.413219,0,3.36426,1.298,0,3.36426,0.499191,5.76448,-0.368099,-0.386749,1,All,#4682B4,0
12,3,6.81659,-0.760706,-0.850824,0,3.36426,0.521114,0,3.36426,0.935357,6.81659,-0.743295,-0.828708,1,All,#4682B4,0
12,3.5,7.41803,-1.16434,-1.25932,0,3.36426,1.16123,0,3.36426,0.0673729,7.41803,-1.07774,-1.16132,1,All,#4682B4,0
12,4,7.74725,-1.52848,-1.64853,0,3.36426,0.257594,0,3.36426,0.28471,7.74725,-1.32072,-1.33762,1,All,#4682B4,0
12,4.5,7.86687,-1.53546,-1.53546,3.87828,-0.208897,-0.208897,3.29548,0.444664,0.444664,7.86687,-1.427,-1.427,0,All,#4682B4,0
12,5,7.84145,-2.22098,-2.33124,5.62431,-2.94296,-3.23203,5.5117,-2.81667,-3.04815,7.84145,-1.69216,-1.68816,1,All,#4682B4,0
12,5.5,7.73425,0.751997,0.751997,6.30952,2.45196,2.45196,6.31408,2.44685,2.44685,7.73425,0.917849,0.917849,0,All,#4682B4,0
12,6,7.58783,-0.114997,-0.114997,6.51643,0.489579,0.489579,6.58012,0.418156,0.418156,7.58783,-0.298652,-0.298652,0,All,#4682B4,0
12,6.5,7.41945,-1.73695,-1.73695,6.46175,-2.22462,-2.22462,6.54753,-2.32081,-2.32081,7.41945,-1.85575,-1.85575,0,All,#4682B4,0
12,7,7.20759,-0.0700682,-0.0700682,6.28468,0.631715,0.631715,6.37609,0.52921,0.52921,7.20759,-0.178936,-0.178936,0,All,#4682B4,0
12,7.5,6.94586,-0.117672,-0.117672,6.04621,0.653548,0.653548,6.13856,0.549991,0.549991,6.94586,-0.239142,-0.239142,0,All,#4682B4,0
12,8,6.63107,-0.0888504,-0.0888504,5.76674,0.888462,0.888462,5.85899,0.785006,0.785006,6.63107,-0.172626,-0.172626,0,All,#4682B4,0
12,8.5,6.26319,-1.08468,-1.08468,5.45271,-0.523378,-0.523378,5.54478,-0.626632,-0.626632,6.26319,-1.25383,-1.25383,0,All,#4682B4,0
12,9,5.8515,0.542358,0.542358,5.10785,2.17797,2.17797,5.19994,2.07469,2.07469,5.8515,0.536946,0.536946,0,All,#4682B4,0
12,9.5,5.41778,-0.573474,-0.573474,4.73791,0.400442,0.400442,4.8298,0.297395,0.297395,5.41778,-0.564369,-0.564369,0,All,#4682B4,0
12,10,4.98897,-1.2796,-1.2796,4.35513,-0.643838,-0.643838,4.44318,-0.742586,-0.742586,4.98897,-1.31568,-1.31568,0,All,#4682B4,0
12,10.5,4.59455,-1.26606,-1.26606,3.98095,-0.435051,-0.435051,4.06029,-0.524028,-0.524028,4.59455,-1.3191,-1.3191,0,All,#4682B4,0
12,11,4.24887,-0.87866,-0.87866,3.64715,0.332894,0.332894,3.70938,0.263109,0.263109,4.24887,-0.962762,-0.962762,0,All,#4682B4,0
12,11.5,3.95127,-1.36002,-1.81533,3.37392,-0.419319,-0.510492,3.41765,-0.468364,-2.05165,3.95127,-1.3786,-1.84225,1,All,#4682B4,0
12,12,3.69209,-0.542737,-0.542737,3.16968,0.942349,0.942349,3.19607,0.912754,0.912754,3.69209,-0.544622,-0.544622,0,All,#4682B4,0
12,12.5,3.46178,-0.957243,-0.973966,3.023,-0.0257977,-0.61054,3.03843,-0.0430941,-0.157375,3.46178,-0.945014,-0.96509,1,All,#4682B4,0
12,13,3.24957,-0.775463,-0.969723,2.91966,0.0900922,-0.600166,2.92714,0.081709,-0.168457,3.24957,-0.730984,-0.958432,1,All,#4682B4,0
12,13.5,3.05361,-0.71526,-0.946094,2.84394,0.175014,0.00354715,2.84633,0.172324,-1.31769,3.05361,-0.699909,-0.914565,1,All,#4682B4,0
12,14,2.86553,-0.470682,-1.05715,2.78384,0.242409,0.125284,2.78666,0.23924,-0.0269409,2.86553,-0.487144,-1.05043,1,All,#4682B4,0
12,14.5,2.68228,-0.368476,-0.672908,2.7334,0.298975,-0.148616,2.73595,0.296106,-0.108991,2.68228,-0.383876,-0.713695,1,All,#4682B4,0
12,15,2.49977,0.212539,0.212539,2.68568,0.928891,0.928891,2.69268,0.921042,0.921042,2.49977,0.161282,0.161282,0,All,#4682B4,0
12,15.5,2.3175,0.0156893,-0.623229,2.63925,0.404552,-1.14229,2.64628,0.396666,-1.09943,2.3175,-0.0243166,-0.613115,1,All,#4682B4,0
12,16,2.13488,0.475372,0.475372,2.59039,1.1008,1.1008,2.59967,1.0904,1.0904,2.13488,0.467963,0.467963,0,All,#4682B4,0
12,16.5,1.95208,0.310733,-0.411653,2.53991,0.515956,-0.659363,2.55149,0.50297,-0.591069,1.95208,0.324239,-0.37354,1,All,#4682B4,0
12,17,1.76731,0.709533,0.709533,2.48777,1.0914,1.0914,2.50427,1.0729,1.0729,1.76731,0.74122,0.74122,0,All,#4682B4,0
12,17.5,1.5812,0.544172,-0.382466,2.4335,0.635284,-0.0986196,2.45185,0.614708,0.517846,1.5812,0.526631,-0.274009,1,All,#4682B4,0
12,18,1.39373,0.655872,-0.935329,2.37703,0.698607,-0.857185,2.3984,0.674642,-0.0572425,1.39373,0.628898,-0.876433,1,All,#4682B4,0
13,1,0,2.29181,2.29181,1.9579,1.3133,1.3133,2.03394,1.22802,1.22802,0,1.85652,1.85652,0,All,#4682B4,0
13,1.5,0,0.921321,-0.263379,3.37307,-0.418372,-1.80341,3.49361,-0.553547,-0.669199,0,0.966437,0.0976392,1,All,#4682B4,0
13,2,3.5826,1.01927,1.01927,4.57035,0.790206,0.790206,4.72039,0.621955,0.621955,3.5826,0.784319,0.784319,0,All,#4682B4,0
13,2.5,5.76448,0.13912,0.13912,5.59491,-1.26486,-1.26486,5.76489,-1.45548,-1.45548,5.76448,-0.00780826,-0.00780826,0,All,#4682B4,0
13,3,6.81659,0.52868,0.52868,6.47649,0.414374,0.414374,6.65733,0.21158,0.21158,6.81659,0.333253,0.333253,0,All,#4682B4,0
13,3.5,7.41803,0.44445,0.44445,7.21609,0.100824,0.100824,7.39113,-0.0954615,-0.0954615,7.41803,0.302589,0.302589,0,All,#4682B4,0
13,4,7.74725,0.686648,0.686648,7.74182,0.805382,0.805382,7.86641,0.665664,0.665664,7.74725,0.772466,0.772466,0,All,#4682B4,0
13,4.5,7.86687,0.629141,0.629141,7.91486,0.533948,0.533948,7.94999,0.494554,0.494554,7.86687,0.703623,0.703623,0,All,#4682B4,0
13,5,7.84145,1.04789,1.04789,7.74783,1.79895,1.79895,7.70742,1.84427,1.84427,7.84145,1.50174,1.50174,0,All,#4682B4,0
13,5.5,7.73425,0.281652,0.281652,7.41452,0.249489,0.249489,7.3413,0.331601,0.331601,7.73425,0.237141,0.237141,0,All,#4682B4,0
13,6,7.58783,0.233796,0.233796,7.0561,0.458545,0.458545,6.9791,0.544895,0.544895,7.58783,0.229209,0.229209,0,All,#4682B4,0
13,6.5,7.41945,0.488736,0.488736,6.74061,1.13532,1.13532,6.66352,1.22176,1.22176,7.41945,0.530074,0.530074,0,All,#4682B4,0
13,7,7.20759,0.188498,0.188498,6.48745,0.750848,0.750848,6.42339,0.822685,0.822685,7.20759,0.1033,0.1033,0,All,#4682B4,0
13,7.5,6.94586,-0.724499,-0.724499,6.30001,-0.889297,-0.889297,6.25479,-0.83859,-0.83859,6.94586,-1.08842,-1.08842,0,All,#4682B4,0
13,8,6.63107,-0.172176,-0.172176,6.17391,0.0931793,0.0931793,6.1491,0.121004,0.121004,6.63107,-0.384023,-0.384023,0,All,#4682B4,0
13,8.5,6.26319,-0.429039,-0.429039,6.1022,-0.501502,-0.501502,6.09576,-0.494281,-0.494281,6.26319,-0.573417,-0.573417,0,All,#4682B4,0
13,9,5.8515,-0.473277,-0.473277,6.0775,-0.767614,-0.767614,6.08861,-0.780072,-0.780072,5.8515,-0.57176,-0.57176,0,All,#4682B4,0
13,9.5,5.41778,0.245933,0.245933,6.09245,0.208076,0.208076,6.11838,0.178998,0.178998,5.41778,0.160715,0.160715,0,All,#4682B4,0
13,10,4.98897,-0.321517,-0.321517,6.13977,-1.03706,-1.03706,6.18015,-1.08234,-1.08234,4.98897,-0.379519,-0.379519,0,All,#4682B4,0
13,10.5,4.59455,0.337856,0.337856,6.21293,-0.230934,-0.230934,6.26578,-0.290201,-0.290201,4.59455,0.341992,0.341992,0,All,#4682B4,0
13,11,4.24887,0.812298,0.812298,6.30563,0.315537,0.315537,6.36801,0.245585,0.245585,4.24887,0.755617,0.755617,0,All,#4682B4,0
13,11.5,3.95127,1.48338,1.48338,6.39753,1.26213,1.26213,6.46482,1.18666,1.18666,3.95127,1.45681,1.45681,0,All,#4682B4,0
13,12,3.69209,1.27586,1.27586,6.37668,0.640688,0.640688,6.45245,0.555721,0.555721,3.69209,1.26176,1.26176,0,All,#4682B4,0
13,12.5,3.46178,1.1449,1.1449,6.24631,0.175714,0.175714,6.33765,0.0732896,0.0732896,3.46178,1.13349,1.13349,0,All,#4682B4,0
13,13,3.24957,1.59359,1.59359,6.01874,0.813323,0.813323,6.13119,0.687213,0.687213,3.24957,1.56893,1.56893,0,All,#4682B4,0
13,13.5,3.05361,0.787685,0.787685,5.7081,-0.480084,-0.480084,5.84475,-0.633317,-0.633317,3.05361,0.799119,0.799119,0,All,#4682B4,0
13,14,2.86553,1.6719,1.6719,5.3259,1.08116,1.08116,5.49176,0.895162,0.895162,2.86553,1.63772,1.63772,0,All,#4682B4,0
13,14.5,2.68228,0.291998,0.291998,4.88293,-1.07312,-1.07312,5.08005,-1.29418,-1.29418,2.68228,0.265637,0.265637,0,All,#4682B4,0
13,15,2.49977,-0.0240946,-0.0240946,4.38698,-1.35017,-1.35017,4.61722,-1.60837,-1.60837,2.49977,-0.0469946,-0.0469946,0,All,#4682B4,0
13,15.5,2.3175,0.750078,0.750078,3.8461,0.281369,0.281369,4.11421,-0.0193022,-0.0193022,2.3175,0.724617,0.724617,0,All,#4682B4,0
13,16,2.13488,0.171052,-1.01349,3.26622,-0.298543,-0.482574,3.57182,-0.641252,-1.53469,2.13488,0.190599,-1.00159,1,All,#4682B4,0
13,16.5,1.95208,0.341781,-0.122334,2.65081,0.391588,-0.329173,2.99642,0.00401562,-0.211578,1.95208,0.314489,-0.104301,1,All,#4682B4,0
13,17,1.76731,0.64031,0.64031,2.00458,1.52785,1.52785,2.39048,1.09509,1.09509,1.76731,0.633669,0.633669,0,All,#4682B4,0
13,17.5,1.5812,0.569176,-0.946732,1.33072,1.87196,0.21453,1.75734,1.39354,-0.647533,1.5812,0.556045,-0.983596,1,All,#4682B4,0
13,18,1.39373,0.693455,0.151603,0.632329,2.65515,0.936217,1.1002,2.13047,1.53551,1.39373,0.609279,0.176099,1,All,#4682B4,0
13,18.5,1.20475,0.767162,-0.739132,0,3.36426,0.619792,0.421315,2.89179,0.39161,1.20475,0.714188,-0.657612,1,All,#4682B4,0
14,1,0,2.42379,1.24036,0,3.36426,0.148264,0,3.36426,0.843645,0,1.92186,1.29338,1,All,#4682B4,0
14,1.5,0,0.845244,-0.0929281,0,3.36426,1.16659,0,3.36426,1.54906,0,0.842701,0.208468,1,All,#4682B4,0
14,2,3.5826,0.883891,0.883891,5.14841,0.138592,0.138592,4.6962,0.645717,0.645717,3.5826,0.703369,0.703369,0,All,#4682B4,0
14,2.5,5.76448,1.12796,1.12796,7.44293,0.246793,0.246793,7.23327,0.481907,0.481907,5.76448,1.15229,1.15229,0,All,#4682B4,0
14,3,6.81659,0.964372,0.964372,8.30804,0.124436,0.124436,8.19193,0.254643,0.254643,6.81659,1.10354,1.10354,0,All,#4682B4,0
14,3.5,7.41803,1.3152,1.3152,8.52438,1.49443,1.49443,8.49452,1.52791,1.52791,7.41803,1.99334,1.99334,0,All,#4682B4,0
14,4,7.74725,0.840833,0.840833,8.45544,0.430132,0.430132,8.46221,0.422538,0.422538,7.74725,1.06878,1.06878,0,All,#4682B4,0
14,4.5,7.86687,1.03489,1.03489,8.28594,1.2325,1.2325,8.30911,1.20653,1.20653,7.86687,1.45073,1.45073,0,All,#4682B4,0
14,5,7.84145,0.795012,0.795012,8.06721,0.832984,0.832984,8.10509,0.790496,0.790496,7.84145,1.03983,1.03983,0,All,#4682B4,0
14,5.5,7.73425,-0.589342,-0.589342,7.80774,-1.8108,-1.8108,7.86362,-1.87347,-1.87347,7.73425,-0.934244,-0.934244,0,All,#4682B4,0
14,6,7.58783,0.904371,0.904371,7.5056,1.24522,1.24522,7.58442,1.15683,1.15683,7.58783,1.20942,1.20942,0,All,#4682B4,0
14,6.5,7.41945,-0.658564,-0.658564,7.15723,-1.27082,-1.27082,7.26515,-1.39185,-1.39185,7.41945,-0.993864,-0.993864,0,All,#4682B4,0
14,7,7.20759,0.336911,0.336911,6.761,0.815268,0.815268,6.90421,0.65467,0.65467,7.20759,0.279934,0.279934,0,All,#4682B4,0
14,7.5,6.94586,-0.297177,-0.297177,6.32121,0.0244366,0.0244366,6.5047,-0.181335,-0.181335,6.94586,-0.491338,-0.491338,0,All,#4682B4,0
14,8,6.63107,-0.362758,-0.362758,5.85502,0.244448,0.244448,6.07716,-0.00466579,-0.00466579,6.63107,-0.635702,-0.635702,0,All,#4682B4,0
14,8.5,6.26319,-0.452489,-0.452489,5.39982,0.376999,0.376999,5.6468,0.100031,0.100031,6.26319,-0.687989,-0.687989,0,All,#4682B4,0
14,9,5.8515,-0.541966,-0.541966,5.00059,0.492764,0.492764,5.25122,0.211707,0.211707,5.8515,-0.657947,-0.657947,0,All,#4682B4,0
14,9.5,5.41778,-0.846479,-0.846479,4.68382,0.00917504,0.00917504,4.92351,-0.259615,-0.259615,5.41778,-0.975997,-0.975997,0,All,#4682B4,0
14,10,4.98897,-0.913862,-0.913862,4.44324,-0.0305484,-0.0305484,4.67001,-0.284858,-0.284858,4.98897,-0.942906,-0.942906,0,All,#4682B4,0
14,10.5,4.59455,-0.880543,-0.880543,4.26451,-0.0723483,-0.0723483,4.48016,-0.314181,-0.314181,4.59455,-1.00923,-1.00923,0,All,#4682B4,0
14,11,4.24887,-1.1499,-1.1499,4.12953,-0.736241,-0.736241,4.33694,-0.968844,-0.968844,4.24887,-1.21428,-1.21428,0,All,#4682B4,0
14,11.5,3.95127,-0.45196,-0.45196,4.01698,0.465416,0.465416,4.22441,0.2328,0.2328,3.95127,-0.475079,-0.475079,0,All,#4682B4,0
14,12,3.69209,-0.603883,-0.603883,3.91837,0.0635013,0.0635013,4.1304,-0.17427,-0.17427,3.69209,-0.679128,-0.679128,0,All,#4682B4,0
14,12.5,3.46178,0.0275582,0.0275582,3.82439,1.03576,1.03576,4.04426,0.789188,0.789188,3.46178,0.0190302,0.0190302,0,All,#4682B4,0
14,13,3.24957,0.757461,0.757461,3.73302,2.10713,2.10713,3.96405,1.84804,1.84804,3.24957,0.741743,0.741743,0,All,#4682B4,0
14,13.5,3.05361,0.166968,0.166968,3.63991,0.791824,0.791824,3.88139,0.521022,0.521022,3.05361,0.14073,0.14073,0,All,#4682B4,0
14,14,2.86553,0.939161,0.939161,3.54676,1.98518,1.98518,3.79744,1.70407,1.70407,2.86553,0.966424,0.966424,0,All,#4682B4,0
14,14.5,2.68228,-0.308297,-1.5252,3.44921,-0.503753,-0.672727,3.71006,-0.796271,-1.66776,2.68228,-0.37086,-1.48986,1,All,#4682B4,0
14,15,2.49977,-0.161766,-1.13156,3.34865,-0.390986,-1.03857,3.62091,-0.696299,-0.815787,2.49977,-0.239198,-1.18227,1,All,#4682B4,0
14,15.5,2.3175,-0.031232,-0.299243,3.24474,-0.27446,-2.06471,3.52795,-0.592053,-0.738631,2.3175,-0.0882803,-0.310205,1,All,#4682B4,0
14,16,2.13488,0.943355,0.943355,3.13891,1.35927,1.35927,3.4329,1.02957,1.02957,2.13488,0.938604,0.938604,0,All,#4682B4,0
14,16.5,1.95208,0.310589,-0.783607,3.03059,-0.0343083,-0.430722,3.33516,-0.375858,-0.897654,1.95208,0.284467,-0.766079,1,All,#4682B4,0
14,17,1.76731,0.371228,-0.200704,2.91969,0.0900637,-0.779891,3.2348,-0.263308,-1.14808,1.76731,0.347147,-0.215482,1,All,#4682B4,0
14,17.5,1.5812,0.505859,-0.0718605,2.80636,0.217151,0.154144,3.13289,-0.149028,-1.95662,1.5812,0.502387,-0.0312246,1,All,#4682B4,0
15,1,0,2.11439,0.875788,0,3.36426,0.843645,0,3.36426,0.807271,0,1.70142,1.01679,1,All,#4682B4,0
15,1.5,0,0.821539,-0.430991,0,3.36426,1.54906,0,3.36426,1.17766,0,0.8855,-0.22524,1,All,#4682B4,0
15,2,3.5826,0.0763765,-0.157278,0,3.36426,1.21489,0,3.36426,0.321658,3.5826,0.163209,-0.0216899,1,All,#4682B4,0
15,2.5,5.76448,-0.442225,-0.488341,2.44708,0.620056,-0.157923,1.41718,1.77501,0.202474,5.76448,-0.427038,-0.47462,1,All,#4682B4,0
15,3,6.81659,-0.400269,-0.400269,4.90913,-0.801961,-0.801961,4.46744,-0.306647,-0.306647,6.81659,-0.561596,-0.561596,0,All,#4682B4,0
15,3.5,7.41803,0.149251,0.149251,6.19569,0.438826,0.438826,5.97417,0.68724,0.68724,7.41803,-0.103151,-0.103151,0,All,#4682B4,0
15,4,7.74725,-0.158169,-0.158169,6.98671,-0.617581,-0.617581,6.88477,-0.503255,-0.503255,7.74725,-0.518335,-0.518335,0,All,#4682B4,0
15,4.5,7.86687,-0.22115,-0.22115,7.47671,-0.939425,-0.939425,7.45394,-0.913893,-0.913893,7.86687,-0.531415,-0.531415,0,All,#4682B4,0
15,5,7.84145,0.381321,0.381321,7.72195,0.196302,0.196302,7.74735,0.167823,0.167823,7.84145,0.350401,0.350401,0,All,#4682B4,0
15,5.5,7.73425,0.676479,0.676479,7.75192,0.668451,0.668451,7.79279,0.62262,0.62262,7.73425,0.796277,0.796277,0,All,#4682B4,0
15,6,7.58783,0.739727,0.739727,7.62562,0.863925,0.863925,7.65492,0.831065,0.831065,7.58783,0.850672,0.850672,0,All,#4682B4,0
15,6.5,7.41945,0.715621,0.715621,7.41692,0.846757,0.846757,7.42429,0.838501,0.838501,7.41945,0.822078,0.822078,0,All,#4682B4,0
15,7,7.20759,0.416613,0.416613,7.18828,0.368635,0.368635,7.17174,0.387181,0.387181,7.20759,0.386227,0.386227,0,All,#4682B4,0
15,7.5,6.94586,-0.383076,-0.383076,6.97868,-0.885562,-0.885562,6.93744,-0.839319,-0.839319,6.94586,-0.496162,-0.496162,0,All,#4682B4,0
15,8,6.63107,-0.6308,-0.6308,6.79814,-1.24493,-1.24493,6.75105,-1.19213,-1.19213,6.63107,-0.744541,-0.744541,0,All,#4682B4,0
15,8.5,6.26319,-0.307788,-0.307788,6.65961,-0.784556,-0.784556,6.6144,-0.733861,-0.733861,6.26319,-0.411276,-0.411276,0,All,#4682B4,0
15,9,5.8515,0.538255,0.538255,6.5602,0.448349,0.448349,6.52644,0.486203,0.486203,5.8515,0.545039,0.545039,0,All,#4682B4,0
15,9.5,5.41778,0.193531,0.193531,6.49638,-0.25162,-0.25162,6.47629,-0.229099,-0.229099,5.41778,0.112104,0.112104,0,All,#4682B4,0
15,10,4.98897,0.901738,0.901738,6.46243,0.728442,0.728442,6.45674,0.734823,0.734823,4.98897,0.935973,0.935973,0,All,#4682B4,0
15,10.5,4.59455,0.487386,0.487386,6.45154,-0.13966,-0.13966,6.46121,-0.150507,-0.150507,4.59455,0.412379,0.412379,0,All,#4682B4,0
15,11,4.24887,0.780517,0.780517,6.45796,0.133499,0.133499,6.48302,0.105388,0.105388,4.24887,0.805631,0.805631,0,All,#4682B4,0
15,11.5,3.95127,1.40853,1.40853,6.47487,0.897283,0.897283,6.51601,0.851143,0.851143,3.95127,1.41316,1.41316,0,All,#4682B4,0
15,12,3.69209,2.14565,2.14565,6.2974,2.23678,2.23678,6.37933,2.14491,2.14491,3.69209,2.20121,2.20121,0,All,#4682B4,0
15,12.5,3.46178,0.742724,0.742724,5.7806,-0.0029128,-0.0029128,5.90212,-0.139194,-0.139194,3.46178,0.681435,0.681435,0,All,#4682B4,0
15,13,3.24957,0.501006,0.501006,5.07742,-0.0363532,-0.0363532,5.22225,-0.198769,-0.198769,3.24957,0.473725,0.473725,0,All,#4682B4,0
15,13.5,3.05361,0.155951,0.155951,4.27594,-0.0817988,-0.0817988,4.43621,-0.261526,-0.261526,3.05361,0.112788,0.112788,0,All,#4682B4,0
15,14,2.86553,-0.003447,-0.003447,3.41531,0.308042,0.308042,3.58704,0.115457,0.115457,2.86553,-0.0135541,-0.0135541,0,All,#4682B4,0
15,14.5,2.68228,-0.298199,-1.04602,2.51241,0.546795,-0.185635,2.69516,0.341856,0.163634,2.68228,-0.385757,-1.06992,1,All,#4682B4,0
15,15,2.49977,-0.0452141,-0.390716,1.57767,1.59503,0.388174,1.7704,1.3789,-1.06857,2.49977,-0.126823,-0.414556,1,All,#4682B4,0
16,1,0,2.34531,-0.114327,0,3.36426,0.807271,0,3.36426,1.43217,0,2.01205,-0.101061,1,All,#4682B4,0
16,1.5,0,0.936955,-0.0160604,1.68393,1.47587,1.34327,1.79241,1.35422,-0.257443,0,0.976567,0.296548,1,All,#4682B4,0
16,2,3.5826,0.177829,0.126816,3.04551,-0.0510389,-2.93666,3.12228,-0.137123,-0.585589,3.5826,0.226231,0.190458,1,All,#4682B4,0
16,2.5,5.76448,0.35257,0.35257,4.113,1.0418,1.0418,4.15749,0.991912,0.991912,5.76448,0.192505,0.192505,0,All,#4682B4,0
16,3,6.81659,-0.780774,-0.836872,4.97839,-2.21861,-2.2519,4.99006,-2.2317,-2.89869,6.81659,-0.775218,-0.818507,1,All,#4682B4,0
16,3.5,7.41803,0.181259,0.181259,5.69381,0.946688,0.946688,5.67541,0.967327,0.967327,7.41803,-0.0468782,-0.0468782,0,All,#4682B4,0
16,4,7.74725,-0.314855,-0.314855,6.28709,-0.362324,-0.362324,6.24493,-0.315041,-0.315041,7.74725,-0.685134,-0.685134,0,All,#4682B4,0
16,4.5,7.86687,-0.0905538,-0.0905538,6.77137,0.0724733,0.0724733,6.72272,0.127032,0.127032,7.86687,-0.445787,-0.445787,0,All,#4682B4,0
16,5,7.84145,-0.423041,-0.423041,7.13976,-0.83968,-0.83968,7.11295,-0.809613,-0.809613,7.84145,-0.764633,-0.764633,0,All,#4682B4,0
16,5.5,7.73425,-0.350402,-0.350402,7.36877,-0.829591,-0.829591,7.37862,-0.840641,-0.840641,7.73425,-0.682743,-0.682743,0,All,#4682B4,0
16,6,7.58783,0.52117,0.52117,7.45132,0.699408,0.699408,7.50677,0.637227,0.637227,7.58783,0.557872,0.557872,0,All,#4682B4,0
16,6.5,7.41945,0.223114,0.223114,7.41181,-0.0480094,-0.0480094,7.51386,-0.162444,-0.162444,7.41945,0.26753,0.26753,0,All,#4682B4,0
16,7,7.20759,0.82819,0.82819,7.28926,1.03814,1.03814,7.437,0.87247,0.87247,7.20759,1.03202,1.03202,0,All,#4682B4,0
16,7.5,6.94586,0.583885,0.583885,7.11754,0.613934,0.613934,7.31041,0.397643,0.397643,6.94586,0.704651,0.704651,0,All,#4682B4,0
16,8,6.63107,0.914324,0.914324,6.91833,1.15245,1.15245,7.15662,0.885232,0.885232,6.63107,1.06775,1.06775,0,All,#4682B4,0
16,8.5,6.26319,0.532886,0.532886,6.70589,0.572044,0.572044,6.98929,0.254236,0.254236,6.26319,0.567114,0.567114,0,All,#4682B4,0
16,9,5.8515,0.866103,0.866103,6.48836,1.17933,1.17933,6.81646,0.811397,0.811397,5.8515,0.919433,0.919433,0,All,#4682B4,0
16,9.5,5.41778,0.17352,0.17352,6.27216,-0.0394295,-0.0394295,6.64388,-0.456289,-0.456289,5.41778,0.119697,0.119697,0,All,#4682B4,0
16,10,4.98897,0.769845,0.769845,6.06219,1.02476,1.02476,6.47596,0.560755,0.560755,4.98897,0.735214,0.735214,0,All,#4682B4,0
16,10.5,4.59455,0.885465,0.885465,5.86253,1.19596,1.19596,6.31574,0.687723,0.687723,4.59455,0.860911,0.860911,0,All,#4682B4,0
16,11,4.24887,1.37102,1.37102,5.6732,2.10132,2.10132,6.1654,1.54935,1.54935,4.24887,1.46024,1.46024,0,All,#4682B4,0
16,11.5,3.95127,1.06622,1.06622,5.49581,1.57469,1.57469,6.02647,0.979593,0.979593,3.95127,1.04191,1.04191,0,All,#4682B4,0
16,12,3.69209,1.17,1.17,5.33114,1.50254,1.50254,5.89913,0.865587,0.865587,3.69209,1.11544,1.11544,0,All,#4682B4,0
16,12.5,3.46178,1.39116,1.39116,5.17886,1.93348,1.93348,5.78441,1.25441,1.25441,3.46178,1.47464,1.47464,0,All,#4682B4,0
16,13,3.24957,0.378216,0.378216,5.03811,-0.226647,-0.226647,5.68146,-0.94812,-0.94812,3.24957,0.426484,0.426484,0,All,#4682B4,0
16,13.5,3.05361,1.26776,1.26776,4.90781,1.22256,1.22256,5.58872,0.45898,0.45898,3.05361,1.33737,1.33737,0,All,#4682B4,0
16,14,2.86553,0.715906,0.715906,4.78618,0.0962437,0.0962437,5.50661,-0.711663,-0.711663,2.86553,0.693893,0.693893,0,All,#4682B4,0
16,14.5,2.68228,1.94328,1.94328,4.67291,2.31023,2.31023,5.43242,1.4585,1.4585,2.68228,1.95052,1.95052,0,All,#4682B4,0
16,15,2.49977,0.705781,0.705781,4.56585,-0.31271,-0.31271,5.36591,-1.20991,-1.20991,2.49977,0.6642,0.6642,0,All,#4682B4,0
16,15.5,2.3175,0.75903,0.75903,4.46388,-0.373294,-0.373294,5.3053,-1.31688,-1.31688,2.3175,0.741627,0.741627,0,All,#4682B4,0
16,16,2.13488,1.03712,1.03712,4.36558,0.0341176,0.0341176,5.24935,-0.95696,-0.95696,2.13488,1.05313,1.05313,0,All,#4682B4,0
16,16.5,1.95208,1.18559,1.18559,4.26977,0.300801,0.300801,5.19681,-0.738802,-0.738802,1.95208,1.21311,1.21311,0,All,#4682B4,0
16,17,1.76731,1.65951,1.65951,4.17575,0.98264,0.98264,5.14658,-0.106061,-0.106061,1.76731,1.63833,1.63833,0,All,#4682B4,0
17,1,0,2.43615,0.501545,0,3.36426,1.43217,0,3.36426,1.04853,0,1.9472,0.713559,1,All,#4682B4,0
17,1.5,0,0.910044,0.121773,0,3.36426,0.291723,0,3.36426,0.0434367,0,0.927694,0.39977,1,All,#4682B4,0
17,2,3.5826,0.158042,-0.135124,0,3.36426,0.475625,0.561278,2.73483,-0.0522704,3.5826,0.190687,0.0102373,1,All,#4682B4,0
17,2.5,5.76448,-0.315856,-0.33012,2.9246,0.0845533,-0.743943,2.95631,0.0489975,-0.824713,5.76448,-0.302682,-0.306495,1,All,#4682B4,0
17,3,6.81659,-0.470245,-0.470245,4.68947,-1.03672,-1.03672,4.41026,-0.723608,-0.723608,6.81659,-0.575047,-0.575047,0,All,#4682B4,0
17,3.5,7.41803,-0.214485,-0.214485,5.80412,-0.270393,-0.270393,5.43559,0.142875,0.142875,7.41803,-0.458981,-0.458981,0,All,#4682B4,0
17,4,7.74725,-0.233598,-0.233598,6.58532,-0.443315,-0.443315,6.21678,-0.0300323,-0.0300323,7.74725,-0.514423,-0.514423,0,All,#4682B4,0
17,4.5,7.86687,-0.214444,-0.214444,7.15672,-0.660205,-0.660205,6.82682,-0.29025,-0.29025,7.86687,-0.578134,-0.578134,0,All,#4682B4,0
17,5,7.84145,0.0573486,0.0573486,7.56418,-0.370276,-0.370276,7.29574,-0.0692336,-0.0692336,7.84145,-0.233291,-0.233291,0,All,#4682B4,0
17,5.5,7.73425,0.452172,0.452172,7.80456,0.206837,0.206837,7.61392,0.42062,0.42062,7.73425,0.471258,0.471258,0,All,#4682B4,0
17,6,7.58783,0.224997,0.224997,7.8744,-0.440048,-0.440048,7.77047,-0.323491,-0.323491,7.58783,0.118732,0.118732,0,All,#4682B4,0
17,6.5,7.41945,1.04487,1.04487,7.80009,1.11347,1.11347,7.78004,1.13596,1.13596,7.41945,1.31374,1.31374,0,All,#4682B4,0
17,7,7.20759,1.8129,1.8129,7.61436,2.4914,2.4914,7.6784,2.41958,2.41958,7.20759,1.92742,1.92742,0,All,#4682B4,0
17,7.5,6.94586,1.29667,1.29667,7.33995,1.74387,1.74387,7.49865,1.56589,1.56589,6.94586,1.65439,1.65439,0,All,#4682B4,0
17,8,6.63107,1.20052,1.20052,6.99017,1.71446,1.71446,7.26054,1.41126,1.41126,6.63107,1.41888,1.41888,0,All,#4682B4,0
17,8.5,6.26319,0.55103,0.55103,6.57635,0.783481,0.783481,6.97398,0.337569,0.337569,6.26319,0.568996,0.568996,0,All,#4682B4,0
17,9,5.8515,0.132667,0.132667,6.11756,0.31113,0.31113,6.64533,-0.280722,-0.280722,5.8515,0.0977652,0.0977652,0,All,#4682B4,0
17,9.5,5.41778,-0.051678,-0.051678,5.63573,0.327754,0.327754,6.28177,-0.396721,-0.396721,5.41778,-0.14169,-0.14169,0,All,#4682B4,0
17,10,4.98897,-0.536707,-0.536707,5.15624,-0.244743,-0.244743,5.89261,-1.07052,-1.07052,4.98897,-0.66554,-0.66554,0,All,#4682B4,0
17,10.5,4.59455,0.186673,0.186673,4.69513,1.34332,1.34332,5.48749,0.454753,0.454753,4.59455,0.143096,0.143096,0,All,#4682B4,0
17,11,4.24887,-0.737143,-0.737143,4.26027,-0.166275,-0.166275,5.07835,-1.08369,-1.08369,4.24887,-0.725878,-0.725878,0,All,#4682B4,0
17,11.5,3.95127,-0.358303,-0.358303,3.85633,0.755469,0.755469,4.67488,-0.162472,-0.162472,3.95127,-0.330144,-0.330144,0,All,#4682B4,0
17,12,3.69209,-0.655048,-0.655048,3.4806,0.386223,0.386223,4.28555,-0.516465,-0.516465,3.69209,-0.742293,-0.742293,0,All,#4682B4,0
17,12.5,3.46178,-0.912872,-0.991103,3.12951,-0.145235,-0.287689,3.91602,-1.02725,-1.51125,3.46178,-0.949371,-0.997692,1,All,#4682B4,0
17,13,3.24957,-0.834143,-1.12112,2.79667,0.228013,-0.179181,3.56582,-0.634519,-1.36742,3.24957,-0.865405,-1.15171,1,All,#4682B4,0
17,13.5,3.05361,-0.645801,-1.16952,2.48326,0.579481,-0.0629018,3.23509,-0.263633,-0.712868,3.05361,-0.75868,-1.19171,1,All,#4682B4,0
17,14,2.86553,-0.528251,-1.67264,2.17953,0.920087,-1.05283,2.92256,0.0868405,-1.09148,2.86553,-0.563827,-1.64951,1,All,#4682B4,0
17,14.5,2.68228,0.515046,0.515046,1.88533,2.84018,2.84018,2.62711,2.00834,2.00834,2.68228,0.510281,0.510281,0,All,#4682B4,0
17,15,2.49977,-0.0986032,-0.0986032,1.59696,1.69563,1.69563,2.34643,0.855163,0.855163,2.49977,-0.0682156,-0.0682156,0,All,#4682B4,0
17,15.5,2.3175,1.45245e-05,-0.931015,1.31612,1.88833,-1.02917,2.0726,1.04,-0.634527,2.3175,-0.0315123,-0.929179,1,All,#4682B4,0
18,1,0,2.17395,0.34323,0,3.36426,1.04853,0,3.36426,0.757985,0,1.73497,0.563651,1,All,#4682B4,0
18,1.5,0,0.809649,-0.0870173,0,3.36426,0.0434367,0,3.36426,0.623962,0,0.850219,0.247711,1,All,#4682B4,0
18,2,3.5826,0.191604,0.117428,0,3.36426,0.11122,0,3.36426,1.05672,3.5826,0.235034,0.216747,1,All,#4682B4,0
18,2.5,5.76448,-0.269465,-0.58751,0,3.36426,0.827025,0,3.36426,0.667067,5.76448,-0.252845,-0.363798,1,All,#4682B4,0
18,3,6.81659,-0.182632,-0.182632,5.50789,-1.08765,-1.08765,5.22529,-0.77074,-0.77074,6.81659,-0.419415,-0.419415,0,All,#4682B4,0
18,3.5,7.41803,0.4332,0.4332,7.12832,0.146543,0.146543,6.98722,0.304777,0.304777,7.41803,0.267517,0.267517,0,All,#4682B4,0
18,4,7.74725,0.23505,0.23505,7.81879,-0.705132,-0.705132,7.70704,-0.579815,-0.579815,7.74725,-0.0699685,-0.0699685,0,All,#4682B4,0
18,4.5,7.86687,0.589656,0.589656,8.17409,0.0840055,0.0840055,8.08618,0.182591,0.182591,7.86687,0.645464,0.645464,0,All,#4682B4,0
18,5,7.84145,0.804781,0.804781,8.33009,0.45407,0.45407,8.26975,0.521743,0.521743,7.84145,1.01943,1.01943,0,All,#4682B4,0
18,5.5,7.73425,0.713577,0.713577,8.33142,0.129615,0.129615,8.303,0.16149,0.16149,7.73425,0.84709,0.84709,0,All,#4682B4,0
18,6,7.58783,1.41052,1.41052,8.21098,1.49152,1.49152,8.21722,1.48451,1.48451,7.58783,1.82366,1.82366,0,All,#4682B4,0
18,6.5,7.41945,1.04984,1.04984,7.97797,0.88371,0.88371,8.0264,0.829407,0.829407,7.41945,1.34338,1.34338,0,All,#4682B4,0
18,7,7.20759,1.11613,1.11613,7.61903,1.20774,1.20774,7.72373,1.09032,1.09032,7.20759,1.45297,1.45297,0,All,#4682B4,0
18,7.5,6.94586,-0.0689878,-0.0689878,7.11014,-0.578812,-0.578812,7.29092,-0.781538,-0.781538,6.94586,-0.244094,-0.244094,0,All,#4682B4,0
18,8,6.63107,-0.193604,-0.193604,6.4474,-0.152957,-0.152957,6.71789,-0.456291,-0.456291,6.63107,-0.341447,-0.341447,0,All,#4682B4,0
18,8.5,6.26319,-0.70585,-0.70585,5.71739,-0.455739,-0.455739,6.05737,-0.836993,-0.836993,6.26319,-0.939669,-0.939669,0,All,#4682B4,0
18,9,5.8515,-0.0847751,-0.0847751,5.08644,1.0727,1.0727,5.4443,0.671398,0.671398,5.8515,-0.253473,-0.253473,0,All,#4682B4,0
18,9.5,5.41778,-0.612176,-0.612176,4.59186,0.443115,0.443115,4.95513,0.035737,0.035737,5.41778,-0.758794,-0.758794,0,All,#4682B4,0
18,10,4.98897,-0.606933,-0.606933,4.18654,0.571315,0.571315,4.55665,0.156272,0.156272,4.98897,-0.669346,-0.669346,0,All,#4682B4,0
18,10.5,4.59455,-0.657329,-0.657329,3.83797,0.831008,0.831008,4.21528,0.407882,0.407882,4.59455,-0.703222,-0.703222,0,All,#4682B4,0
18,11,4.24887,-0.978724,-0.978724,3.52168,0.254925,0.254925,3.90818,-0.17851,-0.17851,4.24887,-0.880021,-0.880021,0,All,#4682B4,0
18,11.5,3.95127,-0.534994,-0.534994,3.22517,1.16273,1.16273,3.6208,0.71906,0.71906,3.95127,-0.609634,-0.609634,0,All,#4682B4,0
18,12,3.69209,-0.962932,-0.962932,2.93811,0.412561,0.412561,3.34292,-0.0414048,-0.0414048,3.69209,-0.956335,-0.956335,0,All,#4682B4,0
18,12.5,3.46178,-0.90839,-0.938484,2.6569,0.384754,-0.73746,3.07295,-0.0818127,-0.275193,3.46178,-0.960728,-0.992869,1,All,#4682B4,0
18,13,3.24957,-0.784883,-1.40304,2.37904,0.696358,-0.903222,2.80601,0.217545,-0.339153,3.24957,-0.804172,-1.44641,1,All,#4682B4,0
18,13.5,3.05361,-0.640718,-0.82979,2.10315,1.00575,-0.463617,2.54101,0.514719,-1.05429,3.05361,-0.681755,-0.88695,1,All,#4682B4,0
18,14,2.86553,-0.484082,-1.74131,1.82755,1.31481,-0.919815,2.277,0.810788,0.0931209,2.86553,-0.464694,-1.66438,1,All,#4682B4,0
18,14.5,2.68228,-0.285003,-0.659051,1.55261,1.62313,-0.426468,2.01261,1.10727,1.0166,2.68228,-0.25031,-0.670959,1,All,#4682B4,0
18,15,2.49977,-0.128825,-0.258152,1.27772,1.9314,0.325641,1.75106,1.40059,-1.73879,2.49977,-0.193474,-0.347434,1,All,#4682B4,0
