ID,time,prediction_pwRes,pwRes,pwRes_simBlq,prediction_iwRes_mean,iwRes_mean,iwRes_mean_simBlq,prediction_iwRes_mode,iwRes_mode,iwRes_mode_simBlq,prediction_npde,npde,npde_simBlq,censored,split,color,filter
7,1,0,14.9131,-0.0564604,0,5.71957e+15,1.2505,0,5.71957e+15,0,0,2.58861,0.499027,1,All,#4682B4,0
7,1.5,0,3.98532,-0.229434,0,5.71957e+15,0,0,5.71957e+15,1.77857,0,2.047,0.296744,1,All,#4682B4,0
7,2,0,1.15738,-0.437444,0,5.71957e+15,0,0,5.71957e+15,0,0,1.24764,0.385136,1,All,#4682B4,0
7,2.5,1.04267,0.378076,0.244739,0,5.71957e+15,0,0,5.71957e+15,0,1.04267,0.569124,0.502785,1,All,#4682B4,0
7,3,1.6954,-0.00691266,-0.567658,0,5.71957e+15,0,0,5.71957e+15,0,1.6954,0.208776,-0.225169,1,All,#4682B4,0
7,3.5,2.06854,-0.267754,-0.362519,0,5.71957e+15,0,0,5.71957e+15,0,2.06854,-0.0881788,-0.205788,1,All,#4682B4,0
7,4,2.27279,-0.425079,-1.2039,0,5.71957e+15,0,0,5.71957e+15,0,2.27279,-0.324214,-0.937628,1,All,#4682B4,0
7,4.5,2.347,-0.498291,-1.04017,0.270231,8.96244,-0.567717,0.126296,21.9374,0.0295395,2.347,-0.443258,-0.984507,1,All,#4682B4,0
7,5,2.33123,-0.603184,-0.862679,1.23905,0.0605162,-0.00862572,1.03015,0.564025,-0.911007,2.33123,-0.547536,-0.869156,1,All,#4682B4,0
7,5.5,2.26472,0.512717,0.512717,2.26116,0.534434,0.534434,1.9869,0.942594,0.942594,2.26472,0.5388,0.5388,0,All,#4682B4,0
7,6,2.17388,1.32296,1.32296,3.06077,0.482187,0.482187,2.81004,0.741361,0.741361,2.17388,1.36775,1.36775,0,All,#4682B4,0
7,6.5,2.06942,0.709988,0.709988,3.15418,-0.210579,-0.210579,3.04303,-0.129786,-0.129786,2.06942,0.768486,0.768486,0,All,#4682B4,0
7,7,1.93798,0.116412,0.116412,2.87393,-0.584927,-0.584927,2.82,-0.549785,-0.549785,1.93798,0.261255,0.261255,0,All,#4682B4,0
7,7.5,1.7756,1.48003,1.48003,2.61114,0.982355,0.982355,2.54593,1.06957,1.06957,1.7756,1.36696,1.36696,0,All,#4682B4,0
7,8,1.5803,0.343431,0.343431,2.45594,-0.331363,-0.331363,2.36148,-0.247719,-0.247719,1.5803,0.463966,0.463966,0,All,#4682B4,0
7,8.5,1.35207,0.16624,0.16624,2.38173,-0.510315,-0.510315,2.25869,-0.40615,-0.40615,1.35207,0.313472,0.313472,0,All,#4682B4,0
7,9,1.09666,-0.239611,-1.08613,2.27947,-1.07281,-1.92636,2.13726,-0.983003,-1.22796,1.09666,-0.117301,-1.11257,1,All,#4682B4,0
7,9.5,0.827579,1.64751,1.64751,2.12959,1.22901,1.22901,1.98156,1.50178,1.50178,0.827579,1.55756,1.55756,0,All,#4682B4,0
7,10,0.56154,0.700027,0.700027,1.93559,0.255833,0.255833,1.78741,0.477874,0.477874,0.56154,0.808809,0.808809,0,All,#4682B4,0
7,10.5,0.316844,0.413776,0.413776,1.69658,-0.0379582,-0.0379582,1.55089,0.186045,0.186045,0.316844,0.581266,0.581266,0,All,#4682B4,0
7,11,0.102384,0.204128,-0.972959,1.41287,-0.244965,-0.63918,1.27094,-0.00178619,-0.993459,0.102384,0.360637,-0.916995,1,All,#4682B4,0
7,11.5,0,0.340395,-0.9922,1.07844,0.430303,-0.617354,0.939675,0.851582,0.829961,0,0.512995,-1.09561,1,All,#4682B4,0
7,12,0,0.452351,-0.93465,0.68519,2.0676,0.0700133,0.549994,3.17132,1.73635,0,0.507987,-0.846758,1,All,#4682B4,0
7,12.5,0,0.698039,-0.812066,0.224195,11.3002,2.03373,0.093171,30.5982,-1.00619,0,0.828766,-0.589272,1,All,#4682B4,0
7,13,0,0.885787,-0.750852,0,5.71957e+15,0,0,5.71957e+15,0,0,0.985673,-0.584705,1,All,#4682B4,0
7,13.5,0,1.0815,-0.660255,0,5.71957e+15,0,0,5.71957e+15,1.6389,0,1.06113,-0.318162,1,All,#4682B4,0
7,14,0,1.23182,-0.580076,0,5.71957e+15,0,0,5.71957e+15,0,0,1.15021,-0.385096,1,All,#4682B4,0
7,14.5,0,1.57181,-0.518272,0,5.71957e+15,1.30736,0,5.71957e+15,0,0,1.33089,-0.0304182,1,All,#4682B4,0
7,15,0,1.60446,-0.493001,0,5.71957e+15,0,0,5.71957e+15,1.35312,0,1.40788,-0.00973711,1,All,#4682B4,0
7,15.5,0,1.76975,-0.433688,0,5.71957e+15,1.66647,0,5.71957e+15,0,0,1.47891,0.12369,1,All,#4682B4,0
7,16,0,1.88609,-0.424566,0,5.71957e+15,0,0,5.71957e+15,1.33023,0,1.50077,0.055608,1,All,#4682B4,0
8,1,0,212.835,-0.0447214,0,5.71957e+15,0,0,5.71957e+15,0,0,2.81537,1.46609,1,All,#4682B4,0
8,1.5,0,4.38665,-0.253221,0,5.71957e+15,1.77857,0,5.71957e+15,0,0,2.10418,0.777801,1,All,#4682B4,0
8,2,0,1.09556,-0.458179,0,5.71957e+15,0,0,5.71957e+15,0,0,1.19731,-0.0797513,1,All,#4682B4,0
8,2.5,1.04267,0.428565,-0.117272,0,5.71957e+15,0,0,5.71957e+15,0,1.04267,0.605712,0.27959,1,All,#4682B4,0
8,3,1.6954,0.448615,0.448615,1.82945,0.0404525,0.0404525,1.41133,0.770119,0.770119,1.6954,0.538405,0.538405,0,All,#4682B4,0
8,3.5,2.06854,-0.292639,-1.10469,2.42172,-1.15209,-1.39173,2.24658,-1.05305,-2.05463,2.06854,-0.19124,-0.762632,1,All,#4682B4,0
8,4,2.27279,1.16178,1.16178,2.66834,0.836742,0.836742,2.56735,0.964947,0.964947,2.27279,1.10049,1.10049,0,All,#4682B4,0
8,4.5,2.347,-0.535884,-0.88034,2.76013,-1.30785,-1.59777,2.71747,-1.29035,-1.80782,2.347,-0.480245,-0.771644,1,All,#4682B4,0
8,5,2.33123,1.45035,1.45035,2.76634,1.01902,1.01902,2.76869,1.0161,1.0161,2.33123,1.34401,1.34401,0,All,#4682B4,0
8,5.5,2.26472,-0.569279,-0.810177,2.73196,-1.29636,-1.55774,2.76166,-1.30846,-1.56156,2.26472,-0.521727,-0.732349,1,All,#4682B4,0
8,6,2.17388,1.50425,1.50425,2.67725,1.17878,1.17878,2.72377,1.11728,1.11728,2.17388,1.48938,1.48938,0,All,#4682B4,0
8,6.5,2.06942,-0.566645,-0.734936,2.60824,-1.24294,-1.86109,2.66711,-1.26897,-1.33686,2.06942,-0.472984,-0.703649,1,All,#4682B4,0
8,7,1.93798,1.63909,1.63909,2.52546,1.33769,1.33769,2.59525,1.23657,1.23657,1.93798,1.49584,1.49584,0,All,#4682B4,0
8,7.5,1.7756,0.911913,0.911913,2.42748,0.451593,0.451593,2.50796,0.359361,0.359361,1.7756,0.885999,0.885999,0,All,#4682B4,0
8,8,1.5803,1.49907,1.49907,2.31207,1.19228,1.19228,2.40342,1.05489,1.05489,1.5803,1.42075,1.42075,0,All,#4682B4,0
8,8.5,1.35207,0.550198,0.550198,2.17637,0.0151713,0.0151713,2.27901,-0.094616,-0.094616,1.35207,0.630472,0.630472,0,All,#4682B4,0
8,9,1.09666,0.24256,0.24256,2.01752,-0.321218,-0.321218,2.13173,-0.433801,-0.433801,1.09666,0.358354,0.358354,0,All,#4682B4,0
8,9.5,0.827579,0.673749,0.673749,1.83335,0.471253,0.471253,1.95853,0.286306,0.286306,0.827579,0.761492,0.761492,0,All,#4682B4,0
8,10,0.56154,-0.0155761,-0.595618,1.62261,-0.526429,-1.18301,1.75738,-0.671836,-1.05506,0.56154,0.141885,-0.433581,1,All,#4682B4,0
8,10.5,0.316844,0.0205895,-0.984442,1.38902,-0.207572,-1.80007,1.53124,-0.413296,-0.61843,0.316844,0.191693,-0.977335,1,All,#4682B4,0
8,11,0.102384,0.133664,-0.920724,1.14709,0.259567,-0.397558,1.28997,-0.0375048,-0.494549,0.102384,0.323423,-0.84875,1,All,#4682B4,0
8,11.5,0,0.289867,-0.976491,0.928289,0.891741,0.229439,1.06154,0.475711,-1.77626,0,0.500285,-0.949519,1,All,#4682B4,0
8,12,0,0.409725,-0.949311,0.757507,1.63894,-0.5847,0.878416,1.07991,0.678317,0,0.577251,-1.09283,1,All,#4682B4,0
8,12.5,0,0.596698,-0.846059,0.639458,2.38872,0.330725,0.746065,1.70123,-0.0882715,0,0.788575,-0.816303,1,All,#4682B4,0
8,13,0,0.851624,-0.768111,0.558427,3.08685,-1.09782,0.652373,2.29347,0.335115,0,0.988696,-0.972919,1,All,#4682B4,0
8,13.5,0,1.06544,-0.675422,0.498299,3.75164,1.17877,0.581736,2.8661,-0.275166,0,1.14517,-0.592811,1,All,#4682B4,0
8,14,0,1.24865,-0.574499,0.451262,4.3952,-0.144101,0.524601,3.4421,0.534046,0,1.28995,-0.0815936,1,All,#4682B4,0
8,14.5,0,1.38839,-0.520528,0.410655,5.06936,0.548462,0.473377,4.07669,0.188563,0,1.3182,0.133027,1,All,#4682B4,0
8,15,0,1.41787,-0.453136,0.370178,5.88855,0.927869,0.425401,4.80966,0.744588,0,1.47047,-0.16784,1,All,#4682B4,0
8,15.5,0,1.605,-0.444291,0.33108,6.87002,1.60095,0.378852,5.69826,0.163165,0,1.51544,0.25425,1,All,#4682B4,0
8,16,0,1.77372,-0.420997,0.291843,8.11936,-0.0912668,0.332447,6.83182,-1.77713,0,1.55442,-0.330511,1,All,#4682B4,0
8,16.5,0,2.21575,-0.415079,0.252128,9.77989,0.840272,0.285936,8.33715,0.027945,0,1.63707,0.1089,1,All,#4682B4,0
8,17,0,2.11144,-0.372588,0.211129,12.1495,1.31432,0.239335,10.4321,-1.32848,0,1.72681,-0.221824,1,All,#4682B4,0
8,17.5,0,2.12684,-0.364423,0.169961,15.6791,-0.468603,0.192386,13.5691,-1.57923,0,1.64979,0.154979,1,All,#4682B4,0
8,18,0,2.38454,-0.355333,0.127752,21.6599,-0.0648238,0.144998,18.7955,0.700343,0,1.82271,-0.140426,1,All,#4682B4,0
8,18.5,0,2.52615,-0.350681,0.0854852,33.567,0.307103,0.097267,29.2076,0.512844,0,1.7484,0.501331,1,All,#4682B4,0
8,19,0,2.15692,-0.291542,0.0422764,70.3502,0.432994,0.0488683,60.5338,-0.591188,0,1.69361,-0.147388,1,All,#4682B4,0
8,19.5,0,2.58889,-0.307976,0,5.71957e+15,0,0.000739154,4159.86,0.193192,0,2.01731,0.0138687,1,All,#4682B4,0
9,1,0,26.7317,-0.072608,0,5.71957e+15,0,0,5.71957e+15,0,0,2.86175,1.1456,1,All,#4682B4,0
9,1.5,0,2.75676,-0.258651,0,5.71957e+15,0,0,5.71957e+15,1.68833,0,1.78117,0.111349,1,All,#4682B4,0
9,2,0,0.950177,-0.457043,0.468387,4.14593,0.858659,0.343023,6.5465,0.683038,0,1.13706,-0.0709804,1,All,#4682B4,0
9,2.5,1.04267,0.267293,0.169596,1.46951,-0.328896,-0.672496,1.26008,0.0190766,-0.022921,1.04267,0.53817,0.476462,1,All,#4682B4,0
9,3,1.6954,0.922741,0.922741,1.949,0.921021,0.921021,1.71131,1.38542,1.38542,1.6954,0.815979,0.815979,0,All,#4682B4,0
9,3.5,2.06854,0.853559,0.853559,2.20304,0.887339,0.887339,1.97517,1.2692,1.2692,2.06854,0.91384,0.91384,0,All,#4682B4,0
9,4,2.27279,0.686766,0.686766,2.3056,0.813665,0.813665,2.12549,1.08788,1.08788,2.27279,0.693797,0.693797,0,All,#4682B4,0
9,4.5,2.347,0.48728,0.48728,2.30407,0.552958,0.552958,2.19103,0.706475,0.706475,2.347,0.540989,0.540989,0,All,#4682B4,0
9,5,2.33123,0.408981,0.408981,2.23345,0.636198,0.636198,2.18546,0.703359,0.703359,2.33123,0.425392,0.425392,0,All,#4682B4,0
9,5.5,2.26472,-0.719552,-0.749074,2.11535,-0.968093,-1.3385,2.12889,-0.977344,-0.978545,2.26472,-0.626058,-0.661727,1,All,#4682B4,0
9,6,2.17388,-0.693335,-0.955794,1.9623,-0.854654,-1.62556,2.03593,-0.91136,-2.06315,2.17388,-0.685685,-1.00304,1,All,#4682B4,0
9,6.5,2.06942,-0.204727,-0.204727,1.77915,-0.0533083,-0.0533083,1.91427,-0.220535,-0.220535,2.06942,-0.131195,-0.131195,0,All,#4682B4,0
9,7,1.93798,-0.562613,-0.569185,1.56859,-0.46114,-0.71552,1.7683,-0.682644,-1.00598,1.93798,-0.52507,-0.530768,1,All,#4682B4,0
9,7.5,1.7756,-0.318604,-0.318604,1.33419,0.446323,0.446323,1.60116,-0.032016,-0.032016,1.7756,-0.208589,-0.208589,0,All,#4682B4,0
9,8,1.5803,-0.449742,-0.959331,1.08662,0.408815,0.310642,1.41716,-0.251561,-0.895635,1.5803,-0.301074,-1.05234,1,All,#4682B4,0
9,8.5,1.35207,-0.287055,-0.364034,0.840098,1.23966,-0.429159,1.2227,0.0937065,-0.366523,1.35207,-0.144096,-0.2392,1,All,#4682B4,0
9,9,1.09666,-0.281236,-0.389798,0.612031,2.60432,0.388197,1.02707,0.572991,-1.13971,1.09666,-0.113224,-0.249997,1,All,#4682B4,0
9,9.5,0.827579,-0.181631,-0.610966,0.415104,4.98907,-0.404022,0.840576,1.23758,0.902772,0.827579,-0.0479397,-0.523641,1,All,#4682B4,0
9,10,0.56154,-0.0623705,-0.777239,0.252977,9.73895,-0.630415,0.668855,2.17726,-0.254977,0.56154,0.142479,-0.731455,1,All,#4682B4,0
9,10.5,0.316844,0.0215056,-1.00897,0.119298,23.3664,-0.361497,0.517417,3.52351,1.79482,0.316844,0.218919,-1.05942,1,All,#4682B4,0
9,11,0.102384,0.150453,-1.00169,0.00839949,363.858,1.26133,0.386568,5.53617,0.510461,0.102384,0.351256,-0.874527,1,All,#4682B4,0
9,11.5,0,0.295995,-1.01484,0,5.71957e+15,1.36977,0.272386,8.87237,1.9986,0,0.521947,-1.25658,1,All,#4682B4,0
9,12,0,0.439059,-0.939331,0,5.71957e+15,0,0.172545,15.408,-1.22616,0,0.571351,-0.8519,1,All,#4682B4,0
9,12.5,0,0.638599,-0.831942,0,5.71957e+15,0,0.0827465,34.7581,0.679056,0,0.794943,-0.594881,1,All,#4682B4,0
9,13,0,0.703099,-0.754077,0,5.71957e+15,0,0.000106305,28938.6,-0.132094,0,0.818746,-0.644762,1,All,#4682B4,0
9,13.5,0,0.995944,-0.685178,0,5.71957e+15,1.65002,0,5.71957e+15,1.17315,0,1.12477,-0.263071,1,All,#4682B4,0
9,14,0,1.1867,-0.630868,0,5.71957e+15,0,0,5.71957e+15,1.91476,0,1.14954,-0.356774,1,All,#4682B4,0
9,14.5,0,1.48751,-0.564203,0,5.71957e+15,0,0,5.71957e+15,0,0,1.3942,-0.0132986,1,All,#4682B4,0
9,15,0,1.59888,-0.492918,0,5.71957e+15,1.56076,0,5.71957e+15,1.88495,0,1.43261,-0.462826,1,All,#4682B4,0
9,15.5,0,1.56959,-0.450883,0,5.71957e+15,0,0,5.71957e+15,0,0,1.42132,-0.0203499,1,All,#4682B4,0
9,16,0,1.82708,-0.432294,0,5.71957e+15,0,0,5.71957e+15,1.53676,0,1.50337,0.0264106,1,All,#4682B4,0
9,16.5,0,2.02566,-0.39963,0,5.71957e+15,0,0,5.71957e+15,0,0,1.55471,0.308143,1,All,#4682B4,0
9,17,0,2.03939,-0.401219,0,5.71957e+15,0,0,5.71957e+15,0,0,1.57875,0.521454,1,All,#4682B4,0
9,17.5,0,2.05845,-0.365249,0,5.71957e+15,0,0,5.71957e+15,1.32371,0,1.65535,-0.064477,1,All,#4682B4,0
10,1,0,13.087,-0.0598133,0,5.71957e+15,0,0,5.71957e+15,0,0,2.67449,0.168496,1,All,#4682B4,0
10,1.5,0,2.67958,-0.234839,0.44253,4.52973,-0.981373,0.225074,11.2467,1.69178,0,1.84553,1.03125,1,All,#4682B4,0
10,2,0,2.95499,2.95499,2.21226,0.654541,0.654541,2.15481,0.736586,0.736586,0,1.87679,1.87679,0,All,#4682B4,0
10,2.5,1.04267,2.67258,2.67258,2.75773,0.959491,0.959491,2.73212,0.991198,0.991198,1.04267,2.00565,2.00565,0,All,#4682B4,0
10,3,1.6954,2.45598,2.45598,2.91649,1.29037,1.29037,2.92348,1.2815,1.2815,1.6954,2.24657,2.24657,0,All,#4682B4,0
10,3.5,2.06854,1.85265,1.85265,2.87122,1.18861,1.18861,2.90122,1.15127,1.15127,2.06854,1.71757,1.71757,0,All,#4682B4,0
10,4,2.27279,0.761969,0.761969,2.74312,0.156206,0.156206,2.78696,0.115645,0.115645,2.27279,0.816097,0.816097,0,All,#4682B4,0
10,4.5,2.347,-0.237383,-0.237383,2.58616,-0.876917,-0.876917,2.63931,-0.908039,-0.908039,2.347,-0.182931,-0.182931,0,All,#4682B4,0
10,5,2.33123,-0.0373332,-0.0373332,2.42053,-0.43088,-0.43088,2.48102,-0.479439,-0.479439,2.33123,-0.000715225,-0.000715225,0,All,#4682B4,0
10,5.5,2.26472,-0.599516,-0.70016,2.25482,-1.05805,-1.09869,2.32164,-1.09732,-1.49491,2.26472,-0.558921,-0.669247,1,All,#4682B4,0
10,6,2.17388,-0.128422,-0.128422,2.09432,-0.317308,-0.317308,2.16636,-0.387313,-0.387313,2.17388,-0.0289739,-0.0289739,0,All,#4682B4,0
10,6.5,2.06942,0.779136,0.779136,1.94382,1.32873,1.32873,2.01944,1.18827,1.18827,2.06942,0.837642,0.837642,0,All,#4682B4,0
10,7,1.93798,1.12768,1.12768,1.80823,2.06552,2.06552,1.88639,1.87957,1.87957,1.93798,1.09296,1.09296,0,All,#4682B4,0
10,7.5,1.7756,-0.0130811,-0.0130811,1.69213,0.183066,0.183066,1.76945,0.0692058,0.0692058,1.7756,0.167198,0.167198,0,All,#4682B4,0
10,8,1.5803,0.172636,0.172636,1.59868,0.532356,0.532356,1.67389,0.3996,0.3996,1.5803,0.362825,0.362825,0,All,#4682B4,0
10,8.5,1.35207,-0.284496,-0.462684,1.52886,-0.410162,-1.18698,1.60027,-0.499966,-2.24276,1.35207,-0.142708,-0.389675,1,All,#4682B4,0
10,9,1.09666,-0.182681,-0.520063,1.47825,-0.341265,-0.360688,1.54684,-0.433552,-0.599279,1.09666,-0.00998797,-0.375255,1,All,#4682B4,0
10,9.5,0.827579,-0.0910951,-0.653612,1.41543,-0.248898,-1.88103,1.48557,-0.351522,-1.81727,0.827579,0.0829286,-0.572053,1,All,#4682B4,0
10,10,0.56154,0.573174,0.573174,1.33162,0.852079,0.852079,1.4041,0.683037,0.683037,0.56154,0.749701,0.749701,0,All,#4682B4,0
10,10.5,0.316844,0.20433,-0.892525,1.22865,0.0815282,-0.451475,1.30462,-0.0642761,-0.456154,0.316844,0.369402,-0.806632,1,All,#4682B4,0
10,11,0.102384,0.640721,0.640721,1.11259,1.14834,1.14834,1.19168,0.911357,0.911357,0.102384,0.78313,0.78313,0,All,#4682B4,0
10,11.5,0,0.397033,-0.975191,0.989474,0.686802,-0.726219,1.07088,0.450452,0.281511,0,0.537314,-1.27517,1,All,#4682B4,0
10,12,0,0.579358,-0.900515,0.864228,1.13741,-0.366523,0.947716,0.823804,-1.11102,0,0.724579,-0.795935,1,All,#4682B4,0
10,12.5,0,0.670002,-0.820216,0.739468,1.73802,-1.60595,0.824223,1.3102,0.74818,0,0.833192,-0.807353,1,All,#4682B4,0
10,13,0,0.842431,-0.727152,0.616528,2.56766,0.268843,0.703053,1.95352,0.0813431,0,0.993332,-0.468249,1,All,#4682B4,0
10,13.5,0,1.09747,-0.642038,0.495344,3.78847,0.511665,0.584775,2.83862,0.0590821,0,1.15765,-0.653282,1,All,#4682B4,0
10,14,0,1.48239,-0.604754,0.375366,5.77368,0.254977,0.46738,4.16009,2.30923,0,1.29286,-0.528711,1,All,#4682B4,0
10,14.5,0,1.63882,-0.580222,0.256116,9.58992,1.79482,0.350775,6.34827,-0.465195,0,1.4019,0.0326548,1,All,#4682B4,0
10,15,0,1.49486,-0.482667,0.137451,19.9604,0.510461,0.233817,10.7355,-1.08549,0,1.41235,-0.420889,1,All,#4682B4,0
10,15.5,0,1.94936,-0.501856,0.0188763,160.563,1.9986,0.118387,23.5649,0.2322,0,1.4746,0.205355,1,All,#4682B4,0
10,16,0,2.06322,-0.454131,0,5.71957e+15,0,0.0024205,1268.62,0.619949,0,1.56863,-0.339014,1,All,#4682B4,0
10,16.5,0,1.78816,-0.427234,0,5.71957e+15,0,0,5.71957e+15,0,0,1.4802,0.372968,1,All,#4682B4,0
11,1,0,20.5174,-0.0646681,0,5.71957e+15,0,0,5.71957e+15,2.08212,0,2.86282,0.413219,1,All,#4682B4,0
11,1.5,0,3.03652,-0.260677,0,5.71957e+15,1.53315,0,5.71957e+15,1.26979,0,1.95193,0.330803,1,All,#4682B4,0
11,2,0,2.33376,2.33376,1.48948,1.25318,1.25318,1.38057,1.54313,1.54313,0,1.6256,1.6256,0,All,#4682B4,0
11,2.5,1.04267,0.399521,0.0514996,2.2616,-1.06214,-1.30205,2.1805,-1.01155,-1.96461,1.04267,0.664589,0.446458,1,All,#4682B4,0
11,3,1.6954,1.06198,1.06198,2.58015,0.0749706,0.0749706,2.49783,0.157277,0.157277,1.6954,1.00895,1.00895,0,All,#4682B4,0
11,3.5,2.06854,1.20145,1.20145,2.74399,0.543833,0.543833,2.66131,0.635989,0.635989,2.06854,1.15575,1.15575,0,All,#4682B4,0
11,4,2.27279,0.615196,0.615196,2.81934,-0.0338004,-0.0338004,2.74032,0.0350806,0.0350806,2.27279,0.574253,0.574253,0,All,#4682B4,0
11,4.5,2.347,0.933185,0.933185,2.83967,0.529193,0.529193,2.76525,0.608638,0.608638,2.347,0.960496,0.960496,0,All,#4682B4,0
11,5,2.33123,0.794038,0.794038,2.82985,0.351112,0.351112,2.76076,0.420525,0.420525,2.33123,0.766505,0.766505,0,All,#4682B4,0
11,5.5,2.26472,0.0728966,0.0728966,2.80345,-0.495522,-0.495522,2.74122,-0.451778,-0.451778,2.26472,0.11193,0.11193,0,All,#4682B4,0
11,6,2.17388,0.962885,0.962885,2.75792,0.493714,0.493714,2.70662,0.548989,0.548989,2.17388,0.955781,0.955781,0,All,#4682B4,0
11,6.5,2.06942,1.51984,1.51984,2.6903,1.15232,1.15232,2.6551,1.1997,1.1997,2.06942,1.41995,1.41995,0,All,#4682B4,0
11,7,1.93798,1.29812,1.29812,2.59485,0.751666,0.751666,2.58302,0.766208,0.766208,1.93798,1.24146,1.24146,0,All,#4682B4,0
11,7.5,1.7756,1.99082,1.99082,2.46252,1.73875,1.73875,2.48414,1.70253,1.70253,1.7756,1.75387,1.75387,0,All,#4682B4,0
11,8,1.5803,0.447654,0.447654,2.28078,-0.0964254,-0.0964254,2.34973,-0.164678,-0.164678,1.5803,0.635874,0.635874,0,All,#4682B4,0
11,8.5,1.35207,-0.320998,-0.38432,2.03509,-0.910732,-1.54103,2.16861,-1.00381,-1.92617,1.35207,-0.163018,-0.223262,1,All,#4682B4,0
11,9,1.09666,-0.218262,-1.09331,1.71585,-0.629464,-1.2853,1.92912,-0.827693,-1.59706,1.09666,-0.0487618,-1.19455,1,All,#4682B4,0
11,9.5,0.827579,-0.161029,-0.880702,1.34478,-0.134713,-0.176081,1.61969,-0.523019,-0.898062,0.827579,0.0519966,-0.911331,1,All,#4682B4,0
11,10,0.56154,-0.0469878,-0.93746,1.01427,0.610799,0.194258,1.27146,-0.00278801,-1.04669,0.56154,0.134688,-0.895647,1,All,#4682B4,0
11,10.5,0.316844,0.055324,-0.859015,0.781547,1.51402,-1.51124,0.978056,0.723099,0.129066,0.316844,0.247802,-0.828893,1,All,#4682B4,0
11,11,0.102384,0.216608,-0.965229,0.613531,2.59203,-1.3721,0.778305,1.53041,0.447443,0.102384,0.382493,-0.854714,1,All,#4682B4,0
11,11.5,0,0.334467,-0.993394,0.482431,3.95472,-1.44214,0.634818,2.42389,0.807942,0,0.482596,-1.41441,1,All,#4682B4,0
11,12,0,0.412517,-0.929999,0.370898,5.87242,2.86285,0.524314,3.4453,-1.58557,0,0.620833,-0.998376,1,All,#4682B4,0
11,12.5,0,0.686054,-0.876709,0.26928,9.00265,-0.0813431,0.42918,4.74599,1.51373,0,0.808293,-0.889472,1,All,#4682B4,0
11,13,0,0.755669,-0.752838,0.17104,15.5649,0.0590821,0.341092,6.59726,0.778728,0,0.856767,-0.702589,1,All,#4682B4,0
11,13.5,0,1.03208,-0.673084,0.0745183,38.8636,2.30923,0.255374,9.6248,0.359154,0,1.02876,-0.207986,1,All,#4682B4,0
11,14,0,1.16447,-0.560714,0,5.71957e+15,1.30912,0.170548,15.6169,-0.220874,0,1.2138,-0.121397,1,All,#4682B4,0
11,14.5,0,1.44397,-0.555734,0,5.71957e+15,0,0.0857066,33.474,0.244286,0,1.31481,-0.349659,1,All,#4682B4,0
11,15,0,1.36843,-0.492337,0,5.71957e+15,0,0.000121291,25362.8,0.634316,0,1.27912,-0.171806,1,All,#4682B4,0
11,15.5,0,1.61133,-0.462831,0,5.71957e+15,1.90461,0,5.71957e+15,0,0,1.36941,-0.384545,1,All,#4682B4,0
12,1,0,6.69117,-0.0731882,0,5.71957e+15,2.08212,0,5.71957e+15,1.78027,0,2.63307,0.0604633,1,All,#4682B4,0
12,1.5,0,2.3493,-0.237033,0,5.71957e+15,1.26979,0,5.71957e+15,0,0,1.76198,1.04493,1,All,#4682B4,0
12,2,0,0.936462,-0.4514,0,5.71957e+15,1.39822,0,5.71957e+15,0,0,1.16914,0.323678,1,All,#4682B4,0
12,2.5,1.04267,0.283108,0.136319,0,5.71957e+15,0,0,5.71957e+15,1.02729,1.04267,0.478416,0.432115,1,All,#4682B4,0
12,3,1.6954,-0.0541341,-0.475462,0,5.71957e+15,1.24309,0,5.71957e+15,0,1.6954,0.144517,-0.164251,1,All,#4682B4,0
12,3.5,2.06854,-0.298358,-0.745584,0,5.71957e+15,0,0,5.71957e+15,0,2.06854,-0.157694,-0.537566,1,All,#4682B4,0
12,4,2.27279,-0.478911,-1.02573,0,5.71957e+15,0,0,5.71957e+15,0,2.27279,-0.379146,-0.868032,1,All,#4682B4,0
12,4.5,2.347,-0.621075,-1.06228,0.739933,1.7354,0.108736,0.450128,4.41238,1.9129,2.347,-0.621417,-1.013,1,All,#4682B4,0
12,5,2.33123,-0.684975,-1.1448,1.61318,-0.515348,-1.38675,1.56216,-0.453068,-0.530541,2.33123,-0.655403,-1.19773,1,All,#4682B4,0
12,5.5,2.26472,1.19731,1.19731,1.95587,2.185,2.185,1.96478,2.16412,2.16412,2.26472,1.16789,1.16789,0,All,#4682B4,0
12,6,2.17388,0.134517,0.134517,2.05935,0.236026,0.236026,2.09827,0.186727,0.186727,2.17388,0.240271,0.240271,0,All,#4682B4,0
12,6.5,2.06942,-0.639801,-0.655053,2.03201,-0.908441,-1.18362,2.08191,-0.944734,-1.26746,2.06942,-0.621818,-0.64429,1,All,#4682B4,0
12,7,1.93798,-0.121566,-0.121566,1.94345,-0.116486,-0.116486,1.99589,-0.177072,-0.177072,1.93798,-0.0431535,-0.0431535,0,All,#4682B4,0
12,7.5,1.7756,-0.528332,-0.723116,1.82419,-0.73595,-0.846244,1.8767,-0.783146,-1.44423,1.7756,-0.496768,-0.703361,1,All,#4682B4,0
12,8,1.5803,-0.520169,-0.702434,1.68441,-0.595997,-0.600952,1.73642,-0.650709,-1.26321,1.5803,-0.445801,-0.631225,1,All,#4682B4,0
12,8.5,1.35207,-0.395771,-0.586637,1.52736,-0.408184,-0.633043,1.57876,-0.473775,-0.915355,1.35207,-0.31963,-0.528654,1,All,#4682B4,0
12,9,1.09666,-0.293983,-0.785848,1.35488,-0.151761,-0.946496,1.40573,-0.233908,-0.956854,1.09666,-0.137463,-0.707782,1,All,#4682B4,0
12,9.5,0.827579,-0.134482,-0.610514,1.16986,0.207357,-1.78211,1.22001,0.0992673,-0.0239178,0.827579,0.0387562,-0.480801,1,All,#4682B4,0
12,10,0.56154,-0.0549837,-0.640056,0.97842,0.721931,0.530127,1.02601,0.576074,0.518718,0.56154,0.0300447,-0.501412,1,All,#4682B4,0
12,10.5,0.316844,0.0557023,-0.976634,0.79128,1.46559,1.37891,0.833887,1.26694,1.21395,0.316844,0.266089,-0.916354,1,All,#4682B4,0
12,11,0.102384,0.221514,-0.980379,0.624338,2.50523,-0.17322,0.65781,2.25449,1.05122,0.102384,0.418825,-0.90707,1,All,#4682B4,0
12,11.5,0,0.262714,-0.990166,0.487686,3.886,-0.217616,0.51143,3.59313,1.36103,0,0.436185,-1.46602,1,All,#4682B4,0
12,12,0,0.415381,-0.916394,0.385542,5.55736,-1.24441,0.400248,5.26416,-0.859849,0,0.624212,-1.19269,1,All,#4682B4,0
12,12.5,0,0.580353,-0.802994,0.312184,7.43249,2.24618,0.321146,7.15747,0.436874,0,0.841276,-1.00978,1,All,#4682B4,0
12,13,0,0.857987,-0.742331,0.260499,9.38779,0.685655,0.265304,9.1739,0.109016,0,0.997436,-0.87539,1,All,#4682B4,0
12,13.5,0,0.964255,-0.646174,0.222625,11.397,-0.144928,0.224759,11.2658,1.15386,0,1.13328,-0.914918,1,All,#4682B4,0
12,14,0,1.19989,-0.551428,0.192569,13.554,-0.585142,0.194817,13.3696,0.621533,0,1.26511,-0.58445,1,All,#4682B4,0
12,14.5,0,1.28179,-0.472847,0.167341,15.9625,0.137182,0.169373,15.7419,-1.68115,0,1.35969,-0.486482,1,All,#4682B4,0
12,15,0,1.59722,-0.47879,0.143479,19.0201,-0.302467,0.14766,18.4129,0.1287,0,1.4677,-0.455053,1,All,#4682B4,0
12,15.5,0,1.42046,-0.420939,0.120256,23.1609,-1.06666,0.124378,22.313,-1.5562,0,1.43275,-0.17343,1,All,#4682B4,0
12,16,0,1.72425,-0.415822,0.095819,29.6856,0.933109,0.100987,28.0424,-0.125432,0,1.65198,-0.347277,1,All,#4682B4,0
12,16.5,0,1.79207,-0.407837,0.0705724,41.172,1.23735,0.0768133,37.63,0.631228,0,1.53592,0.279368,1,All,#4682B4,0
12,17,0,1.6488,-0.345712,0.0444975,66.7177,-0.0640004,0.0531209,55.4938,0.705906,0,1.6041,0.538965,1,All,#4682B4,0
12,17.5,0,2.13427,-0.369984,0.0173543,174.857,0.904128,0.0268173,112.301,1.20125,0,1.62092,-0.0926619,1,All,#4682B4,0
12,18,0,1.87021,-0.337936,0,5.71957e+15,0,3.68981e-08,8.33801e+07,-0.815136,0,1.62529,-0.0138235,1,All,#4682B4,0
13,1,0,21.8301,-0.0652048,0,5.71957e+15,1.78027,0,5.71957e+15,0,0,2.75451,0.560062,1,All,#4682B4,0
13,1.5,0,3.86209,-0.223829,0,5.71957e+15,0,0,5.71957e+15,1.24912,0,2.02918,1.07019,1,All,#4682B4,0
13,2,0,1.37184,-0.453557,0,5.71957e+15,0,0,5.71957e+15,0,0,1.22159,0.0410471,1,All,#4682B4,0
13,2.5,1.04267,0.371537,-0.173757,0,5.71957e+15,1.02729,0.00252051,1218.19,-0.659651,1.04267,0.642514,0.249646,1,All,#4682B4,0
13,3,1.6954,-0.0223396,-0.35795,0.659404,2.24318,0.315462,0.822862,1.31637,-0.975031,1.6954,0.157228,-0.085923,1,All,#4682B4,0
13,3.5,2.06854,-0.0363105,-0.0363105,1.34175,0.502366,0.502366,1.49738,0.198383,0.198383,2.06854,0.053775,0.053775,0,All,#4682B4,0
13,4,2.27279,0.0794074,0.0794074,1.82678,0.375571,0.375571,1.93426,0.220095,0.220095,2.27279,0.103301,0.103301,0,All,#4682B4,0
13,4.5,2.347,-0.558763,-0.575408,1.98643,-0.873705,-1.46121,2.01109,-0.892696,-1.11897,2.347,-0.507647,-0.533092,1,All,#4682B4,0
13,5,2.33123,-0.168442,-0.168442,1.83233,0.221672,0.221672,1.78812,0.287053,0.287053,2.33123,-0.128762,-0.128762,0,All,#4682B4,0
13,5.5,2.26472,-0.673729,-0.856603,1.52482,-0.404841,-0.875987,1.45158,-0.303031,-0.805882,2.26472,-0.660382,-0.861701,1,All,#4682B4,0
13,6,2.17388,-0.668965,-0.760588,1.19415,0.153875,-0.0965708,1.11864,0.327779,-2.15594,2.17388,-0.635817,-0.769083,1,All,#4682B4,0
13,6.5,2.06942,-0.664779,-0.768103,0.903073,0.984281,-0.515536,0.828555,1.29068,-0.387572,2.06942,-0.663569,-0.748338,1,All,#4682B4,0
13,7,1.93798,-0.602129,-1.22539,0.669513,2.17274,-0.79155,0.607823,2.63912,-0.559187,1.93798,-0.492297,-1.37112,1,All,#4682B4,0
13,7.5,1.7756,-0.518148,-0.783813,0.496583,3.77298,-0.176411,0.452847,4.37135,0.438838,1.7756,-0.403536,-0.796869,1,All,#4682B4,0
13,8,1.5803,-0.463064,-0.592901,0.380244,5.66854,1.33578,0.35569,6.22707,-0.420093,1.5803,-0.330663,-0.473954,1,All,#4682B4,0
13,8.5,1.35207,-0.350251,-0.68835,0.314088,7.37275,1.73287,0.306665,7.60985,-1.22131,1.35207,-0.266701,-0.566952,1,All,#4682B4,0
13,9,1.09666,-0.272725,-0.497725,0.291298,8.13907,-1.08259,0.30009,7.82966,-0.84017,1.09666,-0.0901544,-0.266836,1,All,#4682B4,0
13,9.5,0.827579,-0.153341,-0.511063,0.305093,7.66154,-1.63619,0.327457,6.97283,0.026235,0.827579,0.00178595,-0.351719,1,All,#4682B4,0
13,10,0.56154,-0.0882974,-0.526398,0.34875,6.3992,0.319991,0.384239,5.58442,-0.801306,0.56154,0.0781635,-0.344696,1,All,#4682B4,0
13,10.5,0.316844,0.0745809,-1.03337,0.416244,4.96877,0.408023,0.462946,4.22313,-0.385019,0.316844,0.255844,-0.983175,1,All,#4682B4,0
13,11,0.102384,0.179943,-1.04072,0.501766,3.70898,1.50512,0.556913,3.10183,0.237267,0.102384,0.335965,-1.02441,1,All,#4682B4,0
13,11.5,0,0.289334,-1.02451,0.58655,2.82269,0.67463,0.64591,2.34066,-0.516185,0,0.468938,-1.38858,1,All,#4682B4,0
13,12,0,0.42572,-0.951439,0.56732,3.00049,0.82833,0.634535,2.42605,-0.728455,0,0.55531,-1.18333,1,All,#4682B4,0
13,12.5,0,0.59983,-0.899252,0.447041,4.45958,-1.05122,0.529006,3.39326,-1.00341,0,0.782459,-0.792882,1,All,#4682B4,0
13,13,0,0.864091,-0.805512,0.237085,10.5542,1.36103,0.339234,6.64668,0.664486,0,0.912156,-0.720444,1,All,#4682B4,0
13,13.5,0,1.03909,-0.730446,0,5.71957e+15,2.12209,0.0759265,38.0978,0.216697,0,1.02176,-0.457674,1,All,#4682B4,0
13,14,0,1.25784,-0.611083,0,5.71957e+15,0,0,5.71957e+15,0,0,1.15952,-0.570842,1,All,#4682B4,0
13,14.5,0,1.42708,-0.551242,0,5.71957e+15,0,0,5.71957e+15,1.29719,0,1.34706,-0.34554,1,All,#4682B4,0
13,15,0,1.45205,-0.506284,0,5.71957e+15,1.30299,0,5.71957e+15,1.54232,0,1.36941,0.224631,1,All,#4682B4,0
13,15.5,0,1.56526,-0.482472,0,5.71957e+15,0,0,5.71957e+15,0,0,1.39676,0.224026,1,All,#4682B4,0
13,16,0,1.69407,-0.481462,0,5.71957e+15,0,0,5.71957e+15,0,0,1.3483,-0.292068,1,All,#4682B4,0
13,16.5,0,1.86167,-0.43945,0,5.71957e+15,0,0,5.71957e+15,0,0,1.51137,-0.105136,1,All,#4682B4,0
13,17,0,1.92031,-0.409737,0,5.71957e+15,0,0,5.71957e+15,0,0,1.53904,0.31044,1,All,#4682B4,0
13,17.5,0,1.99888,-0.384312,0,5.71957e+15,1.01861,0,5.71957e+15,0,0,1.5725,-0.110915,1,All,#4682B4,0
13,18,0,2.32059,-0.36152,0,5.71957e+15,0,0,5.71957e+15,0,0,1.7579,-0.00832004,1,All,#4682B4,0
13,18.5,0,2.2471,-0.367155,0,5.71957e+15,0,0,5.71957e+15,1.51633,0,1.66634,-0.0133001,1,All,#4682B4,0
14,1,0,57.425,-0.0447214,0,5.71957e+15,0,0,5.71957e+15,0,0,2.79185,2.02129,1,All,#4682B4,0
14,1.5,0,4.00393,-0.194881,0,5.71957e+15,1.24912,0,5.71957e+15,1.69156,0,2.27813,0.916764,1,All,#4682B4,0
14,2,0,1.23371,-0.456231,1.139,0.278622,-0.198489,0.893854,1.01942,0.626657,0,1.31227,0.309607,1,All,#4682B4,0
14,2.5,1.04267,2.17643,2.17643,2.44948,0.752142,0.752142,2.34041,0.900092,0.900092,1.04267,1.61727,1.61727,0,All,#4682B4,0
14,3,1.6954,1.80579,1.80579,2.94357,0.778886,0.778886,2.887,0.84162,0.84162,1.6954,1.53115,1.53115,0,All,#4682B4,0
14,3.5,2.06854,2.21219,2.21219,3.06713,1.43974,1.43974,3.05953,1.44934,1.44934,2.06854,1.79544,1.79544,0,All,#4682B4,0
14,4,2.27279,1.69524,1.69524,3.02776,1.04991,1.04991,3.04111,1.03467,1.03467,2.27279,1.52845,1.52845,0,All,#4682B4,0
14,4.5,2.347,1.39479,1.39479,2.93096,0.991034,0.991034,2.95381,0.96462,0.96462,2.347,1.314,1.314,0,All,#4682B4,0
14,5,2.33123,0.568022,0.568022,2.80603,0.124294,0.124294,2.83749,0.096054,0.096054,2.33123,0.576821,0.576821,0,All,#4682B4,0
14,5.5,2.26472,0.758471,0.758471,2.65784,0.466814,0.466814,2.69981,0.421892,0.421892,2.26472,0.750436,0.750436,0,All,#4682B4,0
14,6,2.17388,1.23426,1.23426,2.48527,1.1548,1.1548,2.54062,1.07687,1.07687,2.17388,1.16223,1.16223,0,All,#4682B4,0
14,6.5,2.06942,-0.648866,-0.870547,2.28631,-1.07684,-1.48568,2.35858,-1.11808,-1.20603,2.06942,-0.684821,-0.84148,1,All,#4682B4,0
14,7,1.93798,0.27643,0.27643,2.06001,0.270462,0.270462,2.15279,0.1544,0.1544,1.93798,0.352522,0.352522,0,All,#4682B4,0
14,7.5,1.7756,0.215101,0.215101,1.80882,0.38996,0.38996,1.925,0.220224,0.220224,1.7756,0.370347,0.370347,0,All,#4682B4,0
14,8,1.5803,-0.396655,-0.866707,1.54257,-0.428047,-1.7918,1.68123,-0.592546,-0.726882,1.5803,-0.313381,-0.877599,1,All,#4682B4,0
14,8.5,1.35207,-0.330044,-0.441401,1.28259,-0.0237713,-0.394445,1.43586,-0.279821,-0.77589,1.35207,-0.221443,-0.34795,1,All,#4682B4,0
14,9,1.09666,-0.255888,-0.746718,1.05457,0.494871,-0.71933,1.21031,0.11948,-0.895967,1.09666,-0.141397,-0.716859,1,All,#4682B4,0
14,9.5,0.827579,-0.137588,-0.542294,0.873651,1.09901,0.669428,1.02346,0.58356,-1.62303,0.827579,-0.0114197,-0.406576,1,All,#4682B4,0
14,10,0.56154,-0.0624631,-0.411904,0.736249,1.75621,-1.44922,0.878925,1.07788,-0.971425,0.56154,0.110119,-0.236948,1,All,#4682B4,0
14,10.5,0.316844,0.048965,-0.786907,0.634172,2.42882,-0.306844,0.770679,1.56953,1.19396,0.316844,0.225685,-0.689513,1,All,#4682B4,0
14,11,0.102384,0.156616,-0.997641,0.557074,3.10023,-1.66032,0.68902,2.04264,1.09238,0.102384,0.334514,-0.931079,1,All,#4682B4,0
14,11.5,0,0.290584,-0.999357,0.492793,3.82062,1.0168,0.624854,2.50116,-0.747805,0,0.529618,-1.30917,1,All,#4682B4,0
14,12,0,0.428663,-0.94891,0.436478,4.62612,-0.73453,0.571256,2.96312,1.42865,0,0.566455,-0.958646,1,All,#4682B4,0
14,12.5,0,0.534792,-0.823432,0.3828,5.61452,-1.16549,0.522141,3.46972,-0.172021,0,0.765471,-1.08766,1,All,#4682B4,0
14,13,0,0.852309,-0.788958,0.330615,6.8831,-0.169772,0.476409,4.03533,2.14164,0,0.946395,-0.483378,1,All,#4682B4,0
14,13.5,0,1.0694,-0.663392,0.277437,8.66677,0.261148,0.429278,4.74434,0.60598,0,1.05755,-0.660906,1,All,#4682B4,0
14,14,0,1.11781,-0.549668,0.224235,11.2978,2.58619,0.38141,5.64379,1.34497,0,1.20732,-0.391484,1,All,#4682B4,0
14,14.5,0,1.42718,-0.535493,0.168521,15.8338,-0.87027,0.331589,6.85576,1.79436,0,1.2956,-0.665251,1,All,#4682B4,0
14,15,0,1.22405,-0.457358,0.111089,25.2721,0.261097,0.28076,8.5355,-0.0520474,0,1.29301,0.0675206,1,All,#4682B4,0
14,15.5,0,1.33711,-0.445029,0.051743,57.0361,-0.728455,0.227758,11.0855,0.142757,0,1.30178,-0.256825,1,All,#4682B4,0
14,16,0,1.4824,-0.413965,0,5.71957e+15,2.25245,0.173565,15.3032,-1.73753,0,1.42125,-0.429585,1,All,#4682B4,0
14,16.5,0,1.7736,-0.441938,0,5.71957e+15,0,0.117838,23.686,-2.18899,0,1.43404,0.177448,1,All,#4682B4,0
14,17,0,1.61703,-0.411479,0,5.71957e+15,0,0.0606135,48.3346,-0.400993,0,1.38339,-0.1645,1,All,#4682B4,0
14,17.5,0,1.74309,-0.399397,0,5.71957e+15,1.41977,0.00251014,1223.23,0.212486,0,1.5114,-0.137939,1,All,#4682B4,0
15,1,0,35.577,-0.0632942,0,5.71957e+15,0,0,5.71957e+15,0,0,2.86406,1.60153,1,All,#4682B4,0
15,1.5,0,2.85483,-0.248528,0,5.71957e+15,1.69156,0,5.71957e+15,1.26158,0,1.89012,0.118635,1,All,#4682B4,0
15,2,0,1.08353,-0.469288,0,5.71957e+15,1.30362,0,5.71957e+15,0,0,1.16907,-0.195635,1,All,#4682B4,0
15,2.5,1.04267,0.339768,-0.0149375,0,5.71957e+15,0,0,5.71957e+15,0,1.04267,0.593842,0.361766,1,All,#4682B4,0
15,3,1.6954,-0.0386365,-0.358811,0.462726,4.2263,0.421743,0.125806,22.0324,0.348504,1.6954,0.126232,-0.113586,1,All,#4682B4,0
15,3.5,2.06854,-0.0355444,-0.0355444,1.40911,0.345373,0.345373,1.24017,0.722405,0.722405,2.06854,0.0719757,0.0719757,0,All,#4682B4,0
15,4,2.27279,-0.523689,-0.548059,1.99098,-0.877238,-1.23141,1.91364,-0.814792,-1.60523,2.27279,-0.422771,-0.463314,1,All,#4682B4,0
15,4.5,2.347,-0.603269,-0.709867,2.35141,-1.1141,-1.12392,2.3346,-1.10468,-1.31762,2.347,-0.598033,-0.679772,1,All,#4682B4,0
15,5,2.33123,0.590614,0.590614,2.53181,0.428836,0.428836,2.5516,0.40672,0.40672,2.33123,0.743526,0.743526,0,All,#4682B4,0
15,5.5,2.26472,1.10943,1.10943,2.55386,0.992329,0.992329,2.58522,0.950911,0.950911,2.26472,1.11448,1.11448,0,All,#4682B4,0
15,6,2.17388,0.933699,0.933699,2.46095,0.87516,0.87516,2.48324,0.845553,0.845553,2.17388,0.921886,0.921886,0,All,#4682B4,0
15,6.5,2.06942,0.676647,0.676647,2.30744,0.622111,0.622111,2.31267,0.615221,0.615221,2.06942,0.706435,0.706435,0,All,#4682B4,0
15,7,1.93798,-0.268976,-0.268976,2.13925,-0.576673,-0.576673,2.12589,-0.565074,-0.565074,1.93798,-0.150667,-0.150667,0,All,#4682B4,0
15,7.5,1.7756,-0.48659,-0.761417,1.98507,-0.872638,-1.04555,1.9526,-0.84687,-1.00288,1.7756,-0.410026,-0.784208,1,All,#4682B4,0
15,8,1.5803,-0.455296,-1.23245,1.85226,-0.761518,-1.54172,1.81475,-0.727182,-1.32303,1.5803,-0.327542,-1.41986,1,All,#4682B4,0
15,8.5,1.35207,-0.341741,-0.391197,1.75036,-0.664819,-1.12586,1.71368,-0.6272,-1.06288,1.35207,-0.177111,-0.251338,1,All,#4682B4,0
15,9,1.09666,0.0913796,0.0913796,1.67723,-0.0537788,-0.0537788,1.64863,-0.0126772,-0.0126772,1.09666,0.283188,0.283188,0,All,#4682B4,0
15,9.5,0.827579,-0.139843,-0.609014,1.63029,-0.535365,-0.589558,1.61154,-0.513407,-0.630977,0.827579,0.0178603,-0.517392,1,All,#4682B4,0
15,10,0.56154,0.829408,0.829408,1.60532,0.761586,0.761586,1.59708,0.778016,0.778016,0.56154,0.868388,0.868388,0,All,#4682B4,0
15,10.5,0.316844,0.449016,0.449016,1.59731,0.140579,0.140579,1.60038,0.135651,0.135651,0.316844,0.580151,0.580151,0,All,#4682B4,0
15,11,0.102384,1.01885,1.01885,1.60203,0.783248,0.783248,1.61652,0.754516,0.754516,0.102384,1.01604,1.01604,0,All,#4682B4,0
15,11.5,0,1.38867,1.38867,1.61447,0.848573,0.848573,1.64092,0.795852,0.795852,0,1.31308,1.31308,0,All,#4682B4,0
15,12,0,1.7249,1.7249,1.48392,1.39754,1.39754,1.53982,1.25886,1.25886,0,1.43394,1.43394,0,All,#4682B4,0
15,12.5,0,0.652024,-0.833814,1.10377,0.364835,-1.85829,1.18689,0.16964,-0.0297785,0,0.778756,-0.574632,1,All,#4682B4,0
15,13,0,1.02504,-0.808462,0.586516,2.823,1.34497,0.684054,2.07506,0.0512361,0,1.0165,-0.893372,1,All,#4682B4,0
15,13.5,0,1.22085,-0.67388,0,5.71957e+15,1.89359,0.102704,27.5331,-0.161737,0,1.19683,-0.734784,1,All,#4682B4,0
15,14,0,1.34548,-0.573582,0,5.71957e+15,0,0,5.71957e+15,2.45539,0,1.33232,-0.314792,1,All,#4682B4,0
15,14.5,0,1.59282,-0.508633,0,5.71957e+15,0,0,5.71957e+15,0,0,1.43943,0.151421,1,All,#4682B4,0
15,15,0,1.68217,-0.454807,0,5.71957e+15,0,0,5.71957e+15,0,0,1.41368,-0.399039,1,All,#4682B4,0
16,1,0,15.2332,-0.0554028,0,5.71957e+15,0,0,5.71957e+15,1.55345,0,2.68014,0.0172421,1,All,#4682B4,0
16,1.5,0,2.80024,-0.175584,0,5.71957e+15,1.26158,0,5.71957e+15,0,0,1.96129,0.956705,1,All,#4682B4,0
16,2,0,1.24801,-0.434137,0,5.71957e+15,0,0,5.71957e+15,0,0,1.25392,-0.219304,1,All,#4682B4,0
16,2.5,1.04267,0.421239,-0.0414981,0,5.71957e+15,0,0,5.71957e+15,0,1.04267,0.605103,0.330402,1,All,#4682B4,0
16,3,1.6954,0.0108046,-0.636095,0,5.71957e+15,1.47358,0.00241855,1269.65,-0.785561,1.6954,0.205843,-0.297322,1,All,#4682B4,0
16,3.5,2.06854,-0.213751,-0.361824,0.57311,2.9457,-0.168395,0.574431,2.93336,0.769124,2.06854,-0.0966773,-0.209174,1,All,#4682B4,0
16,4,2.27279,-0.487001,-0.759645,1.07328,0.444009,-1.18257,1.04977,0.508204,-0.41642,2.27279,-0.429851,-0.633375,1,All,#4682B4,0
16,4.5,2.347,0.0470697,0.0470697,1.48156,1.07661,1.07661,1.44855,1.15634,1.15634,2.347,0.0809608,0.0809608,0,All,#4682B4,0
16,5,2.33123,-0.338315,-0.338315,1.79214,-0.0839917,-0.0839917,1.77425,-0.060423,-0.060423,2.33123,-0.314716,-0.314716,0,All,#4682B4,0
16,5.5,2.26472,-0.235619,-0.235619,1.9852,-0.140576,-0.140576,1.99599,-0.152912,-0.152912,2.26472,-0.17715,-0.17715,0,All,#4682B4,0
16,6,2.17388,0.468143,0.468143,2.0548,0.937502,0.937502,2.10295,0.860572,0.860572,2.17388,0.542509,0.542509,0,All,#4682B4,0
16,6.5,2.06942,0.595841,0.595841,2.02149,0.837076,0.837076,2.10886,0.702028,0.702028,2.06942,0.681076,0.681076,0,All,#4682B4,0
16,7,1.93798,0.539426,0.539426,1.91817,0.92424,0.92424,2.04471,0.717123,0.717123,1.93798,0.654718,0.654718,0,All,#4682B4,0
16,7.5,1.7756,0.884284,0.884284,1.7734,1.57994,1.57994,1.93906,1.238,1.238,1.7756,1.01452,1.01452,0,All,#4682B4,0
16,8,1.5803,0.461905,0.461905,1.60545,1.07819,1.07819,1.8107,0.681388,0.681388,1.5803,0.645001,0.645001,0,All,#4682B4,0
16,8.5,1.35207,0.339771,0.339771,1.42636,1.0422,1.0422,1.67104,0.534876,0.534876,1.35207,0.461346,0.461346,0,All,#4682B4,0
16,9,1.09666,-0.269607,-0.317129,1.24296,0.0526978,-0.3699,1.52679,-0.407435,-1.27671,1.09666,-0.109486,-0.162976,1,All,#4682B4,0
16,9.5,0.827579,-0.153319,-0.795239,1.06069,0.478033,-0.236657,1.38275,-0.197536,-0.528496,0.827579,0.0403813,-0.802572,1,All,#4682B4,0
16,10,0.56154,-0.027136,-1.0911,0.883677,1.05906,-0.850948,1.2426,0.0534209,-0.210614,0.56154,0.144316,-1.18336,1,All,#4682B4,0
16,10.5,0.316844,0.1091,-0.867111,0.715353,1.87828,0.209877,1.10887,0.352008,0.34784,0.316844,0.336508,-0.834762,1,All,#4682B4,0
16,11,0.102384,0.167523,-0.914417,0.555728,3.11361,-1.15844,0.983398,0.706013,-1.69445,0.102384,0.382655,-0.876113,1,All,#4682B4,0
16,11.5,0,0.348534,-0.94917,0.406181,5.15188,-2.32713,0.867439,1.12423,0.844196,0,0.555221,-1.23423,1,All,#4682B4,0
16,12,0,0.433068,-0.876485,0.267356,9.08487,-1.38324,0.761159,1.61946,-0.0430539,0,0.605014,-1.15997,1,All,#4682B4,0
16,12.5,0,0.634753,-0.809137,0.138973,19.7153,-0.349949,0.665408,2.20108,-0.703595,0,0.78121,-0.819601,1,All,#4682B4,0
16,13,0,0.783295,-0.699989,0.02031,149.058,-0.531543,0.579484,2.88665,-1.64429,0,0.958244,-0.420912,1,All,#4682B4,0
16,13.5,0,1.01758,-0.634378,0,5.71957e+15,0,0.502074,3.70522,-0.118215,0,1.13776,-0.362454,1,All,#4682B4,0
16,14,0,1.1742,-0.565628,0,5.71957e+15,0,0.433545,4.67381,-1.83154,0,1.26869,-0.0305224,1,All,#4682B4,0
16,14.5,0,1.21538,-0.487421,0,5.71957e+15,0,0.371625,5.8562,-0.344241,0,1.3279,-0.147288,1,All,#4682B4,0
16,15,0,1.59398,-0.484071,0,5.71957e+15,1.03648,0.31611,7.31009,-1.40401,0,1.47985,-0.248379,1,All,#4682B4,0
16,15.5,0,1.49051,-0.421848,0,5.71957e+15,2.47802,0.265525,9.16425,-0.496633,0,1.4849,0.30473,1,All,#4682B4,0
16,16,0,1.43173,-0.37609,0,5.71957e+15,0,0.218825,11.637,-1.15739,0,1.47263,0.13177,1,All,#4682B4,0
16,16.5,0,1.48942,-0.360159,0,5.71957e+15,0,0.174975,15.1604,-0.903923,0,1.52484,0.359624,1,All,#4682B4,0
16,17,0,1.57142,-0.3266,0,5.71957e+15,1.80858,0.13305,20.7008,1.79283,0,1.58423,0.535557,1,All,#4682B4,0
17,1,0,94.1444,-0.052103,0,5.71957e+15,1.55345,0,5.71957e+15,1.11724,0,2.7802,0.988688,1,All,#4682B4,0
17,1.5,0,3.59402,-0.19903,0,5.71957e+15,0,0,5.71957e+15,0,0,2.01349,1.20923,1,All,#4682B4,0
17,2,0,1.30054,-0.483751,0,5.71957e+15,0,0,5.71957e+15,0,0,1.22382,0.283353,1,All,#4682B4,0
17,2.5,1.04267,0.402409,0.148363,0,5.71957e+15,0,0,5.71957e+15,0,1.04267,0.622529,0.424148,1,All,#4682B4,0
17,3,1.6954,0.0416651,-0.0320235,0.47535,4.04972,-0.785561,0.102621,27.5573,0.531023,1.6954,0.15626,0.132731,1,All,#4682B4,0
17,3.5,2.06854,-0.276423,-0.488256,1.29802,-0.0522909,-0.416765,0.905703,0.97439,-1.46883,2.06854,-0.11539,-0.312134,1,All,#4682B4,0
17,4,2.27279,-0.14487,-0.14487,1.87459,-0.135154,-0.135154,1.51756,0.402976,0.402976,2.27279,-0.0836122,-0.0836122,0,All,#4682B4,0
17,4.5,2.347,0.0298097,0.0298097,2.29631,-0.196552,-0.196552,1.99537,0.139172,0.139172,2.347,0.0560643,0.0560643,0,All,#4682B4,0
17,5,2.33123,0.135254,0.135254,2.59704,-0.305063,-0.305063,2.36264,-0.0949851,-0.0949851,2.33123,0.203738,0.203738,0,All,#4682B4,0
17,5.5,2.26472,0.894564,0.894564,2.77445,0.450147,0.450147,2.61185,0.628982,0.628982,2.26472,0.932329,0.932329,0,All,#4682B4,0
17,6,2.17388,0.542767,0.542767,2.826,-0.0822938,-0.0822938,2.73446,-0.00395421,-0.00395421,2.17388,0.633424,0.633424,0,All,#4682B4,0
17,6.5,2.06942,1.34127,1.34127,2.77115,0.820723,0.820723,2.74196,0.855252,0.855252,2.06942,1.27151,1.27151,0,All,#4682B4,0
17,7,1.93798,2.14408,2.14408,2.63407,1.8632,1.8632,2.66235,1.81768,1.81768,1.93798,1.84954,1.84954,0,All,#4682B4,0
17,7.5,1.7756,1.97277,1.97277,2.43154,1.95116,1.95116,2.52157,1.79502,1.79502,1.7756,1.72838,1.72838,0,All,#4682B4,0
17,8,1.5803,1.54805,1.54805,2.17339,1.57898,1.57898,2.33507,1.30192,1.30192,1.5803,1.44237,1.44237,0,All,#4682B4,0
17,8.5,1.35207,0.065771,0.065771,1.86797,-0.152988,-0.152988,2.11063,-0.413913,-0.413913,1.35207,0.222607,0.222607,0,All,#4682B4,0
17,9,1.09666,-0.244802,-0.780308,1.52935,-0.410817,-0.575401,1.85321,-0.762367,-1.75624,1.09666,-0.0830043,-0.630929,1,All,#4682B4,0
17,9.5,0.827579,-0.146911,-1.08419,1.17374,0.198666,0.196808,1.56846,-0.46097,-1.04272,0.827579,0.0077814,-1.15837,1,All,#4682B4,0
17,10,0.56154,-0.0486961,-0.405803,0.819854,1.33009,-0.0677363,1.26366,0.0121612,-0.351287,0.56154,0.10885,-0.207122,1,All,#4682B4,0
17,10.5,0.316844,0.0517019,-0.992399,0.479526,3.99335,0.395615,0.946345,0.828504,0.00459277,0.316844,0.22149,-0.970573,1,All,#4682B4,0
17,11,0.102384,0.166083,-1.00978,0.158578,16.9784,-0.293138,0.625897,2.49296,-0.259558,0.102384,0.381414,-0.981037,1,All,#4682B4,0
17,11.5,0,0.228381,-0.966407,0,5.71957e+15,1.39605,0.309883,7.50568,1.17278,0,0.426804,-1.25905,1,All,#4682B4,0
17,12,0,0.372894,-0.981766,0,5.71957e+15,2.38302,0.00494021,620.338,-2.0777,0,0.520812,-1.01252,1,All,#4682B4,0
17,12.5,0,0.577413,-0.829947,0,5.71957e+15,0,0,5.71957e+15,0,0,0.773901,-0.758679,1,All,#4682B4,0
17,13,0,0.756124,-0.800171,0,5.71957e+15,0,0,5.71957e+15,0,0,0.885899,-0.819157,1,All,#4682B4,0
17,13.5,0,1.05444,-0.694174,0,5.71957e+15,1.01057,0,5.71957e+15,1.23988,0,1.14401,-0.40551,1,All,#4682B4,0
17,14,0,1.16647,-0.609189,0,5.71957e+15,0,0,5.71957e+15,1.15535,0,1.17685,-0.53006,1,All,#4682B4,0
17,14.5,0,1.34598,-0.563462,0,5.71957e+15,2.6439,0,5.71957e+15,0,0,1.27977,-0.0718461,1,All,#4682B4,0
17,15,0,1.40344,-0.496317,0,5.71957e+15,1.4719,0,5.71957e+15,0,0,1.40617,-0.49714,1,All,#4682B4,0
17,15.5,0,1.48583,-0.452774,0,5.71957e+15,0,0,5.71957e+15,0,0,1.4431,0.194563,1,All,#4682B4,0
18,1,0,52.8837,-0.0720513,0,5.71957e+15,1.11724,0,5.71957e+15,0,0,2.87185,0.84305,1,All,#4682B4,0
18,1.5,0,2.9625,-0.230626,0,5.71957e+15,0,0,5.71957e+15,0,0,1.9162,0.889037,1,All,#4682B4,0
18,2,0,1.09316,-0.425439,0,5.71957e+15,0,0,5.71957e+15,1.12633,0,1.20795,-0.096585,1,All,#4682B4,0
18,2.5,1.04267,0.345359,-0.59464,0,5.71957e+15,0,0,5.71957e+15,0,1.04267,0.594456,0.0290516,1,All,#4682B4,0
18,3,1.6954,0.908061,0.908061,1.73728,1.13328,1.13328,1.55734,1.54411,1.54411,1.6954,0.808742,0.808742,0,All,#4682B4,0
18,3.5,2.06854,0.539959,0.539959,2.47776,0.0510745,0.0510745,2.34709,0.188785,0.188785,2.06854,0.605925,0.605925,0,All,#4682B4,0
18,4,2.27279,0.204107,0.204107,2.79328,-0.445145,-0.445145,2.66973,-0.353639,-0.353639,2.27279,0.260512,0.260512,0,All,#4682B4,0
18,4.5,2.347,1.06464,1.06464,2.95564,0.552716,0.552716,2.83967,0.674218,0.674218,2.347,1.12531,1.12531,0,All,#4682B4,0
18,5,2.33123,0.940619,0.940619,3.02693,0.418621,0.418621,2.92195,0.520691,0.520691,2.33123,0.907248,0.907248,0,All,#4682B4,0
18,5.5,2.26472,1.25888,1.25888,3.02753,0.690105,0.690105,2.93686,0.786209,0.786209,2.26472,1.28446,1.28446,0,All,#4682B4,0
18,6,2.17388,1.78376,1.78376,2.9725,1.17967,1.17967,2.89841,1.27174,1.27174,2.17388,1.61473,1.61473,0,All,#4682B4,0
18,6.5,2.06942,1.39168,1.39168,2.86602,0.780989,0.780989,2.81288,0.841513,0.841513,2.06942,1.39164,1.39164,0,All,#4682B4,0
18,7,1.93798,1.12334,1.12334,2.702,0.6258,0.6258,2.67722,0.654016,0.654016,1.93798,1.07223,1.07223,0,All,#4682B4,0
18,7.5,1.7756,-0.505175,-0.534783,2.46945,-1.17664,-1.5588,2.48322,-1.18355,-1.28753,1.7756,-0.392301,-0.427844,1,All,#4682B4,0
18,8,1.5803,-0.482519,-1.04881,2.1666,-1.00249,-1.06846,2.22637,-1.04062,-1.23139,1.5803,-0.393613,-1.12301,1,All,#4682B4,0
18,8.5,1.35207,-0.417099,-0.571042,1.83301,-0.744073,-1.35022,1.93031,-0.828669,-1.48921,1.35207,-0.332332,-0.482078,1,All,#4682B4,0
18,9,1.09666,-0.285611,-1.19897,1.54469,-0.430787,-0.810279,1.65551,-0.564112,-0.683867,1.09666,-0.2008,-1.24755,1,All,#4682B4,0
18,9.5,0.827579,-0.176609,-0.680184,1.31868,-0.0894317,-1.04058,1.43625,-0.280413,-2.06798,0.827579,-0.0183596,-0.532715,1,All,#4682B4,0
18,10,0.56154,0.290716,0.290716,1.13346,1.06122,1.06122,1.25764,0.717247,0.717247,0.56154,0.420799,0.420799,0,All,#4682B4,0
18,10.5,0.316844,-0.0736214,-0.796132,0.974177,0.735624,-0.643561,1.10463,0.362662,-2.06976,0.316844,0.115661,-0.722111,1,All,#4682B4,0
18,11,0.102384,0.0946871,-0.971138,0.829643,1.28581,-2.32591,0.96698,0.759131,0.533985,0.102384,0.269926,-0.929175,1,All,#4682B4,0
18,11.5,0,0.236979,-1.04644,0.694147,2.00966,1.41323,0.838165,1.2481,-0.275844,0,0.452775,-0.997819,1,All,#4682B4,0
18,12,0,0.292355,-0.998381,0.562972,3.04238,-1.65936,0.713614,1.88875,-1.87215,0,0.482959,-0.93399,1,All,#4682B4,0
18,12.5,0,0.556401,-0.950168,0.434471,4.65869,0.398583,0.592608,2.76908,-0.463375,0,0.630201,-0.916872,1,All,#4682B4,0
18,13,0,0.662209,-0.814837,0.307496,7.58275,1.01568,0.472955,4.08249,-0.799072,0,0.859535,-0.569878,1,All,#4682B4,0
18,13.5,0,0.942047,-0.740951,0.181421,14.5357,-0.663975,0.354176,6.26405,-0.652895,0,0.995815,-0.667862,1,All,#4682B4,0
18,14,0,1.14345,-0.655702,0.0554827,53.0284,1.03779,0.235838,10.6227,0.905559,0,1.13298,-0.30774,1,All,#4682B4,0
18,14.5,0,1.35298,-0.599468,0,5.71957e+15,0,0.117334,23.7981,0.210693,0,1.25909,-0.593943,1,All,#4682B4,0
18,15,0,1.40028,-0.519956,0,5.71957e+15,1.41,9.58379e-05,32099.3,1.65709,0,1.37293,-0.291103,1,All,#4682B4,0
