rep,ID,time,prediction_iwRes,iwRes_simulated,iwRes_simulated_simBlq,censored,split,color,filter
1,7,-1,-7,1.46741,1.46741,0,All,#4682B4,0
2,7,-1,-7,1.46741,1.46741,0,All,#4682B4,0
3,7,-1,-7,1.46741,1.46741,0,All,#4682B4,0
4,7,-1,-7,1.46741,1.46741,0,All,#4682B4,0
5,7,-1,-7,1.46741,1.46741,0,All,#4682B4,0
6,7,-1,-7,1.46741,1.46741,0,All,#4682B4,0
7,7,-1,-7,1.46741,1.46741,0,All,#4682B4,0
8,7,-1,-7,1.46741,1.46741,0,All,#4682B4,0
9,7,-1,-7,1.46741,1.46741,0,All,#4682B4,0
10,7,-1,-7,1.46741,1.46741,0,All,#4682B4,0
1,7,0,-7,1.43675,0.851171,1,All,#4682B4,0
2,7,0,-7,1.43675,0.719265,1,All,#4682B4,0
3,7,0,-7,1.43675,-0.116038,1,All,#4682B4,0
4,7,0,-7,1.43675,0.653689,1,All,#4682B4,0
5,7,0,-7,1.43675,-1.07444,1,All,#4682B4,0
6,7,0,-7,1.43675,0.110075,1,All,#4682B4,0
7,7,0,-7,1.43675,0.493231,1,All,#4682B4,0
8,7,0,-7,1.43675,-0.82938,1,All,#4682B4,0
9,7,0,-7,1.43675,-0.683572,1,All,#4682B4,0
10,7,0,-7,1.43675,0.485322,1,All,#4682B4,0
1,7,1,-4.8504,1.45623,1.45623,0,All,#4682B4,0
2,7,1,-7,1.51425,1.51425,0,All,#4682B4,0
3,7,1,-4.14607,1.42615,1.42615,0,All,#4682B4,0
4,7,1,-4.57844,1.44556,1.44556,0,All,#4682B4,0
5,7,1,-7,1.51425,1.51425,0,All,#4682B4,0
6,7,1,-4.43406,1.43944,1.43944,0,All,#4682B4,0
7,7,1,-3.5799,1.39489,1.39489,0,All,#4682B4,0
8,7,1,-7,1.51425,1.51425,0,All,#4682B4,0
9,7,1,-7,1.51425,1.51425,0,All,#4682B4,0
10,7,1,-7,1.51425,1.51425,0,All,#4682B4,0
1,7,2,-4.02722,1.30089,1.30089,0,All,#4682B4,0
2,7,2,-3.63339,1.26816,1.26816,0,All,#4682B4,0
3,7,2,-2.76015,1.16945,1.16945,0,All,#4682B4,0
4,7,2,-3.39561,1.2454,1.2454,0,All,#4682B4,0
5,7,2,-3.61345,1.26635,1.26635,0,All,#4682B4,0
6,7,2,-3.65734,1.27032,1.27032,0,All,#4682B4,0
7,7,2,-2.6328,1.15081,1.15081,0,All,#4682B4,0
8,7,2,-4.97892,1.36141,1.36141,0,All,#4682B4,0
9,7,2,-3.28215,1.23359,1.23359,0,All,#4682B4,0
10,7,2,-3.42362,1.24822,1.24822,0,All,#4682B4,0
1,7,3,-3.14215,1.21027,-1.15663,1,All,#4682B4,0
2,7,3,-2.19032,1.06316,-0.0450284,1,All,#4682B4,0
3,7,3,-1.40633,0.844692,0.022634,1,All,#4682B4,0
4,7,3,-2.21443,1.06805,-1.09262,1,All,#4682B4,0
5,7,3,-2.44331,1.11081,-1.14981,1,All,#4682B4,0
6,7,3,-2.55436,1.12942,0.248103,1,All,#4682B4,0
7,7,3,-1.55891,0.898813,-0.329608,1,All,#4682B4,0
8,7,3,-2.47961,1.11703,-0.43884,1,All,#4682B4,0
9,7,3,-1.62686,0.920682,0.279275,1,All,#4682B4,0
10,7,3,-1.7398,0.954397,-0.855222,1,All,#4682B4,0
1,7,4,-1.85449,1.31453,1.31453,0,All,#4682B4,0
2,7,4,-0.595317,0.987289,0.987289,0,All,#4682B4,0
3,7,4,-0.022547,0.487909,0.487909,0,All,#4682B4,0
4,7,4,-0.831982,1.08841,1.08841,0,All,#4682B4,0
5,7,4,-0.998044,1.14307,1.14307,0,All,#4682B4,0
6,7,4,-0.93788,1.12451,1.12451,0,All,#4682B4,0
7,7,4,-0.248208,0.752704,0.752704,0,All,#4682B4,0
8,7,4,-0.605394,0.992312,0.992312,0,All,#4682B4,0
9,7,4,-0.0170527,0.479533,0.479533,0,All,#4682B4,0
10,7,4,-0.158147,0.662711,0.662711,0,All,#4682B4,0
1,7,5,0.13919,-0.0182559,-0.0182559,0,All,#4682B4,0
2,7,5,1.16856,-0.899605,-0.899605,0,All,#4682B4,0
3,7,5,1.37683,-0.974422,-0.974422,0,All,#4682B4,0
4,7,5,0.799613,-0.717874,-0.717874,0,All,#4682B4,0
5,7,5,0.822872,-0.73184,-0.73184,0,All,#4682B4,0
6,7,5,1.59317,-1.03809,-1.03809,0,All,#4682B4,0
7,7,5,1.37601,-0.974155,-0.974155,0,All,#4682B4,0
8,7,5,1.01725,-0.834226,-0.834226,0,All,#4682B4,0
9,7,5,1.53191,-1.02128,-1.02128,0,All,#4682B4,0
10,7,5,1.31877,-0.955076,-0.955076,0,All,#4682B4,0
1,7,6,2.96548,-1.15219,-1.15219,0,All,#4682B4,0
2,7,6,2.70949,-1.11427,-1.11427,0,All,#4682B4,0
3,7,6,2.49407,-1.07772,-1.07772,0,All,#4682B4,0
4,7,6,2.53665,-1.08532,-1.08532,0,All,#4682B4,0
5,7,6,2.80069,-1.12841,-1.12841,0,All,#4682B4,0
6,7,6,2.65907,-1.10613,-1.10613,0,All,#4682B4,0
7,7,6,2.88626,-1.14103,-1.14103,0,All,#4682B4,0
8,7,6,2.24325,-1.02855,-1.02855,0,All,#4682B4,0
9,7,6,2.64409,-1.10366,-1.10366,0,All,#4682B4,0
10,7,6,2.46105,-1.07168,-1.07168,0,All,#4682B4,0
1,7,7,2.49068,-0.493409,-0.493409,0,All,#4682B4,0
2,7,7,2.41225,-0.464387,-0.464387,0,All,#4682B4,0
3,7,7,2.40725,-0.462489,-0.462489,0,All,#4682B4,0
4,7,7,2.58786,-0.527478,-0.527478,0,All,#4682B4,0
5,7,7,2.68279,-0.558903,-0.558903,0,All,#4682B4,0
6,7,7,1.89859,-0.231909,-0.231909,0,All,#4682B4,0
7,7,7,2.61749,-0.537476,-0.537476,0,All,#4682B4,0
8,7,7,2.2776,-0.411063,-0.411063,0,All,#4682B4,0
9,7,7,2.56691,-0.520305,-0.520305,0,All,#4682B4,0
10,7,7,2.49249,-0.494062,-0.494062,0,All,#4682B4,0
1,7,8,1.99522,0.346383,0.346383,0,All,#4682B4,0
2,7,8,1.81289,0.489221,0.489221,0,All,#4682B4,0
3,7,8,1.93765,0.389398,0.389398,0,All,#4682B4,0
4,7,8,2.00326,0.340521,0.340521,0,All,#4682B4,0
5,7,8,2.43539,0.0688395,0.0688395,0,All,#4682B4,0
6,7,8,1.689,0.598428,0.598428,0,All,#4682B4,0
7,7,8,2.24424,0.179361,0.179361,0,All,#4682B4,0
8,7,8,1.77625,0.520407,0.520407,0,All,#4682B4,0
9,7,8,2.09112,0.278602,0.278602,0,All,#4682B4,0
10,7,8,2.0475,0.308857,0.308857,0,All,#4682B4,0
1,7,9,1.63928,-0.633147,-0.633147,0,All,#4682B4,0
2,7,9,1.52409,-0.580976,-0.580976,0,All,#4682B4,0
3,7,9,1.71403,-0.6644,-0.6644,0,All,#4682B4,0
4,7,9,1.65217,-0.638674,-0.638674,0,All,#4682B4,0
5,7,9,2.12947,-0.808572,-0.808572,0,All,#4682B4,0
6,7,9,1.67629,-0.64886,-0.64886,0,All,#4682B4,0
7,7,9,2.0837,-0.794756,-0.794756,0,All,#4682B4,0
8,7,9,1.5262,-0.581982,-0.581982,0,All,#4682B4,0
9,7,9,1.60958,-0.620183,-0.620183,0,All,#4682B4,0
10,7,9,1.67405,-0.647924,-0.647924,0,All,#4682B4,0
1,7,10,1.30611,0.0196769,0.0196769,0,All,#4682B4,0
2,7,10,1.22535,0.0883797,0.0883797,0,All,#4682B4,0
3,7,10,1.62927,-0.208702,-0.208702,0,All,#4682B4,0
4,7,10,1.30371,0.0216353,0.0216353,0,All,#4682B4,0
5,7,10,1.62911,-0.208602,-0.208602,0,All,#4682B4,0
6,7,10,1.56789,-0.170213,-0.170213,0,All,#4682B4,0
7,7,10,1.81552,-0.314245,-0.314245,0,All,#4682B4,0
8,7,10,1.51042,-0.132285,-0.132285,0,All,#4682B4,0
9,7,10,1.17587,0.133323,0.133323,0,All,#4682B4,0
10,7,10,1.21692,0.0958792,0.0958792,0,All,#4682B4,0
1,7,11,0.953142,-0.111667,-0.111667,0,All,#4682B4,0
2,7,11,0.754186,0.0931284,0.0931284,0,All,#4682B4,0
3,7,11,1.30527,-0.377196,-0.377196,0,All,#4682B4,0
4,7,11,0.877083,-0.0392696,-0.0392696,0,All,#4682B4,0
5,7,11,0.95511,-0.113455,-0.113455,0,All,#4682B4,0
6,7,11,1.11062,-0.242804,-0.242804,0,All,#4682B4,0
7,7,11,1.4023,-0.435134,-0.435134,0,All,#4682B4,0
8,7,11,1.35515,-0.407644,-0.407644,0,All,#4682B4,0
9,7,11,0.742397,0.10697,0.10697,0,All,#4682B4,0
10,7,11,0.640561,0.236277,0.236277,0,All,#4682B4,0
1,7,12,0.463482,0.802115,0.802115,0,All,#4682B4,0
2,7,12,0.0469987,2.08296,2.08296,0,All,#4682B4,0
3,7,12,0.699645,0.401596,0.401596,0,All,#4682B4,0
4,7,12,0.311233,1.15435,1.15435,0,All,#4682B4,0
5,7,12,0.0110284,2.25888,2.25888,0,All,#4682B4,0
6,7,12,0.398553,0.940963,0.940963,0,All,#4682B4,0
7,7,12,0.823688,0.239214,0.239214,0,All,#4682B4,0
8,7,12,0.628385,0.508047,0.508047,0,All,#4682B4,0
9,7,12,0.252975,1.31726,1.31726,0,All,#4682B4,0
10,7,12,-0.0974699,2.24182,2.24182,0,All,#4682B4,0
1,7,13,-0.658103,0.873229,0.873229,0,All,#4682B4,0
2,7,13,-0.925759,0.999375,0.999375,0,All,#4682B4,0
3,7,13,-0.178297,0.466069,0.466069,0,All,#4682B4,0
4,7,13,-0.462039,0.745627,0.745627,0,All,#4682B4,0
5,7,13,-1.25013,1.10712,1.10712,0,All,#4682B4,0
6,7,13,-0.583839,0.829292,0.829292,0,All,#4682B4,0
7,7,13,0.0140285,0.149251,0.149251,0,All,#4682B4,0
8,7,13,-0.500405,0.773732,0.773732,0,All,#4682B4,0
9,7,13,-0.338629,0.641856,0.641856,0,All,#4682B4,0
10,7,13,-1.02669,1.0371,1.0371,0,All,#4682B4,0
1,7,14,-2.32569,1.08963,0.336819,1,All,#4682B4,0
2,7,14,-2.1584,1.05656,0.0737813,1,All,#4682B4,0
3,7,14,-1.31862,0.809979,0.195581,1,All,#4682B4,0
4,7,14,-1.47635,0.870447,-0.687399,1,All,#4682B4,0
5,7,14,-2.78708,1.16464,0.334955,1,All,#4682B4,0
6,7,14,-1.86326,0.987927,-0.552431,1,All,#4682B4,0
7,7,14,-1.07308,0.69509,-1.73519,1,All,#4682B4,0
8,7,14,-1.9168,1.0015,0.822527,1,All,#4682B4,0
9,7,14,-1.06562,0.69111,-0.542971,1,All,#4682B4,0
10,7,14,-2.14208,1.05313,0.767478,1,All,#4682B4,0
1,8,-1,-7,1.48367,1.48367,0,All,#4682B4,0
2,8,-1,-7,1.48367,1.48367,0,All,#4682B4,0
3,8,-1,-7,1.48367,1.48367,0,All,#4682B4,0
4,8,-1,-7,1.48367,1.48367,0,All,#4682B4,0
5,8,-1,-7,1.48367,1.48367,0,All,#4682B4,0
6,8,-1,-7,1.48367,1.48367,0,All,#4682B4,0
7,8,-1,-7,1.48367,1.48367,0,All,#4682B4,0
8,8,-1,-7,1.48367,1.48367,0,All,#4682B4,0
9,8,-1,-7,1.48367,1.48367,0,All,#4682B4,0
10,8,-1,-7,1.48367,1.48367,0,All,#4682B4,0
1,8,0,-7,1.45164,1.45164,0,All,#4682B4,0
2,8,0,-7,1.45164,1.45164,0,All,#4682B4,0
3,8,0,-7,1.45164,1.45164,0,All,#4682B4,0
4,8,0,-7,1.45164,1.45164,0,All,#4682B4,0
5,8,0,-7,1.45164,1.45164,0,All,#4682B4,0
6,8,0,-7,1.45164,1.45164,0,All,#4682B4,0
7,8,0,-7,1.45164,1.45164,0,All,#4682B4,0
8,8,0,-7,1.45164,1.45164,0,All,#4682B4,0
9,8,0,-7,1.45164,1.45164,0,All,#4682B4,0
10,8,0,-7,1.45164,1.45164,0,All,#4682B4,0
1,8,1,-7,1.46463,1.46463,0,All,#4682B4,0
2,8,1,-7,1.46463,1.46463,0,All,#4682B4,0
3,8,1,-7,1.46463,1.46463,0,All,#4682B4,0
4,8,1,-7,1.46463,1.46463,0,All,#4682B4,0
5,8,1,-7,1.46463,1.46463,0,All,#4682B4,0
6,8,1,-7,1.46463,1.46463,0,All,#4682B4,0
7,8,1,-7,1.46463,1.46463,0,All,#4682B4,0
8,8,1,-7,1.46463,1.46463,0,All,#4682B4,0
9,8,1,-7,1.46463,1.46463,0,All,#4682B4,0
10,8,1,-7,1.46463,1.46463,0,All,#4682B4,0
1,8,2,-7,1.43675,-1.2505,1,All,#4682B4,0
2,8,2,-7,1.43675,0.544024,1,All,#4682B4,0
3,8,2,-7,1.43675,0.20813,1,All,#4682B4,0
4,8,2,-7,1.43675,-0.745282,1,All,#4682B4,0
5,8,2,-7,1.43675,0.786219,1,All,#4682B4,0
6,8,2,-7,1.43675,-1.22194,1,All,#4682B4,0
7,8,2,-7,1.43675,1.01496,1,All,#4682B4,0
8,8,2,-7,1.43675,-1.46075,1,All,#4682B4,0
9,8,2,-7,1.43675,-0.337156,1,All,#4682B4,0
10,8,2,-7,1.43675,-0.390386,1,All,#4682B4,0
1,8,3,0.317567,-0.974168,-1.08272,1,All,#4682B4,0
2,8,3,1.53973,-1.34233,-1.42545,1,All,#4682B4,0
3,8,3,0.360699,-1.00089,-2.41772,1,All,#4682B4,0
4,8,3,0.267644,-0.940428,-0.981201,1,All,#4682B4,0
5,8,3,0.300549,-0.963025,-1.10054,1,All,#4682B4,0
6,8,3,0.344355,-0.991008,-1.33797,1,All,#4682B4,0
7,8,3,0.705076,-1.15761,-1.16557,1,All,#4682B4,0
8,8,3,0.231844,-0.914133,-2.42752,1,All,#4682B4,0
9,8,3,-0.449109,0.192356,-1.58336,1,All,#4682B4,0
10,8,3,1.48394,-1.33428,-1.63023,1,All,#4682B4,0
1,8,4,2.30706,-0.871314,-0.871314,0,All,#4682B4,0
2,8,4,2.62206,-0.945389,-0.945389,0,All,#4682B4,0
3,8,4,2.77584,-0.976753,-0.976753,0,All,#4682B4,0
4,8,4,2.32417,-0.875727,-0.875727,0,All,#4682B4,0
5,8,4,2.15499,-0.829815,-0.829815,0,All,#4682B4,0
6,8,4,2.12755,-0.821861,-0.821861,0,All,#4682B4,0
7,8,4,2.30467,-0.870695,-0.870695,0,All,#4682B4,0
8,8,4,2.4232,-0.900335,-0.900335,0,All,#4682B4,0
9,8,4,2.25865,-0.858559,-0.858559,0,All,#4682B4,0
10,8,4,2.67415,-0.956329,-0.956329,0,All,#4682B4,0
1,8,5,2.58159,-0.369328,-0.369328,0,All,#4682B4,0
2,8,5,2.6412,-0.39208,-0.39208,0,All,#4682B4,0
3,8,5,2.7174,-0.420021,-0.420021,0,All,#4682B4,0
4,8,5,2.61184,-0.380975,-0.380975,0,All,#4682B4,0
5,8,5,2.47807,-0.327831,-0.327831,0,All,#4682B4,0
6,8,5,2.49044,-0.33293,-0.33293,0,All,#4682B4,0
7,8,5,2.54936,-0.356689,-0.356689,0,All,#4682B4,0
8,8,5,2.59798,-0.375664,-0.375664,0,All,#4682B4,0
9,8,5,2.55057,-0.357166,-0.357166,0,All,#4682B4,0
10,8,5,2.57047,-0.364995,-0.364995,0,All,#4682B4,0
1,8,6,2.38956,0.000793479,0.000793479,0,All,#4682B4,0
2,8,6,2.48314,-0.0473599,-0.0473599,0,All,#4682B4,0
3,8,6,2.43966,-0.0253357,-0.0253357,0,All,#4682B4,0
4,8,6,2.43439,-0.0226271,-0.0226271,0,All,#4682B4,0
5,8,6,2.37415,0.00899611,0.00899611,0,All,#4682B4,0
6,8,6,2.41873,-0.0145249,-0.0145249,0,All,#4682B4,0
7,8,6,2.38338,0.00407015,0.00407015,0,All,#4682B4,0
8,8,6,2.41728,-0.0137663,-0.0137663,0,All,#4682B4,0
9,8,6,2.27166,0.0656954,0.0656954,0,All,#4682B4,0
10,8,6,2.28778,0.0565223,0.0565223,0,All,#4682B4,0
1,8,7,2.06937,0.0529558,0.0529558,0,All,#4682B4,0
2,8,7,2.22191,-0.0350911,-0.0350911,0,All,#4682B4,0
3,8,7,2.15052,0.00496079,0.00496079,0,All,#4682B4,0
4,8,7,2.12894,0.0174614,0.0174614,0,All,#4682B4,0
5,8,7,2.11327,0.0266561,0.0266561,0,All,#4682B4,0
6,8,7,2.20198,-0.0241055,-0.0241055,0,All,#4682B4,0
7,8,7,2.07238,0.0511214,0.0511214,0,All,#4682B4,0
8,8,7,2.17084,-0.00663901,-0.00663901,0,All,#4682B4,0
9,8,7,1.8438,0.202092,0.202092,0,All,#4682B4,0
10,8,7,1.98439,0.106258,0.106258,0,All,#4682B4,0
1,8,8,1.6572,0.463653,0.463653,0,All,#4682B4,0
2,8,8,1.81746,0.331033,0.331033,0,All,#4682B4,0
3,8,8,1.77845,0.361767,0.361767,0,All,#4682B4,0
4,8,8,1.72069,0.409063,0.409063,0,All,#4682B4,0
5,8,8,1.71755,0.411699,0.411699,0,All,#4682B4,0
6,8,8,1.8756,0.286911,0.286911,0,All,#4682B4,0
7,8,8,1.63783,0.480885,0.480885,0,All,#4682B4,0
8,8,8,1.79842,0.345918,0.345918,0,All,#4682B4,0
9,8,8,1.31378,0.817041,0.817041,0,All,#4682B4,0
10,8,8,1.57299,0.540666,0.540666,0,All,#4682B4,0
1,8,9,1.14033,0.587133,0.587133,0,All,#4682B4,0
2,8,9,1.19574,0.523168,0.523168,0,All,#4682B4,0
3,8,9,1.20931,0.508051,0.508051,0,All,#4682B4,0
4,8,9,1.18756,0.53238,0.53238,0,All,#4682B4,0
5,8,9,1.14417,0.582584,0.582584,0,All,#4682B4,0
6,8,9,1.40942,0.307124,0.307124,0,All,#4682B4,0
7,8,9,1.05034,0.699401,0.699401,0,All,#4682B4,0
8,8,9,1.23793,0.47684,0.47684,0,All,#4682B4,0
9,8,9,0.673701,1.32269,1.32269,0,All,#4682B4,0
10,8,9,0.970086,0.809399,0.809399,0,All,#4682B4,0
1,8,10,0.501373,-0.815462,-0.815462,0,All,#4682B4,0
2,8,10,0.256403,-0.609644,-0.609644,0,All,#4682B4,0
3,8,10,0.354098,-0.702621,-0.702621,0,All,#4682B4,0
4,8,10,0.504142,-0.817332,-0.817332,0,All,#4682B4,0
5,8,10,0.329834,-0.681091,-0.681091,0,All,#4682B4,0
6,8,10,0.754242,-0.957855,-0.957855,0,All,#4682B4,0
7,8,10,0.28247,-0.636164,-0.636164,0,All,#4682B4,0
8,8,10,0.410987,-0.749586,-0.749586,0,All,#4682B4,0
9,8,10,-0.0820287,-0.0634821,-0.0634821,0,All,#4682B4,0
10,8,10,0.118935,-0.443628,-0.443628,0,All,#4682B4,0
1,8,11,-0.260809,0.147049,0.147049,0,All,#4682B4,0
2,8,11,-1.00201,0.787491,0.787491,0,All,#4682B4,0
3,8,11,-0.801227,0.674233,0.674233,0,All,#4682B4,0
4,8,11,-0.321822,0.233055,0.233055,0,All,#4682B4,0
5,8,11,-0.746486,0.638101,0.638101,0,All,#4682B4,0
6,8,11,-0.131934,-0.0734979,-0.0734979,0,All,#4682B4,0
7,8,11,-0.630756,0.552319,0.552319,0,All,#4682B4,0
8,8,11,-0.730877,0.627311,0.627311,0,All,#4682B4,0
9,8,11,-0.926371,0.748,0.748,0,All,#4682B4,0
10,8,11,-0.884733,0.724705,0.724705,0,All,#4682B4,0
1,8,12,-1.08355,0.700614,-0.412801,1,All,#4682B4,0
2,8,12,-1.90956,0.999699,-1.12633,1,All,#4682B4,0
3,8,12,-1.74364,0.955492,-0.22712,1,All,#4682B4,0
4,8,12,-1.16191,0.740048,-0.643185,1,All,#4682B4,0
5,8,12,-1.78273,0.966427,-0.469534,1,All,#4682B4,0
6,8,12,-1.15612,0.737248,-1.61438,1,All,#4682B4,0
7,8,12,-1.43461,0.855293,-1.25352,1,All,#4682B4,0
8,8,12,-1.78789,0.967845,0.647516,1,All,#4682B4,0
9,8,12,-1.75278,0.958077,0.235586,1,All,#4682B4,0
10,8,12,-1.57848,0.905242,-0.402227,1,All,#4682B4,0
1,8,13,-1.77802,1.06064,1.06064,0,All,#4682B4,0
2,8,13,-2.2924,1.16273,1.16273,0,All,#4682B4,0
3,8,13,-2.18274,1.14396,1.14396,0,All,#4682B4,0
4,8,13,-1.76347,1.05714,1.05714,0,All,#4682B4,0
5,8,13,-2.36096,1.17379,1.17379,0,All,#4682B4,0
6,8,13,-1.9149,1.09165,1.09165,0,All,#4682B4,0
7,8,13,-1.94061,1.09712,1.09712,0,All,#4682B4,0
8,8,13,-2.30936,1.16551,1.16551,0,All,#4682B4,0
9,8,13,-2.36993,1.1752,1.1752,0,All,#4682B4,0
10,8,13,-1.91748,1.0922,1.0922,0,All,#4682B4,0
1,8,14,-2.20882,1.06692,0.409473,1,All,#4682B4,0
2,8,14,-2.52459,1.12455,-0.70164,1,All,#4682B4,0
3,8,14,-2.43957,1.11016,-0.213417,1,All,#4682B4,0
4,8,14,-2.09855,1.04379,-1.71714,1,All,#4682B4,0
5,8,14,-2.67833,1.14878,-1.05061,1,All,#4682B4,0
6,8,14,-2.31298,1.08724,-0.575999,1,All,#4682B4,0
7,8,14,-2.23151,1.07147,0.171284,1,All,#4682B4,0
8,8,14,-2.58941,1.13504,0.449816,1,All,#4682B4,0
9,8,14,-2.73995,1.15789,-0.0839933,1,All,#4682B4,0
10,8,14,-2.13982,1.05266,-1.13286,1,All,#4682B4,0
1,9,-1,-7,1.43675,0.126775,1,All,#4682B4,0
2,9,-1,-7,1.43675,0.0797391,1,All,#4682B4,0
3,9,-1,-7,1.43675,0.537464,1,All,#4682B4,0
4,9,-1,-7,1.43675,0.362697,1,All,#4682B4,0
5,9,-1,-7,1.43675,-0.241134,1,All,#4682B4,0
6,9,-1,-7,1.43675,-0.694349,1,All,#4682B4,0
7,9,-1,-7,1.43675,-1.86822,1,All,#4682B4,0
8,9,-1,-7,1.43675,-0.849918,1,All,#4682B4,0
9,9,-1,-7,1.43675,1.14528,1,All,#4682B4,0
10,9,-1,-7,1.43675,-2.06712,1,All,#4682B4,0
1,9,0,-7,1.43675,-1.77857,1,All,#4682B4,0
2,9,0,-7,1.43675,1.03401,1,All,#4682B4,0
3,9,0,-7,1.43675,-0.177604,1,All,#4682B4,0
4,9,0,-7,1.43675,0.774728,1,All,#4682B4,0
5,9,0,-7,1.43675,0.195385,1,All,#4682B4,0
6,9,0,-7,1.43675,-0.396106,1,All,#4682B4,0
7,9,0,-7,1.43675,-1.68011,1,All,#4682B4,0
8,9,0,-7,1.43675,-0.122565,1,All,#4682B4,0
9,9,0,-7,1.43675,0.358459,1,All,#4682B4,0
10,9,0,-7,1.43675,0.193365,1,All,#4682B4,0
1,9,1,-7,1.43675,-0.267633,1,All,#4682B4,0
2,9,1,-7,1.43675,0.056804,1,All,#4682B4,0
3,9,1,-7,1.43675,0.576326,1,All,#4682B4,0
4,9,1,-7,1.43675,0.104478,1,All,#4682B4,0
5,9,1,-7,1.43675,-0.679851,1,All,#4682B4,0
6,9,1,-7,1.43675,-0.725562,1,All,#4682B4,0
7,9,1,-7,1.43675,-0.255043,1,All,#4682B4,0
8,9,1,-7,1.43675,0.0904351,1,All,#4682B4,0
9,9,1,-7,1.43675,-0.642509,1,All,#4682B4,0
10,9,1,-7,1.43675,-0.537207,1,All,#4682B4,0
1,9,2,-0.332792,0.0348843,-0.450401,1,All,#4682B4,0
2,9,2,-1.11886,0.718792,0.568326,1,All,#4682B4,0
3,9,2,-0.412544,0.146234,-0.247106,1,All,#4682B4,0
4,9,2,-0.0722359,-0.478484,-0.779024,1,All,#4682B4,0
5,9,2,-0.158936,-0.275178,-2.01985,1,All,#4682B4,0
6,9,2,-0.617027,0.372604,-0.515538,1,All,#4682B4,0
7,9,2,-1.05524,0.685527,-0.211884,1,All,#4682B4,0
8,9,2,-0.541085,0.296869,-0.0131,1,All,#4682B4,0
9,9,2,-0.253031,-0.0940923,-0.451138,1,All,#4682B4,0
10,9,2,-1.04239,0.678519,0.120844,1,All,#4682B4,0
1,9,3,2.21683,-0.978291,-0.978291,0,All,#4682B4,0
2,9,3,1.17782,-0.60892,-0.60892,0,All,#4682B4,0
3,9,3,1.78105,-0.860214,-0.860214,0,All,#4682B4,0
4,9,3,1.49563,-0.758103,-0.758103,0,All,#4682B4,0
5,9,3,1.8824,-0.891157,-0.891157,0,All,#4682B4,0
6,9,3,1.80231,-0.866909,-0.866909,0,All,#4682B4,0
7,9,3,1.5354,-0.773857,-0.773857,0,All,#4682B4,0
8,9,3,1.50212,-0.76071,-0.76071,0,All,#4682B4,0
9,9,3,2.24236,-0.984145,-0.984145,0,All,#4682B4,0
10,9,3,1.9936,-0.922485,-0.922485,0,All,#4682B4,0
1,9,4,2.5632,-0.329262,-0.329262,0,All,#4682B4,0
2,9,4,2.30631,-0.217143,-0.217143,0,All,#4682B4,0
3,9,4,2.29331,-0.210966,-0.210966,0,All,#4682B4,0
4,9,4,1.89848,0.00543603,0.00543603,0,All,#4682B4,0
5,9,4,2.43394,-0.275104,-0.275104,0,All,#4682B4,0
6,9,4,2.24492,-0.187506,-0.187506,0,All,#4682B4,0
7,9,4,2.55598,-0.326349,-0.326349,0,All,#4682B4,0
8,9,4,2.07667,-0.0996971,-0.0996971,0,All,#4682B4,0
9,9,4,2.58174,-0.336689,-0.336689,0,All,#4682B4,0
10,9,4,2.51473,-0.309459,-0.309459,0,All,#4682B4,0
1,9,5,2.40048,-0.255472,-0.255472,0,All,#4682B4,0
2,9,5,2.14643,-0.132024,-0.132024,0,All,#4682B4,0
3,9,5,2.2872,-0.202973,-0.202973,0,All,#4682B4,0
4,9,5,1.89433,0.0138799,0.0138799,0,All,#4682B4,0
5,9,5,2.30217,-0.210133,-0.210133,0,All,#4682B4,0
6,9,5,2.13413,-0.125492,-0.125492,0,All,#4682B4,0
7,9,5,2.18272,-0.150961,-0.150961,0,All,#4682B4,0
8,9,5,2.17146,-0.145134,-0.145134,0,All,#4682B4,0
9,9,5,2.40197,-0.256139,-0.256139,0,All,#4682B4,0
10,9,5,2.11908,-0.117432,-0.117432,0,All,#4682B4,0
1,9,6,2.11779,-0.0249515,-0.0249515,0,All,#4682B4,0
2,9,6,1.44263,0.478992,0.478992,0,All,#4682B4,0
3,9,6,2.06303,0.00692704,0.00692704,0,All,#4682B4,0
4,9,6,1.70652,0.249118,0.249118,0,All,#4682B4,0
5,9,6,1.92535,0.0928238,0.0928238,0,All,#4682B4,0
6,9,6,1.75286,0.213744,0.213744,0,All,#4682B4,0
7,9,6,1.44116,0.480419,0.480419,0,All,#4682B4,0
8,9,6,2.00566,0.0416788,0.0416788,0,All,#4682B4,0
9,9,6,2.12711,-0.0302583,-0.0302583,0,All,#4682B4,0
10,9,6,1.56317,0.367493,0.367493,0,All,#4682B4,0
1,9,7,1.77324,-0.253156,-0.253156,0,All,#4682B4,0
2,9,7,0.785628,0.652024,0.652024,0,All,#4682B4,0
3,9,7,1.71896,-0.222174,-0.222174,0,All,#4682B4,0
4,9,7,1.45739,-0.0515538,-0.0515538,0,All,#4682B4,0
5,9,7,1.3982,-0.00718952,-0.00718952,0,All,#4682B4,0
6,9,7,1.20385,0.157309,0.157309,0,All,#4682B4,0
7,9,7,0.800508,0.62986,0.62986,0,All,#4682B4,0
8,9,7,1.67135,-0.193854,-0.193854,0,All,#4682B4,0
9,9,7,1.73285,-0.230226,-0.230226,0,All,#4682B4,0
10,9,7,1.00758,0.360245,0.360245,0,All,#4682B4,0
1,9,8,1.36823,-0.872251,-0.872251,0,All,#4682B4,0
2,9,8,0.32481,-0.105965,-0.105965,0,All,#4682B4,0
3,9,8,1.26797,-0.832941,-0.832941,0,All,#4682B4,0
4,9,8,0.994167,-0.70264,-0.70264,0,All,#4682B4,0
5,9,8,0.754279,-0.549633,-0.549633,0,All,#4682B4,0
6,9,8,0.560106,-0.384918,-0.384918,0,All,#4682B4,0
7,9,8,0.376071,-0.176621,-0.176621,0,All,#4682B4,0
8,9,8,1.18548,-0.797556,-0.797556,0,All,#4682B4,0
9,9,8,1.17397,-0.792376,-0.792376,0,All,#4682B4,0
10,9,8,0.476858,-0.298403,-0.298403,0,All,#4682B4,0
1,9,9,0.898134,-0.802572,-0.802572,0,All,#4682B4,0
2,9,9,-0.109676,0.406306,0.406306,0,All,#4682B4,0
3,9,9,0.71208,-0.693158,-0.693158,0,All,#4682B4,0
4,9,9,0.343097,-0.366532,-0.366532,0,All,#4682B4,0
5,9,9,0.0478838,0.110871,0.110871,0,All,#4682B4,0
6,9,9,-0.0412942,0.298223,0.298223,0,All,#4682B4,0
7,9,9,0.146714,-0.0837435,-0.0837435,0,All,#4682B4,0
8,9,9,0.557433,-0.578613,-0.578613,0,All,#4682B4,0
9,9,9,0.432123,-0.463916,-0.463916,0,All,#4682B4,0
10,9,9,0.0631021,0.0778424,0.0778424,0,All,#4682B4,0
1,9,10,0.36309,-0.437362,-0.437362,0,All,#4682B4,0
2,9,10,-0.561131,0.797671,0.797671,0,All,#4682B4,0
3,9,10,0.0856908,-0.0322913,-0.0322913,0,All,#4682B4,0
4,9,10,-0.300338,0.583282,0.583282,0,All,#4682B4,0
5,9,10,-0.609749,0.82858,0.82858,0,All,#4682B4,0
6,9,10,-0.492855,0.7502,0.7502,0,All,#4682B4,0
7,9,10,-0.110573,0.346119,0.346119,0,All,#4682B4,0
8,9,10,-0.134442,0.381511,0.381511,0,All,#4682B4,0
9,9,10,-0.377648,0.657128,0.657128,0,All,#4682B4,0
10,9,10,-0.243426,0.521616,0.521616,0,All,#4682B4,0
1,9,11,-0.218362,0.282458,0.282458,0,All,#4682B4,0
2,9,11,-1.03041,0.911383,0.911383,0,All,#4682B4,0
3,9,11,-0.507484,0.599102,0.599102,0,All,#4682B4,0
4,9,11,-0.869293,0.836595,0.836595,0,All,#4682B4,0
5,9,11,-1.1269,0.950043,0.950043,0,All,#4682B4,0
6,9,11,-0.816526,0.808768,0.808768,0,All,#4682B4,0
7,9,11,-0.461137,0.558473,0.558473,0,All,#4682B4,0
8,9,11,-0.739381,0.764549,0.764549,0,All,#4682B4,0
9,9,11,-0.978339,0.888733,0.888733,0,All,#4682B4,0
10,9,11,-0.493768,0.587392,0.587392,0,All,#4682B4,0
1,9,12,-0.786438,0.840697,0.840697,0,All,#4682B4,0
2,9,12,-1.52565,1.10801,1.10801,0,All,#4682B4,0
3,9,12,-0.955047,0.922008,0.922008,0,All,#4682B4,0
4,9,12,-1.37617,1.06891,1.06891,0,All,#4682B4,0
5,9,12,-1.49365,1.10007,1.10007,0,All,#4682B4,0
6,9,12,-1.07576,0.971023,0.971023,0,All,#4682B4,0
7,9,12,-0.901567,0.89801,0.89801,0,All,#4682B4,0
8,9,12,-1.18875,1.01139,1.01139,0,All,#4682B4,0
9,9,12,-1.33417,1.05692,1.05692,0,All,#4682B4,0
10,9,12,-0.72764,0.807994,0.807994,0,All,#4682B4,0
1,9,13,-1.24261,1.08624,1.08624,0,All,#4682B4,0
2,9,13,-2.04221,1.25182,1.25182,0,All,#4682B4,0
3,9,13,-1.25213,1.08899,1.08899,0,All,#4682B4,0
4,9,13,-1.85165,1.22158,1.22158,0,All,#4682B4,0
5,9,13,-1.76403,1.20613,1.20613,0,All,#4682B4,0
6,9,13,-1.30994,1.10512,1.10512,0,All,#4682B4,0
7,9,13,-1.41461,1.13216,1.13216,0,All,#4682B4,0
8,9,13,-1.5303,1.15915,1.15915,0,All,#4682B4,0
9,9,13,-1.58156,1.17026,1.17026,0,All,#4682B4,0
10,9,13,-0.963724,0.992259,0.992259,0,All,#4682B4,0
1,9,14,-1.53318,1.27341,1.27341,0,All,#4682B4,0
2,9,14,-2.58164,1.39662,1.39662,0,All,#4682B4,0
3,9,14,-1.46141,1.26071,1.26071,0,All,#4682B4,0
4,9,14,-2.31901,1.37364,1.37364,0,All,#4682B4,0
5,9,14,-1.98542,1.33811,1.33811,0,All,#4682B4,0
6,9,14,-1.53359,1.27348,1.27348,0,All,#4682B4,0
7,9,14,-1.9835,1.33788,1.33788,0,All,#4682B4,0
8,9,14,-1.82135,1.31726,1.31726,0,All,#4682B4,0
9,9,14,-1.79785,1.31406,1.31406,0,All,#4682B4,0
10,9,14,-1.20872,1.20863,1.20863,0,All,#4682B4,0
1,10,-1,-7,1.43675,0.265094,1,All,#4682B4,0
2,10,-1,-7,1.43675,-0.152015,1,All,#4682B4,0
3,10,-1,-7,1.43675,0.764255,1,All,#4682B4,0
4,10,-1,-7,1.43675,0.390192,1,All,#4682B4,0
5,10,-1,-7,1.43675,-0.480571,1,All,#4682B4,0
6,10,-1,-7,1.43675,-0.857864,1,All,#4682B4,0
7,10,-1,-7,1.43675,0.850232,1,All,#4682B4,0
8,10,-1,-7,1.43675,-1.52217,1,All,#4682B4,0
9,10,-1,-7,1.43675,-0.206494,1,All,#4682B4,0
10,10,-1,-7,1.43675,-0.19482,1,All,#4682B4,0
1,10,0,-7,1.46741,1.46741,0,All,#4682B4,0
2,10,0,-7,1.46741,1.46741,0,All,#4682B4,0
3,10,0,-7,1.46741,1.46741,0,All,#4682B4,0
4,10,0,-7,1.46741,1.46741,0,All,#4682B4,0
5,10,0,-7,1.46741,1.46741,0,All,#4682B4,0
6,10,0,-7,1.46741,1.46741,0,All,#4682B4,0
7,10,0,-7,1.46741,1.46741,0,All,#4682B4,0
8,10,0,-7,1.46741,1.46741,0,All,#4682B4,0
9,10,0,-7,1.46741,1.46741,0,All,#4682B4,0
10,10,0,-7,1.46741,1.46741,0,All,#4682B4,0
1,10,1,-7,1.43675,-0.602245,1,All,#4682B4,0
2,10,1,-7,1.43675,0.420484,1,All,#4682B4,0
3,10,1,-7,1.43675,-0.509553,1,All,#4682B4,0
4,10,1,-7,1.43675,-2.21395,1,All,#4682B4,0
5,10,1,-7,1.43675,-0.330658,1,All,#4682B4,0
6,10,1,-7,1.43675,-0.313232,1,All,#4682B4,0
7,10,1,-7,1.43675,-1.79563,1,All,#4682B4,0
8,10,1,-7,1.43675,-0.704355,1,All,#4682B4,0
9,10,1,-7,1.43675,-0.437689,1,All,#4682B4,0
10,10,1,-7,1.43675,0.158871,1,All,#4682B4,0
1,10,2,1.80031,-1.22936,-1.22936,0,All,#4682B4,0
2,10,2,1.45034,-1.16015,-1.16015,0,All,#4682B4,0
3,10,2,0.878699,-0.983349,-0.983349,0,All,#4682B4,0
4,10,2,1.87063,-1.24104,-1.24104,0,All,#4682B4,0
5,10,2,1.34015,-1.13358,-1.13358,0,All,#4682B4,0
6,10,2,1.31264,-1.1265,-1.1265,0,All,#4682B4,0
7,10,2,1.36344,-1.13942,-1.13942,0,All,#4682B4,0
8,10,2,1.7113,-1.21362,-1.21362,0,All,#4682B4,0
9,10,2,1.47841,-1.1665,-1.1665,0,All,#4682B4,0
10,10,2,2.19722,-1.288,-1.288,0,All,#4682B4,0
1,10,3,2.90943,-0.185041,-0.185041,0,All,#4682B4,0
2,10,3,2.47203,0.0156056,0.0156056,0,All,#4682B4,0
3,10,3,2.24083,0.145333,0.145333,0,All,#4682B4,0
4,10,3,2.87672,-0.171709,-0.171709,0,All,#4682B4,0
5,10,3,2.44552,0.0295307,0.0295307,0,All,#4682B4,0
6,10,3,2.62282,-0.0594345,-0.0594345,0,All,#4682B4,0
7,10,3,2.70602,-0.0980387,-0.0980387,0,All,#4682B4,0
8,10,3,2.78174,-0.131595,-0.131595,0,All,#4682B4,0
9,10,3,2.65241,-0.0733809,-0.0733809,0,All,#4682B4,0
10,10,3,2.91352,-0.186693,-0.186693,0,All,#4682B4,0
1,10,4,2.56298,-0.178821,-0.178821,0,All,#4682B4,0
2,10,4,2.17082,0.0204247,0.0204247,0,All,#4682B4,0
3,10,4,2.25492,-0.0266774,-0.0266774,0,All,#4682B4,0
4,10,4,2.45118,-0.126983,-0.126983,0,All,#4682B4,0
5,10,4,2.12761,0.0456926,0.0456926,0,All,#4682B4,0
6,10,4,2.51523,-0.157115,-0.157115,0,All,#4682B4,0
7,10,4,2.46602,-0.134072,-0.134072,0,All,#4682B4,0
8,10,4,2.45954,-0.130984,-0.130984,0,All,#4682B4,0
9,10,4,2.37773,-0.090916,-0.090916,0,All,#4682B4,0
10,10,4,2.30349,-0.0526971,-0.0526971,0,All,#4682B4,0
1,10,5,2.11627,-0.194683,-0.194683,0,All,#4682B4,0
2,10,5,1.5961,0.130685,0.130685,0,All,#4682B4,0
3,10,5,1.75901,0.014309,0.014309,0,All,#4682B4,0
4,10,5,1.9154,-0.0840551,-0.0840551,0,All,#4682B4,0
5,10,5,1.50257,0.205092,0.205092,0,All,#4682B4,0
6,10,5,2.1237,-0.198477,-0.198477,0,All,#4682B4,0
7,10,5,1.96203,-0.111197,-0.111197,0,All,#4682B4,0
8,10,5,1.9767,-0.11954,-0.11954,0,All,#4682B4,0
9,10,5,1.84911,-0.0438074,-0.0438074,0,All,#4682B4,0
10,10,5,1.6317,0.103896,0.103896,0,All,#4682B4,0
1,10,6,1.68311,-0.117814,-0.117814,0,All,#4682B4,0
2,10,6,1.03548,0.441894,0.441894,0,All,#4682B4,0
3,10,6,1.23004,0.23537,0.23537,0,All,#4682B4,0
4,10,6,1.39179,0.0921746,0.0921746,0,All,#4682B4,0
5,10,6,0.96589,0.527092,0.527092,0,All,#4682B4,0
6,10,6,1.7061,-0.132273,-0.132273,0,All,#4682B4,0
7,10,6,1.44518,0.0495253,0.0495253,0,All,#4682B4,0
8,10,6,1.4837,0.0200232,0.0200232,0,All,#4682B4,0
9,10,6,1.30761,0.1639,0.1639,0,All,#4682B4,0
10,10,6,1.03023,0.448085,0.448085,0,All,#4682B4,0
1,10,7,1.25449,-0.0588972,-0.0588972,0,All,#4682B4,0
2,10,7,0.58789,0.738395,0.738395,0,All,#4682B4,0
3,10,7,0.843769,0.353745,0.353745,0,All,#4682B4,0
4,10,7,0.92381,0.257493,0.257493,0,All,#4682B4,0
5,10,7,0.634557,0.657685,0.657685,0,All,#4682B4,0
6,10,7,1.30333,-0.0970175,-0.0970175,0,All,#4682B4,0
7,10,7,0.965442,0.210969,0.210969,0,All,#4682B4,0
8,10,7,1.00194,0.171999,0.171999,0,All,#4682B4,0
9,10,7,0.816014,0.389411,0.389411,0,All,#4682B4,0
10,10,7,0.603833,0.710198,0.710198,0,All,#4682B4,0
1,10,8,0.772509,0.042391,0.042391,0,All,#4682B4,0
2,10,8,0.283566,0.846162,0.846162,0,All,#4682B4,0
3,10,8,0.630169,0.217849,0.217849,0,All,#4682B4,0
4,10,8,0.565208,0.310495,0.310495,0,All,#4682B4,0
5,10,8,0.482395,0.4427,0.4427,0,All,#4682B4,0
6,10,8,0.938827,-0.125273,-0.125273,0,All,#4682B4,0
7,10,8,0.565246,0.310439,0.310439,0,All,#4682B4,0
8,10,8,0.54855,0.335738,0.335738,0,All,#4682B4,0
9,10,8,0.426474,0.542453,0.542453,0,All,#4682B4,0
10,10,8,0.404223,0.584821,0.584821,0,All,#4682B4,0
1,10,9,0.28931,-0.478095,-0.478095,0,All,#4682B4,0
2,10,9,0.10244,-0.219421,-0.219421,0,All,#4682B4,0
3,10,9,0.470414,-0.653533,-0.653533,0,All,#4682B4,0
4,10,9,0.226035,-0.401538,-0.401538,0,All,#4682B4,0
5,10,9,0.423961,-0.613671,-0.613671,0,All,#4682B4,0
6,10,9,0.635826,-0.773859,-0.773859,0,All,#4682B4,0
7,10,9,0.282337,-0.470117,-0.470117,0,All,#4682B4,0
8,10,9,0.149707,-0.294942,-0.294942,0,All,#4682B4,0
9,10,9,0.171183,-0.32671,-0.32671,0,All,#4682B4,0
10,10,9,0.185506,-0.34709,-0.34709,0,All,#4682B4,0
1,10,10,-0.123821,0.176831,0.176831,0,All,#4682B4,0
2,10,10,-0.0430285,0.0261872,0.0261872,0,All,#4682B4,0
3,10,10,0.0406927,-0.148895,-0.148895,0,All,#4682B4,0
4,10,10,-0.153865,0.226022,0.226022,0,All,#4682B4,0
5,10,10,0.139453,-0.316282,-0.316282,0,All,#4682B4,0
6,10,10,0.289081,-0.509572,-0.509572,0,All,#4682B4,0
7,10,10,0.0523676,-0.170816,-0.170816,0,All,#4682B4,0
8,10,10,-0.163831,0.241628,0.241628,0,All,#4682B4,0
9,10,10,0.0455113,-0.15802,-0.15802,0,All,#4682B4,0
10,10,10,-0.182698,0.270266,0.270266,0,All,#4682B4,0
1,10,11,-0.441237,0.182664,-0.478637,1,All,#4682B4,0
2,10,11,-0.518268,0.272349,-1.48304,1,All,#4682B4,0
3,10,11,-0.566557,0.323241,-0.238611,1,All,#4682B4,0
4,10,11,-0.520856,0.275175,-2.30768,1,All,#4682B4,0
5,10,11,-0.328207,0.0279844,-0.923157,1,All,#4682B4,0
6,10,11,-0.144245,-0.306872,-1.35212,1,All,#4682B4,0
7,10,11,-0.313595,0.00560151,-0.235425,1,All,#4682B4,0
8,10,11,-0.393004,0.120383,-0.153262,1,All,#4682B4,0
9,10,11,-0.160751,-0.271335,-1.12319,1,All,#4682B4,0
10,10,11,-0.629685,0.384419,0.373862,1,All,#4682B4,0
1,10,12,-0.682348,0.431347,-0.146569,1,All,#4682B4,0
2,10,12,-1.19367,0.755132,0.128693,1,All,#4682B4,0
3,10,12,-1.22252,0.768412,-0.181529,1,All,#4682B4,0
4,10,12,-0.857198,0.565168,-0.882567,1,All,#4682B4,0
5,10,12,-0.83927,0.552798,0.51284,1,All,#4682B4,0
6,10,12,-0.61006,0.366006,-0.392106,1,All,#4682B4,0
7,10,12,-0.782631,0.511819,-2.81585,1,All,#4682B4,0
8,10,12,-0.753271,0.489367,-1.57406,1,All,#4682B4,0
9,10,12,-0.728682,0.469879,-0.358568,1,All,#4682B4,0
10,10,12,-1.09326,0.70568,-0.397164,1,All,#4682B4,0
1,10,13,-0.88779,0.585655,-2.33463,1,All,#4682B4,0
2,10,13,-1.8615,0.987471,0.180962,1,All,#4682B4,0
3,10,13,-1.88004,0.992241,-0.8401,1,All,#4682B4,0
4,10,13,-1.17079,0.744318,-0.232157,1,All,#4682B4,0
5,10,13,-1.34935,0.822471,0.435136,1,All,#4682B4,0
6,10,13,-1.03725,0.675693,-0.328519,1,All,#4682B4,0
7,10,13,-1.27508,0.791633,-1.37046,1,All,#4682B4,0
8,10,13,-1.27146,0.790071,0.226769,1,All,#4682B4,0
9,10,13,-1.45546,0.862936,-0.236995,1,All,#4682B4,0
10,10,13,-1.55615,0.897896,0.640499,1,All,#4682B4,0
1,10,14,-1.08183,0.699708,-1.20697,1,All,#4682B4,0
2,10,14,-2.4964,1.11986,-0.555098,1,All,#4682B4,0
3,10,14,-2.53133,1.12566,0.946507,1,All,#4682B4,0
4,10,14,-1.48137,0.872233,-0.641073,1,All,#4682B4,0
5,10,14,-1.84601,0.983433,0.576428,1,All,#4682B4,0
6,10,14,-1.42002,0.849858,-0.52212,1,All,#4682B4,0
7,10,14,-1.75041,0.957408,-0.240816,1,All,#4682B4,0
8,10,14,-1.81781,0.975958,-0.706475,1,All,#4682B4,0
9,10,14,-2.16483,1.05791,0.809416,1,All,#4682B4,0
10,10,14,-2.02014,1.02623,0.274865,1,All,#4682B4,0
1,11,-1,-7,1.51194,1.51194,0,All,#4682B4,0
2,11,-1,-7,1.51194,1.51194,0,All,#4682B4,0
3,11,-1,-7,1.51194,1.51194,0,All,#4682B4,0
4,11,-1,-7,1.51194,1.51194,0,All,#4682B4,0
5,11,-1,-7,1.51194,1.51194,0,All,#4682B4,0
6,11,-1,-7,1.51194,1.51194,0,All,#4682B4,0
7,11,-1,-7,1.51194,1.51194,0,All,#4682B4,0
8,11,-1,-7,1.51194,1.51194,0,All,#4682B4,0
9,11,-1,-7,1.51194,1.51194,0,All,#4682B4,0
10,11,-1,-7,1.51194,1.51194,0,All,#4682B4,0
1,11,0,-7,1.49096,1.49096,0,All,#4682B4,0
2,11,0,-7,1.49096,1.49096,0,All,#4682B4,0
3,11,0,-7,1.49096,1.49096,0,All,#4682B4,0
4,11,0,-7,1.49096,1.49096,0,All,#4682B4,0
5,11,0,-7,1.49096,1.49096,0,All,#4682B4,0
6,11,0,-7,1.49096,1.49096,0,All,#4682B4,0
7,11,0,-7,1.49096,1.49096,0,All,#4682B4,0
8,11,0,-7,1.49096,1.49096,0,All,#4682B4,0
9,11,0,-7,1.49096,1.49096,0,All,#4682B4,0
10,11,0,-7,1.49096,1.49096,0,All,#4682B4,0
1,11,1,-7,1.43675,-0.00717305,1,All,#4682B4,0
2,11,1,-7,1.43675,-1.08001,1,All,#4682B4,0
3,11,1,-7,1.43675,1.04466,1,All,#4682B4,0
4,11,1,-7,1.43675,0.305166,1,All,#4682B4,0
5,11,1,-7,1.43675,0.133142,1,All,#4682B4,0
6,11,1,-7,1.43675,-0.154092,1,All,#4682B4,0
7,11,1,-7,1.43675,0.187649,1,All,#4682B4,0
8,11,1,-7,1.43675,0.986662,1,All,#4682B4,0
9,11,1,-7,1.43675,1.29372,1,All,#4682B4,0
10,11,1,-7,1.43675,0.407745,1,All,#4682B4,0
1,11,2,0.0610119,-0.719654,-0.719654,0,All,#4682B4,0
2,11,2,-0.534433,0.313385,0.313385,0,All,#4682B4,0
3,11,2,0.241559,-0.890955,-0.890955,0,All,#4682B4,0
4,11,2,-0.43474,0.200119,0.200119,0,All,#4682B4,0
5,11,2,-0.459713,0.230237,0.230237,0,All,#4682B4,0
6,11,2,-0.269103,-0.0368056,-0.0368056,0,All,#4682B4,0
7,11,2,-0.594126,0.373195,0.373195,0,All,#4682B4,0
8,11,2,-0.737497,0.497308,0.497308,0,All,#4682B4,0
9,11,2,0.0713002,-0.731426,-0.731426,0,All,#4682B4,0
10,11,2,-0.870495,0.59287,0.59287,0,All,#4682B4,0
1,11,3,1.66884,-1.03533,-1.03533,0,All,#4682B4,0
2,11,3,2.0977,-1.13006,-1.13006,0,All,#4682B4,0
3,11,3,1.80723,-1.06936,-1.06936,0,All,#4682B4,0
4,11,3,1.88807,-1.08759,-1.08759,0,All,#4682B4,0
5,11,3,1.86019,-1.08143,-1.08143,0,All,#4682B4,0
6,11,3,1.86621,-1.08277,-1.08277,0,All,#4682B4,0
7,11,3,1.82498,-1.07346,-1.07346,0,All,#4682B4,0
8,11,3,1.86976,-1.08356,-1.08356,0,All,#4682B4,0
9,11,3,2.08316,-1.12731,-1.12731,0,All,#4682B4,0
10,11,3,1.9323,-1.0971,-1.0971,0,All,#4682B4,0
1,11,4,2.18116,-0.603993,-0.603993,0,All,#4682B4,0
2,11,4,2.60305,-0.737346,-0.737346,0,All,#4682B4,0
3,11,4,2.17821,-0.602925,-0.602925,0,All,#4682B4,0
4,11,4,2.45131,-0.693424,-0.693424,0,All,#4682B4,0
5,11,4,2.39793,-0.676969,-0.676969,0,All,#4682B4,0
6,11,4,2.29601,-0.643949,-0.643949,0,All,#4682B4,0
7,11,4,2.27111,-0.635542,-0.635542,0,All,#4682B4,0
8,11,4,2.40053,-0.677782,-0.677782,0,All,#4682B4,0
9,11,4,2.50312,-0.708881,-0.708881,0,All,#4682B4,0
10,11,4,2.40601,-0.679494,-0.679494,0,All,#4682B4,0
1,11,5,2.26462,-0.355154,-0.355154,0,All,#4682B4,0
2,11,5,2.51556,-0.455687,-0.455687,0,All,#4682B4,0
3,11,5,2.20101,-0.326959,-0.326959,0,All,#4682B4,0
4,11,5,2.46902,-0.438222,-0.438222,0,All,#4682B4,0
5,11,5,2.43193,-0.42394,-0.42394,0,All,#4682B4,0
6,11,5,2.3298,-0.382841,-0.382841,0,All,#4682B4,0
7,11,5,2.27268,-0.358641,-0.358641,0,All,#4682B4,0
8,11,5,2.41242,-0.416293,-0.416293,0,All,#4682B4,0
9,11,5,2.40173,-0.412063,-0.412063,0,All,#4682B4,0
10,11,5,2.40746,-0.414336,-0.414336,0,All,#4682B4,0
1,11,6,2.1717,-0.0282776,-0.0282776,0,All,#4682B4,0
2,11,6,2.23655,-0.063766,-0.063766,0,All,#4682B4,0
3,11,6,2.09408,0.0163257,0.0163257,0,All,#4682B4,0
4,11,6,2.27571,-0.0844597,-0.0844597,0,All,#4682B4,0
5,11,6,2.32971,-0.112135,-0.112135,0,All,#4682B4,0
6,11,6,2.24258,-0.066987,-0.066987,0,All,#4682B4,0
7,11,6,2.13004,-0.00463682,-0.00463682,0,All,#4682B4,0
8,11,6,2.21704,-0.0532524,-0.0532524,0,All,#4682B4,0
9,11,6,2.08883,0.0194293,0.0194293,0,All,#4682B4,0
10,11,6,2.20473,-0.0465435,-0.0465435,0,All,#4682B4,0
1,11,7,1.90844,0.747561,0.747561,0,All,#4682B4,0
2,11,7,1.79277,0.857092,0.857092,0,All,#4682B4,0
3,11,7,1.87582,0.777469,0.777469,0,All,#4682B4,0
4,11,7,1.90713,0.748745,0.748745,0,All,#4682B4,0
5,11,7,2.10098,0.584899,0.584899,0,All,#4682B4,0
6,11,7,2.03407,0.638879,0.638879,0,All,#4682B4,0
7,11,7,1.90702,0.748845,0.748845,0,All,#4682B4,0
8,11,7,1.86755,0.785176,0.785176,0,All,#4682B4,0
9,11,7,1.57469,1.0932,1.0932,0,All,#4682B4,0
10,11,7,1.80583,0.844232,0.844232,0,All,#4682B4,0
1,11,8,1.28625,-0.0343099,-0.0343099,0,All,#4682B4,0
2,11,8,1.11847,0.111753,0.111753,0,All,#4682B4,0
3,11,8,1.3196,-0.0605258,-0.0605258,0,All,#4682B4,0
4,11,8,1.26953,-0.020838,-0.020838,0,All,#4682B4,0
5,11,8,1.58041,-0.239737,-0.239737,0,All,#4682B4,0
6,11,8,1.48159,-0.176752,-0.176752,0,All,#4682B4,0
7,11,8,1.35249,-0.0855676,-0.0855676,0,All,#4682B4,0
8,11,8,1.30769,-0.0512592,-0.0512592,0,All,#4682B4,0
9,11,8,0.778844,0.505181,0.505181,0,All,#4682B4,0
10,11,8,1.0966,0.132736,0.132736,0,All,#4682B4,0
1,11,9,0.0544597,1.82046,1.82046,0,All,#4682B4,0
2,11,9,0.144275,1.47245,1.47245,0,All,#4682B4,0
3,11,9,0.0656653,1.77289,1.77289,0,All,#4682B4,0
4,11,9,0.203951,1.27725,1.27725,0,All,#4682B4,0
5,11,9,0.470035,0.638266,0.638266,0,All,#4682B4,0
6,11,9,0.130222,1.52224,1.52224,0,All,#4682B4,0
7,11,9,0.066969,1.76743,1.76743,0,All,#4682B4,0
8,11,9,0.431553,0.712957,0.712957,0,All,#4682B4,0
9,11,9,-0.343322,1.94485,1.94485,0,All,#4682B4,0
10,11,9,-0.107982,2.02098,2.02098,0,All,#4682B4,0
1,11,10,-1.23456,0.861379,0.861379,0,All,#4682B4,0
2,11,10,-0.959397,0.732339,0.732339,0,All,#4682B4,0
3,11,10,-1.47312,0.947467,0.947467,0,All,#4682B4,0
4,11,10,-1.22278,0.85659,0.85659,0,All,#4682B4,0
5,11,10,-1.09342,0.799987,0.799987,0,All,#4682B4,0
6,11,10,-1.6873,1.01043,1.01043,0,All,#4682B4,0
7,11,10,-1.46287,0.944149,0.944149,0,All,#4682B4,0
8,11,10,-0.830865,0.656722,0.656722,0,All,#4682B4,0
9,11,10,-1.44613,0.938661,0.938661,0,All,#4682B4,0
10,11,10,-1.54857,0.970982,0.970982,0,All,#4682B4,0
1,11,11,-2.07855,1.0779,1.0779,0,All,#4682B4,0
2,11,11,-1.72264,0.9935,0.9935,0,All,#4682B4,0
3,11,11,-2.34469,1.12835,1.12835,0,All,#4682B4,0
4,11,11,-2.20973,1.1039,1.1039,0,All,#4682B4,0
5,11,11,-2.00664,1.0626,1.0626,0,All,#4682B4,0
6,11,11,-2.53364,1.15921,1.15921,0,All,#4682B4,0
7,11,11,-2.28618,1.11802,1.11802,0,All,#4682B4,0
8,11,11,-2.03742,1.06925,1.06925,0,All,#4682B4,0
9,11,11,-2.09528,1.08135,1.08135,0,All,#4682B4,0
10,11,11,-2.29815,1.12016,1.12016,0,All,#4682B4,0
1,11,12,-2.73279,1.15685,0.818302,1,All,#4682B4,0
2,11,12,-2.153,1.05543,-0.213689,1,All,#4682B4,0
3,11,12,-2.98834,1.19157,0.229668,1,All,#4682B4,0
4,11,12,-2.75609,1.16022,-0.310491,1,All,#4682B4,0
5,11,12,-2.61497,1.13906,0.323281,1,All,#4682B4,0
6,11,12,-3.12869,1.2087,-3.18812,1,All,#4682B4,0
7,11,12,-2.89847,1.17991,-0.0221191,1,All,#4682B4,0
8,11,12,-2.69264,1.15092,-0.368022,1,All,#4682B4,0
9,11,12,-2.48645,1.11819,-0.343452,1,All,#4682B4,0
10,11,12,-2.72987,1.15642,-0.153878,1,All,#4682B4,0
1,11,13,-3.33319,1.23155,-1.37904,1,All,#4682B4,0
2,11,13,-2.46184,1.114,0.669323,1,All,#4682B4,0
3,11,13,-3.57705,1.25598,0.0682951,1,All,#4682B4,0
4,11,13,-3.15323,1.21156,-0.128054,1,All,#4682B4,0
5,11,13,-3.1548,1.21175,-1.85987,1,All,#4682B4,0
6,11,13,-3.68115,1.26559,-0.345302,1,All,#4682B4,0
7,11,13,-3.46892,1.24549,0.735689,1,All,#4682B4,0
8,11,13,-3.09031,1.20414,-0.235932,1,All,#4682B4,0
9,11,13,-2.79548,1.16583,-0.793174,1,All,#4682B4,0
10,11,13,-3.08582,1.2036,0.0379261,1,All,#4682B4,0
1,11,14,-3.9266,1.28656,0.199527,1,All,#4682B4,0
2,11,14,-2.74264,1.15828,-1.47119,1,All,#4682B4,0
3,11,14,-4.15212,1.30397,-0.427009,1,All,#4682B4,0
4,11,14,-3.51527,1.25005,0.478237,1,All,#4682B4,0
5,11,14,-3.69001,1.26638,-0.386301,1,All,#4682B4,0
6,11,14,-4.23476,1.30996,-0.0299677,1,All,#4682B4,0
7,11,14,-4.03501,1.29513,-1.33726,1,All,#4682B4,0
8,11,14,-3.40827,1.23937,-1.24664,1,All,#4682B4,0
9,11,14,-3.08766,1.20382,-0.395588,1,All,#4682B4,0
10,11,14,-3.43066,1.24165,-0.340346,1,All,#4682B4,0
1,12,-1,-7,1.44438,1.44438,0,All,#4682B4,0
2,12,-1,-7,1.44438,1.44438,0,All,#4682B4,0
3,12,-1,-7,1.44438,1.44438,0,All,#4682B4,0
4,12,-1,-7,1.44438,1.44438,0,All,#4682B4,0
5,12,-1,-7,1.44438,1.44438,0,All,#4682B4,0
6,12,-1,-7,1.44438,1.44438,0,All,#4682B4,0
7,12,-1,-7,1.44438,1.44438,0,All,#4682B4,0
8,12,-1,-7,1.44438,1.44438,0,All,#4682B4,0
9,12,-1,-7,1.44438,1.44438,0,All,#4682B4,0
10,12,-1,-7,1.44438,1.44438,0,All,#4682B4,0
1,12,0,-7,1.45164,1.45164,0,All,#4682B4,0
2,12,0,-7,1.45164,1.45164,0,All,#4682B4,0
3,12,0,-7,1.45164,1.45164,0,All,#4682B4,0
4,12,0,-7,1.45164,1.45164,0,All,#4682B4,0
5,12,0,-7,1.45164,1.45164,0,All,#4682B4,0
6,12,0,-7,1.45164,1.45164,0,All,#4682B4,0
7,12,0,-7,1.45164,1.45164,0,All,#4682B4,0
8,12,0,-7,1.45164,1.45164,0,All,#4682B4,0
9,12,0,-7,1.45164,1.45164,0,All,#4682B4,0
10,12,0,-7,1.45164,1.45164,0,All,#4682B4,0
1,12,1,-7,1.43675,0.446093,1,All,#4682B4,0
2,12,1,-7,1.43675,-0.668419,1,All,#4682B4,0
3,12,1,-7,1.43675,-0.406717,1,All,#4682B4,0
4,12,1,-7,1.43675,0.382496,1,All,#4682B4,0
5,12,1,-7,1.43675,-0.475123,1,All,#4682B4,0
6,12,1,-7,1.43675,0.320237,1,All,#4682B4,0
7,12,1,-7,1.43675,-0.792742,1,All,#4682B4,0
8,12,1,-7,1.43675,-0.515297,1,All,#4682B4,0
9,12,1,-7,1.43675,0.349682,1,All,#4682B4,0
10,12,1,-7,1.43675,1.07375,1,All,#4682B4,0
1,12,2,-7,1.43675,-1.53315,1,All,#4682B4,0
2,12,2,-7,1.43675,0.202334,1,All,#4682B4,0
3,12,2,-7,1.43675,0.601591,1,All,#4682B4,0
4,12,2,-7,1.43675,0.882107,1,All,#4682B4,0
5,12,2,-7,1.43675,-0.41069,1,All,#4682B4,0
6,12,2,-7,1.43675,0.586249,1,All,#4682B4,0
7,12,2,-7,1.43675,-0.388507,1,All,#4682B4,0
8,12,2,-7,1.43675,0.263482,1,All,#4682B4,0
9,12,2,-7,1.43675,0.174291,1,All,#4682B4,0
10,12,2,-7,1.43675,0.166203,1,All,#4682B4,0
1,12,3,-7,1.43675,0.328457,1,All,#4682B4,0
2,12,3,-7,1.43675,-0.478783,1,All,#4682B4,0
3,12,3,-7,1.43675,-2.2771,1,All,#4682B4,0
4,12,3,-7,1.43675,0.529686,1,All,#4682B4,0
5,12,3,-7,1.43675,-2.18913,1,All,#4682B4,0
6,12,3,-7,1.43675,-0.436114,1,All,#4682B4,0
7,12,3,-7,1.43675,-1.39586,1,All,#4682B4,0
8,12,3,-7,1.43675,-0.591879,1,All,#4682B4,0
9,12,3,-7,1.43675,0.378824,1,All,#4682B4,0
10,12,3,-7,1.43675,0.135359,1,All,#4682B4,0
1,12,4,-7,1.43675,-1.17251,1,All,#4682B4,0
2,12,4,-7,1.43675,0.0225081,1,All,#4682B4,0
3,12,4,-7,1.43675,0.262016,1,All,#4682B4,0
4,12,4,-7,1.43675,1.18688,1,All,#4682B4,0
5,12,4,-7,1.43675,0.177918,1,All,#4682B4,0
6,12,4,-2.3751,1.09872,-0.00392521,1,All,#4682B4,0
7,12,4,-7,1.43675,0.29647,1,All,#4682B4,0
8,12,4,-7,1.43675,1.05972,1,All,#4682B4,0
9,12,4,-7,1.43675,-1.83802,1,All,#4682B4,0
10,12,4,-7,1.43675,0.76507,1,All,#4682B4,0
1,12,5,1.48558,-1.33452,-1.89175,1,All,#4682B4,0
2,12,5,2.14527,-1.40981,-1.88012,1,All,#4682B4,0
3,12,5,1.9844,-1.39479,-1.943,1,All,#4682B4,0
4,12,5,2.24678,-1.41846,-1.47619,1,All,#4682B4,0
5,12,5,1.21513,-1.28909,-1.33725,1,All,#4682B4,0
6,12,5,2.47838,-1.43615,-1.75311,1,All,#4682B4,0
7,12,5,1.60199,-1.35087,-1.59985,1,All,#4682B4,0
8,12,5,2.37946,-1.42891,-1.93188,1,All,#4682B4,0
9,12,5,1.83507,-1.37918,-1.43772,1,All,#4682B4,0
10,12,5,1.37217,-1.31688,-1.48042,1,All,#4682B4,0
1,12,6,2.58837,-1.4437,-1.46853,1,All,#4682B4,0
2,12,6,2.80185,-1.45701,-1.60317,1,All,#4682B4,0
3,12,6,2.70722,-1.45131,-1.87041,1,All,#4682B4,0
4,12,6,2.81619,-1.45785,-1.91705,1,All,#4682B4,0
5,12,6,2.45426,-1.43443,-1.89686,1,All,#4682B4,0
6,12,6,2.76108,-1.4546,-2.67934,1,All,#4682B4,0
7,12,6,2.75537,-1.45425,-1.92417,1,All,#4682B4,0
8,12,6,2.83351,-1.45885,-1.76219,1,All,#4682B4,0
9,12,6,2.69487,-1.45055,-1.57388,1,All,#4682B4,0
10,12,6,2.50193,-1.43781,-1.86598,1,All,#4682B4,0
1,12,7,2.45809,-0.890275,-0.890275,0,All,#4682B4,0
2,12,7,2.50771,-0.902065,-0.902065,0,All,#4682B4,0
3,12,7,2.39349,-0.87437,-0.87437,0,All,#4682B4,0
4,12,7,2.52989,-0.90722,-0.90722,0,All,#4682B4,0
5,12,7,2.35383,-0.86428,-0.86428,0,All,#4682B4,0
6,12,7,2.42956,-0.88333,-0.88333,0,All,#4682B4,0
7,12,7,2.46877,-0.892845,-0.892845,0,All,#4682B4,0
8,12,7,2.46322,-0.891513,-0.891513,0,All,#4682B4,0
9,12,7,2.44831,-0.88791,-0.88791,0,All,#4682B4,0
10,12,7,2.41832,-0.880561,-0.880561,0,All,#4682B4,0
1,12,8,2.01428,0.241861,0.241861,0,All,#4682B4,0
2,12,8,2.05631,0.21335,0.21335,0,All,#4682B4,0
3,12,8,1.81905,0.386505,0.386505,0,All,#4682B4,0
4,12,8,2.11305,0.17618,0.17618,0,All,#4682B4,0
5,12,8,1.82044,0.385401,0.385401,0,All,#4682B4,0
6,12,8,1.96654,0.275314,0.275314,0,All,#4682B4,0
7,12,8,1.90217,0.322326,0.322326,0,All,#4682B4,0
8,12,8,1.93564,0.297598,0.297598,0,All,#4682B4,0
9,12,8,1.93501,0.298058,0.298058,0,All,#4682B4,0
10,12,8,1.94085,0.293804,0.293804,0,All,#4682B4,0
1,12,9,1.44826,0.706414,0.706414,0,All,#4682B4,0
2,12,9,1.51188,0.63986,0.63986,0,All,#4682B4,0
3,12,9,1.06341,1.20831,1.20831,0,All,#4682B4,0
4,12,9,1.61324,0.541201,0.541201,0,All,#4682B4,0
5,12,9,1.11157,1.13418,1.13418,0,All,#4682B4,0
6,12,9,1.40338,0.755732,0.755732,0,All,#4682B4,0
7,12,9,1.22214,0.977645,0.977645,0,All,#4682B4,0
8,12,9,1.2835,0.898092,0.898092,0,All,#4682B4,0
9,12,9,1.27912,0.903606,0.903606,0,All,#4682B4,0
10,12,9,1.32812,0.843191,0.843191,0,All,#4682B4,0
1,12,10,0.797521,0.690699,0.690699,0,All,#4682B4,0
2,12,10,0.882789,0.568055,0.568055,0,All,#4682B4,0
3,12,10,0.179465,2.24846,2.24846,0,All,#4682B4,0
4,12,10,1.03267,0.380823,0.380823,0,All,#4682B4,0
5,12,10,0.37048,1.58442,1.58442,0,All,#4682B4,0
6,12,10,0.764265,0.742262,0.742262,0,All,#4682B4,0
7,12,10,0.476822,1.30394,1.30394,0,All,#4682B4,0
8,12,10,0.527396,1.18687,1.18687,0,All,#4682B4,0
9,12,10,0.536388,1.16701,1.16701,0,All,#4682B4,0
10,12,10,0.654946,0.928898,0.928898,0,All,#4682B4,0
1,12,11,0.136467,1.77359,1.77359,0,All,#4682B4,0
2,12,11,0.21937,1.48109,1.48109,0,All,#4682B4,0
3,12,11,-0.575097,2.07964,2.07964,0,All,#4682B4,0
4,12,11,0.403768,0.980531,0.980531,0,All,#4682B4,0
5,12,11,-0.203292,2.24023,2.24023,0,All,#4682B4,0
6,12,11,0.152465,1.71299,1.71299,0,All,#4682B4,0
7,12,11,-0.221394,2.22958,2.22958,0,All,#4682B4,0
8,12,11,-0.207972,2.23744,2.23744,0,All,#4682B4,0
9,12,11,-0.116715,2.29728,2.29728,0,All,#4682B4,0
10,12,11,0.0118538,2.33216,2.33216,0,All,#4682B4,0
1,12,12,-0.385555,0.110295,-0.48819,1,All,#4682B4,0
2,12,12,-0.350302,0.0607078,-1.56874,1,All,#4682B4,0
3,12,12,-0.982152,0.644302,-0.622819,1,All,#4682B4,0
4,12,12,-0.163992,-0.264506,-0.604316,1,All,#4682B4,0
5,12,12,-0.545769,0.301796,-1.1669,1,All,#4682B4,0
6,12,12,-0.277806,-0.0518984,-1.70653,1,All,#4682B4,0
7,12,12,-0.72237,0.464772,-0.48729,1,All,#4682B4,0
8,12,12,-0.706602,0.451821,-0.468473,1,All,#4682B4,0
9,12,12,-0.517545,0.271557,0.202293,1,All,#4682B4,0
10,12,12,-0.48726,0.237584,-0.344717,1,All,#4682B4,0
1,12,13,-0.697416,0.444147,-0.243987,1,All,#4682B4,0
2,12,13,-0.709861,0.45452,0.177149,1,All,#4682B4,0
3,12,13,-1.17727,0.747403,0.687452,1,All,#4682B4,0
4,12,13,-0.533116,0.288404,-0.511422,1,All,#4682B4,0
5,12,13,-0.750317,0.487059,-1.05367,1,All,#4682B4,0
6,12,13,-0.504718,0.257368,-1.37302,1,All,#4682B4,0
7,12,13,-1.00104,0.655284,-0.253669,1,All,#4682B4,0
8,12,13,-0.95571,0.62852,-0.359062,1,All,#4682B4,0
9,12,13,-0.722848,0.46516,0.37136,1,All,#4682B4,0
10,12,13,-0.81108,0.532773,0.408138,1,All,#4682B4,0
1,12,14,-0.857574,0.565425,-1.6707,1,All,#4682B4,0
2,12,14,-0.886871,0.58505,0.422311,1,All,#4682B4,0
3,12,14,-1.30939,0.806155,0.443736,1,All,#4682B4,0
4,12,14,-0.70797,0.452956,-0.321722,1,All,#4682B4,0
5,12,14,-0.896629,0.591433,-0.441832,1,All,#4682B4,0
6,12,14,-0.618325,0.373825,-1.03567,1,All,#4682B4,0
7,12,14,-1.13769,0.728208,0.507834,1,All,#4682B4,0
8,12,14,-1.07996,0.698724,0.107408,1,All,#4682B4,0
9,12,14,-0.843855,0.555988,-1.47341,1,All,#4682B4,0
10,12,14,-1.00493,0.657518,-1.84727,1,All,#4682B4,0
1,13,-1,-7,1.43675,-2.08212,1,All,#4682B4,0
2,13,-1,-7,1.43675,-0.5349,1,All,#4682B4,0
3,13,-1,-7,1.43675,-0.860359,1,All,#4682B4,0
4,13,-1,-7,1.43675,0.412957,1,All,#4682B4,0
5,13,-1,-7,1.43675,-2.79083,1,All,#4682B4,0
6,13,-1,-7,1.43675,0.240511,1,All,#4682B4,0
7,13,-1,-7,1.43675,-0.219349,1,All,#4682B4,0
8,13,-1,-7,1.43675,-0.811742,1,All,#4682B4,0
9,13,-1,-7,1.43675,-2.06468,1,All,#4682B4,0
10,13,-1,-7,1.43675,0.187626,1,All,#4682B4,0
1,13,0,-7,1.44988,1.44988,0,All,#4682B4,0
2,13,0,-7,1.44988,1.44988,0,All,#4682B4,0
3,13,0,-7,1.44988,1.44988,0,All,#4682B4,0
4,13,0,-7,1.44988,1.44988,0,All,#4682B4,0
5,13,0,-7,1.44988,1.44988,0,All,#4682B4,0
6,13,0,-7,1.44988,1.44988,0,All,#4682B4,0
7,13,0,-7,1.44988,1.44988,0,All,#4682B4,0
8,13,0,-7,1.44988,1.44988,0,All,#4682B4,0
9,13,0,-7,1.44988,1.44988,0,All,#4682B4,0
10,13,0,-7,1.44988,1.44988,0,All,#4682B4,0
1,13,1,-3.28997,1.22691,-1.26979,1,All,#4682B4,0
2,13,1,-3.32705,1.2309,-1.83553,1,All,#4682B4,0
3,13,1,-3.20041,1.21698,0.0546863,1,All,#4682B4,0
4,13,1,-2.89559,1.17953,-0.104571,1,All,#4682B4,0
5,13,1,-4.27294,1.31266,-1.84879,1,All,#4682B4,0
6,13,1,-3.62383,1.26035,0.129813,1,All,#4682B4,0
7,13,1,-3.12905,1.20874,-0.96141,1,All,#4682B4,0
8,13,1,-2.89194,1.17904,-0.815902,1,All,#4682B4,0
9,13,1,-3.40506,1.23905,-0.424116,1,All,#4682B4,0
10,13,1,-3.36495,1.23489,-0.998379,1,All,#4682B4,0
1,13,2,-0.498879,0.250812,-1.39822,1,All,#4682B4,0
2,13,2,-0.357643,0.0712929,-0.163862,1,All,#4682B4,0
3,13,2,-0.442248,0.183916,-1.0363,1,All,#4682B4,0
4,13,2,-0.408549,0.141019,-0.743294,1,All,#4682B4,0
5,13,2,-1.35816,0.825984,-1.08753,1,All,#4682B4,0
6,13,2,-0.594767,0.351287,0.233853,1,All,#4682B4,0
7,13,2,-0.353683,0.0656009,-0.289298,1,All,#4682B4,0
8,13,2,0.0980447,-0.796329,-2.5059,1,All,#4682B4,0
9,13,2,-0.909585,0.599791,0.130577,1,All,#4682B4,0
10,13,2,-0.753517,0.489559,0.347238,1,All,#4682B4,0
1,13,3,1.39402,-1.32042,-1.61417,1,All,#4682B4,0
2,13,3,1.27917,-1.30094,-1.61782,1,All,#4682B4,0
3,13,3,1.29475,-1.30371,-1.62011,1,All,#4682B4,0
4,13,3,1.21103,-1.28831,-1.38138,1,All,#4682B4,0
5,13,3,0.767806,-1.17853,-1.87353,1,All,#4682B4,0
6,13,3,1.39676,-1.32086,-1.80629,1,All,#4682B4,0
7,13,3,1.33653,-1.31094,-1.69521,1,All,#4682B4,0
8,13,3,1.52102,-1.33968,-1.94079,1,All,#4682B4,0
9,13,3,0.843054,-1.20146,-1.70474,1,All,#4682B4,0
10,13,3,1.32893,-1.30964,-1.35689,1,All,#4682B4,0
1,13,4,2.43342,-0.724078,-0.724078,0,All,#4682B4,0
2,13,4,2.05032,-0.595527,-0.595527,0,All,#4682B4,0
3,13,4,2.19858,-0.64923,-0.64923,0,All,#4682B4,0
4,13,4,2.14025,-0.628758,-0.628758,0,All,#4682B4,0
5,13,4,2.17912,-0.642491,-0.642491,0,All,#4682B4,0
6,13,4,2.42807,-0.722496,-0.722496,0,All,#4682B4,0
7,13,4,2.23282,-0.660879,-0.660879,0,All,#4682B4,0
8,13,4,2.15257,-0.633152,-0.633152,0,All,#4682B4,0
9,13,4,2.0284,-0.587103,-0.587103,0,All,#4682B4,0
10,13,4,2.59493,-0.769465,-0.769465,0,All,#4682B4,0
1,13,5,2.13289,-0.544528,-0.544528,0,All,#4682B4,0
2,13,5,1.93427,-0.461745,-0.461745,0,All,#4682B4,0
3,13,5,1.98967,-0.486037,-0.486037,0,All,#4682B4,0
4,13,5,2.08139,-0.524174,-0.524174,0,All,#4682B4,0
5,13,5,2.07814,-0.522868,-0.522868,0,All,#4682B4,0
6,13,5,2.03962,-0.507117,-0.507117,0,All,#4682B4,0
7,13,5,2.08375,-0.525124,-0.525124,0,All,#4682B4,0
8,13,5,2.07989,-0.523572,-0.523572,0,All,#4682B4,0
9,13,5,2.26539,-0.5937,-0.5937,0,All,#4682B4,0
10,13,5,2.10594,-0.533969,-0.533969,0,All,#4682B4,0
1,13,6,1.43736,0.147102,0.147102,0,All,#4682B4,0
2,13,6,1.47568,0.115966,0.115966,0,All,#4682B4,0
3,13,6,1.42173,0.160119,0.160119,0,All,#4682B4,0
4,13,6,1.52516,0.0773147,0.0773147,0,All,#4682B4,0
5,13,6,1.34388,0.227823,0.227823,0,All,#4682B4,0
6,13,6,1.32383,0.246079,0.246079,0,All,#4682B4,0
7,13,6,1.4767,0.115155,0.115155,0,All,#4682B4,0
8,13,6,1.6737,-0.0292597,-0.0292597,0,All,#4682B4,0
9,13,6,1.74956,-0.0788164,-0.0788164,0,All,#4682B4,0
10,13,6,1.32701,0.243159,0.243159,0,All,#4682B4,0
1,13,7,0.957866,-0.00745862,-0.00745862,0,All,#4682B4,0
2,13,7,1.1239,-0.153948,-0.153948,0,All,#4682B4,0
3,13,7,1.01962,-0.0651463,-0.0651463,0,All,#4682B4,0
4,13,7,1.05077,-0.0927437,-0.0927437,0,All,#4682B4,0
5,13,7,0.841427,0.113448,0.113448,0,All,#4682B4,0
6,13,7,0.850992,0.102856,0.102856,0,All,#4682B4,0
7,13,7,0.956144,-0.00578998,-0.00578998,0,All,#4682B4,0
8,13,7,1.28044,-0.270178,-0.270178,0,All,#4682B4,0
9,13,7,1.2486,-0.248008,-0.248008,0,All,#4682B4,0
10,13,7,0.889994,0.0609378,0.0609378,0,All,#4682B4,0
1,13,8,0.739838,0.796869,0.796869,0,All,#4682B4,0
2,13,8,0.95855,0.482646,0.482646,0,All,#4682B4,0
3,13,8,0.843575,0.637113,0.637113,0,All,#4682B4,0
4,13,8,0.780752,0.731284,0.731284,0,All,#4682B4,0
5,13,8,0.629347,0.993349,0.993349,0,All,#4682B4,0
6,13,8,0.643673,0.966124,0.966124,0,All,#4682B4,0
7,13,8,0.638424,0.976034,0.976034,0,All,#4682B4,0
8,13,8,1.02612,0.401167,0.401167,0,All,#4682B4,0
9,13,8,0.974799,0.462471,0.462471,0,All,#4682B4,0
10,13,8,0.748322,0.782975,0.782975,0,All,#4682B4,0
1,13,9,0.722773,0.434333,0.434333,0,All,#4682B4,0
2,13,9,0.939945,0.165339,0.165339,0,All,#4682B4,0
3,13,9,0.842327,0.277203,0.277203,0,All,#4682B4,0
4,13,9,0.690301,0.481498,0.481498,0,All,#4682B4,0
5,13,9,0.635972,0.565335,0.565335,0,All,#4682B4,0
6,13,9,0.638274,0.56165,0.56165,0,All,#4682B4,0
7,13,9,0.499564,0.807822,0.807822,0,All,#4682B4,0
8,13,9,0.906366,0.202336,0.202336,0,All,#4682B4,0
9,13,9,0.899226,0.210396,0.210396,0,All,#4682B4,0
10,13,9,0.819666,0.305154,0.305154,0,All,#4682B4,0
1,13,10,0.840297,-0.370119,-0.370119,0,All,#4682B4,0
2,13,10,1.00942,-0.494262,-0.494262,0,All,#4682B4,0
3,13,10,0.950207,-0.453598,-0.453598,0,All,#4682B4,0
4,13,10,0.728815,-0.272817,-0.272817,0,All,#4682B4,0
5,13,10,0.783301,-0.322134,-0.322134,0,All,#4682B4,0
6,13,10,0.767746,-0.308415,-0.308415,0,All,#4682B4,0
7,13,10,0.495984,-0.0136856,-0.0136856,0,All,#4682B4,0
8,13,10,0.891603,-0.410473,-0.410473,0,All,#4682B4,0
9,13,10,0.965607,-0.464443,-0.464443,0,All,#4682B4,0
10,13,10,1.02982,-0.507648,-0.507648,0,All,#4682B4,0
1,13,11,1.03307,-1.25077,-1.93952,1,All,#4682B4,0
2,13,11,1.11376,-1.26867,-2.50106,1,All,#4682B4,0
3,13,11,1.10683,-1.2672,-1.31604,1,All,#4682B4,0
4,13,11,0.847349,-1.2027,-1.22945,1,All,#4682B4,0
5,13,11,0.996961,-1.24222,-1.56697,1,All,#4682B4,0
6,13,11,0.970431,-1.23571,-1.82088,1,All,#4682B4,0
7,13,11,0.583478,-1.11148,-1.61447,1,All,#4682B4,0
8,13,11,0.936574,-1.22711,-1.47361,1,All,#4682B4,0
9,13,11,1.08616,-1.26273,-1.79204,1,All,#4682B4,0
10,13,11,1.2784,-1.3008,-2.33717,1,All,#4682B4,0
1,13,12,1.08989,-0.259501,-0.259501,0,All,#4682B4,0
2,13,12,1.11976,-0.281901,-0.281901,0,All,#4682B4,0
3,13,12,1.16561,-0.31492,-0.31492,0,All,#4682B4,0
4,13,12,0.897999,-0.096315,-0.096315,0,All,#4682B4,0
5,13,12,1.08427,-0.255203,-0.255203,0,All,#4682B4,0
6,13,12,0.92507,-0.121594,-0.121594,0,All,#4682B4,0
7,13,12,0.669677,0.155105,0.155105,0,All,#4682B4,0
8,13,12,0.786098,0.0176004,0.0176004,0,All,#4682B4,0
9,13,12,0.905333,-0.103246,-0.103246,0,All,#4682B4,0
10,13,12,1.2025,-0.340368,-0.340368,0,All,#4682B4,0
1,13,13,0.786343,0.694838,0.694838,0,All,#4682B4,0
2,13,13,0.672941,0.882239,0.882239,0,All,#4682B4,0
3,13,13,0.759417,0.736793,0.736793,0,All,#4682B4,0
4,13,13,0.573906,1.07205,1.07205,0,All,#4682B4,0
5,13,13,0.600908,1.01755,1.01755,0,All,#4682B4,0
6,13,13,0.375123,1.55341,1.55341,0,All,#4682B4,0
7,13,13,0.439724,1.37942,1.37942,0,All,#4682B4,0
8,13,13,0.38517,1.52506,1.52506,0,All,#4682B4,0
9,13,13,0.412495,1.45041,1.45041,0,All,#4682B4,0
10,13,13,0.774067,0.713783,0.713783,0,All,#4682B4,0
1,13,14,0.204403,0.56342,0.56342,0,All,#4682B4,0
2,13,14,-0.0606546,1.20365,1.20365,0,All,#4682B4,0
3,13,14,0.0441711,1.0101,1.0101,0,All,#4682B4,0
4,13,14,-0.039129,1.19113,1.19113,0,All,#4682B4,0
5,13,14,-0.277865,1.30075,1.30075,0,All,#4682B4,0
6,13,14,-0.51188,1.36811,1.36811,0,All,#4682B4,0
7,13,14,-0.0693214,1.2085,1.2085,0,All,#4682B4,0
8,13,14,-0.194062,1.26855,1.26855,0,All,#4682B4,0
9,13,14,-0.310631,1.31196,1.31196,0,All,#4682B4,0
10,13,14,0.0887442,0.868819,0.868819,0,All,#4682B4,0
1,14,-1,-7,1.43675,-1.78027,1,All,#4682B4,0
2,14,-1,-7,1.43675,-0.902047,1,All,#4682B4,0
3,14,-1,-7,1.43675,0.22466,1,All,#4682B4,0
4,14,-1,-7,1.43675,1.38488,1,All,#4682B4,0
5,14,-1,-7,1.43675,-0.603291,1,All,#4682B4,0
6,14,-1,-7,1.43675,-0.120675,1,All,#4682B4,0
7,14,-1,-7,1.43675,-0.0874632,1,All,#4682B4,0
8,14,-1,-7,1.43675,1.14327,1,All,#4682B4,0
9,14,-1,-7,1.43675,-0.534505,1,All,#4682B4,0
10,14,-1,-7,1.43675,-0.397316,1,All,#4682B4,0
1,14,0,-7,1.46906,1.46906,0,All,#4682B4,0
2,14,0,-7,1.46906,1.46906,0,All,#4682B4,0
3,14,0,-7,1.46906,1.46906,0,All,#4682B4,0
4,14,0,-7,1.46906,1.46906,0,All,#4682B4,0
5,14,0,-7,1.46906,1.46906,0,All,#4682B4,0
6,14,0,-7,1.46906,1.46906,0,All,#4682B4,0
7,14,0,-7,1.46906,1.46906,0,All,#4682B4,0
8,14,0,-7,1.46906,1.46906,0,All,#4682B4,0
9,14,0,-7,1.46906,1.46906,0,All,#4682B4,0
10,14,0,-7,1.46906,1.46906,0,All,#4682B4,0
1,14,1,-7,1.43853,1.43853,0,All,#4682B4,0
2,14,1,-7,1.43853,1.43853,0,All,#4682B4,0
3,14,1,-7,1.43853,1.43853,0,All,#4682B4,0
4,14,1,-7,1.43853,1.43853,0,All,#4682B4,0
5,14,1,-7,1.43853,1.43853,0,All,#4682B4,0
6,14,1,-7,1.43853,1.43853,0,All,#4682B4,0
7,14,1,-7,1.43853,1.43853,0,All,#4682B4,0
8,14,1,-7,1.43853,1.43853,0,All,#4682B4,0
9,14,1,-7,1.43853,1.43853,0,All,#4682B4,0
10,14,1,-7,1.43853,1.43853,0,All,#4682B4,0
1,14,2,0.019342,-0.708027,-0.95706,1,All,#4682B4,0
2,14,2,-0.990912,0.649425,-0.213668,1,All,#4682B4,0
3,14,2,-0.141596,-0.312697,-0.834451,1,All,#4682B4,0
4,14,2,0.183958,-0.875828,-1.75686,1,All,#4682B4,0
5,14,2,0.716851,-1.16168,-2.64749,1,All,#4682B4,0
6,14,2,0.0330947,-0.724728,-0.874098,1,All,#4682B4,0
7,14,2,-0.748701,0.485793,-1.64014,1,All,#4682B4,0
8,14,2,-0.581107,0.337854,-1.0969,1,All,#4682B4,0
9,14,2,-1.21887,0.766753,-0.0365561,1,All,#4682B4,0
10,14,2,-1.51563,0.884199,0.733511,1,All,#4682B4,0
1,14,3,2.52401,-1.10124,-1.10124,0,All,#4682B4,0
2,14,3,2.48815,-1.095,-1.095,0,All,#4682B4,0
3,14,3,2.36924,-1.07328,-1.07328,0,All,#4682B4,0
4,14,3,2.78937,-1.14348,-1.14348,0,All,#4682B4,0
5,14,3,2.7757,-1.14146,-1.14146,0,All,#4682B4,0
6,14,3,2.72626,-1.13402,-1.13402,0,All,#4682B4,0
7,14,3,2.43177,-1.0849,-1.0849,0,All,#4682B4,0
8,14,3,2.82523,-1.14871,-1.14871,0,All,#4682B4,0
9,14,3,2.84324,-1.1513,-1.1513,0,All,#4682B4,0
10,14,3,2.24572,-1.04891,-1.04891,0,All,#4682B4,0
1,14,4,2.60787,-0.250064,-0.250064,0,All,#4682B4,0
2,14,4,2.73266,-0.300706,-0.300706,0,All,#4682B4,0
3,14,4,2.66512,-0.273755,-0.273755,0,All,#4682B4,0
4,14,4,2.85952,-0.348602,-0.348602,0,All,#4682B4,0
5,14,4,2.72545,-0.297879,-0.297879,0,All,#4682B4,0
6,14,4,2.80968,-0.330193,-0.330193,0,All,#4682B4,0
7,14,4,2.71393,-0.293335,-0.293335,0,All,#4682B4,0
8,14,4,2.87344,-0.353654,-0.353654,0,All,#4682B4,0
9,14,4,2.81672,-0.332822,-0.332822,0,All,#4682B4,0
10,14,4,2.5986,-0.24615,-0.24615,0,All,#4682B4,0
1,14,5,2.23242,0.320256,0.320256,0,All,#4682B4,0
2,14,5,2.45957,0.179954,0.179954,0,All,#4682B4,0
3,14,5,2.41048,0.208566,0.208566,0,All,#4682B4,0
4,14,5,2.48015,0.168216,0.168216,0,All,#4682B4,0
5,14,5,2.28759,0.284252,0.284252,0,All,#4682B4,0
6,14,5,2.49918,0.157495,0.157495,0,All,#4682B4,0
7,14,5,2.33472,0.254516,0.254516,0,All,#4682B4,0
8,14,5,2.45966,0.179901,0.179901,0,All,#4682B4,0
9,14,5,2.46749,0.175415,0.175415,0,All,#4682B4,0
10,14,5,2.33321,0.255456,0.255456,0,All,#4682B4,0
1,14,6,1.73895,0.335766,0.335766,0,All,#4682B4,0
2,14,6,2.02465,0.130095,0.130095,0,All,#4682B4,0
3,14,6,1.98421,0.156605,0.156605,0,All,#4682B4,0
4,14,6,1.92761,0.195046,0.195046,0,All,#4682B4,0
5,14,6,1.7213,0.350032,0.350032,0,All,#4682B4,0
6,14,6,2.03389,0.124151,0.124151,0,All,#4682B4,0
7,14,6,1.76825,0.312535,0.312535,0,All,#4682B4,0
8,14,6,1.89938,0.214828,0.214828,0,All,#4682B4,0
9,14,6,2.04964,0.1141,0.1141,0,All,#4682B4,0
10,14,6,1.85718,0.2452,0.2452,0,All,#4682B4,0
1,14,7,1.15105,0.376207,0.376207,0,All,#4682B4,0
2,14,7,1.41223,0.130198,0.130198,0,All,#4682B4,0
3,14,7,1.39198,0.147127,0.147127,0,All,#4682B4,0
4,14,7,1.21715,0.307791,0.307791,0,All,#4682B4,0
5,14,7,1.04066,0.501698,0.501698,0,All,#4682B4,0
6,14,7,1.37986,0.157415,0.157415,0,All,#4682B4,0
7,14,7,1.02034,0.526507,0.526507,0,All,#4682B4,0
8,14,7,1.1982,0.326926,0.326926,0,All,#4682B4,0
9,14,7,1.4682,0.0849936,0.0849936,0,All,#4682B4,0
10,14,7,1.19893,0.326191,0.326191,0,All,#4682B4,0
1,14,8,0.468699,1.15968,1.15968,0,All,#4682B4,0
2,14,8,0.583268,0.917881,0.917881,0,All,#4682B4,0
3,14,8,0.611653,0.864239,0.864239,0,All,#4682B4,0
4,14,8,0.484055,1.12467,1.12467,0,All,#4682B4,0
5,14,8,0.300864,1.60859,1.60859,0,All,#4682B4,0
6,14,8,0.511504,1.06422,1.06422,0,All,#4682B4,0
7,14,8,0.0908801,2.42099,2.42099,0,All,#4682B4,0
8,14,8,0.429266,1.25372,1.25372,0,All,#4682B4,0
9,14,8,0.694601,0.71952,0.71952,0,All,#4682B4,0
10,14,8,0.335054,1.50594,1.50594,0,All,#4682B4,0
1,14,9,-0.279783,1.82346,1.82346,0,All,#4682B4,0
2,14,9,-0.383713,1.80906,1.80906,0,All,#4682B4,0
3,14,9,-0.274751,1.82423,1.82423,0,All,#4682B4,0
4,14,9,-0.112813,1.85383,1.85383,0,All,#4682B4,0
5,14,9,-0.363993,1.81158,1.81158,0,All,#4682B4,0
6,14,9,-0.431601,1.80327,1.80327,0,All,#4682B4,0
7,14,9,-0.872868,1.76595,1.76595,0,All,#4682B4,0
8,14,9,-0.210317,1.83482,1.83482,0,All,#4682B4,0
9,14,9,-0.185442,1.8393,1.8393,0,All,#4682B4,0
10,14,9,-0.661168,1.78095,1.78095,0,All,#4682B4,0
1,14,10,-0.981488,1.5863,1.5863,0,All,#4682B4,0
2,14,10,-1.11463,1.59195,1.59195,0,All,#4682B4,0
3,14,10,-0.980305,1.58625,1.58625,0,All,#4682B4,0
4,14,10,-0.571887,1.56184,1.56184,0,All,#4682B4,0
5,14,10,-0.848438,1.57973,1.57973,0,All,#4682B4,0
6,14,10,-1.10713,1.59165,1.59165,0,All,#4682B4,0
7,14,10,-1.5752,1.60649,1.60649,0,All,#4682B4,0
8,14,10,-0.606874,1.56451,1.56451,0,All,#4682B4,0
9,14,10,-0.871977,1.58097,1.58097,0,All,#4682B4,0
10,14,10,-1.45992,1.60342,1.60342,0,All,#4682B4,0
1,14,11,-1.47692,0.87065,-0.522658,1,All,#4682B4,0
2,14,11,-1.48112,0.872145,0.319323,1,All,#4682B4,0
3,14,11,-1.38481,0.83644,-0.507582,1,All,#4682B4,0
4,14,11,-0.95912,0.630583,-0.172063,1,All,#4682B4,0
5,14,11,-1.16456,0.741326,0.657503,1,All,#4682B4,0
6,14,11,-1.4904,0.875423,0.61702,1,All,#4682B4,0
7,14,11,-1.98592,1.01825,0.381784,1,All,#4682B4,0
8,14,11,-0.834138,0.549205,-0.160991,1,All,#4682B4,0
9,14,11,-1.25576,0.783238,-2.23683,1,All,#4682B4,0
10,14,11,-1.89548,0.996162,-0.753034,1,All,#4682B4,0
1,14,12,-1.74171,0.954942,-0.992419,1,All,#4682B4,0
2,14,12,-1.69244,0.940638,-0.40917,1,All,#4682B4,0
3,14,12,-1.62544,0.920239,-0.532925,1,All,#4682B4,0
4,14,12,-1.33519,0.816762,-0.153462,1,All,#4682B4,0
5,14,12,-1.37777,0.833705,-0.0226331,1,All,#4682B4,0
6,14,12,-1.74304,0.95532,-0.15794,1,All,#4682B4,0
7,14,12,-2.23262,1.07169,0.398044,1,All,#4682B4,0
8,14,12,-0.996997,0.652953,-0.260511,1,All,#4682B4,0
9,14,12,-1.48963,0.875151,-0.0501823,1,All,#4682B4,0
10,14,12,-2.14267,1.05326,-0.127213,1,All,#4682B4,0
1,14,13,-1.87182,0.990134,-0.0698729,1,All,#4682B4,0
2,14,13,-1.86709,0.988916,0.618288,1,All,#4682B4,0
3,14,13,-1.82041,0.976655,-0.827342,1,All,#4682B4,0
4,14,13,-1.71513,0.947296,-0.171874,1,All,#4682B4,0
5,14,13,-1.54331,0.89361,0.122171,1,All,#4682B4,0
6,14,13,-1.96186,1.01251,-0.488163,1,All,#4682B4,0
7,14,13,-2.42206,1.1071,-0.0235774,1,All,#4682B4,0
8,14,13,-1.14859,0.733574,-0.834233,1,All,#4682B4,0
9,14,13,-1.67985,0.936889,-0.358749,1,All,#4682B4,0
10,14,13,-2.32788,1.09004,0.0477766,1,All,#4682B4,0
1,14,14,-1.9493,1.00948,0.178076,1,All,#4682B4,0
2,14,14,-2.04668,1.03228,0.472449,1,All,#4682B4,0
3,14,14,-2.00717,1.02322,0.947975,1,All,#4682B4,0
4,14,14,-2.1108,1.04645,-0.292024,1,All,#4682B4,0
5,14,14,-1.7023,0.943548,-0.939026,1,All,#4682B4,0
6,14,14,-2.18134,1.06132,-0.429858,1,All,#4682B4,0
7,14,14,-2.59923,1.13659,0.810948,1,All,#4682B4,0
8,14,14,-1.3094,0.806158,-0.0878762,1,All,#4682B4,0
9,14,14,-1.87227,0.990251,-1.52563,1,All,#4682B4,0
10,14,14,-2.50382,1.12111,0.89188,1,All,#4682B4,0
1,15,-1,-7,1.43675,-0.154006,1,All,#4682B4,0
2,15,-1,-7,1.43675,-0.900665,1,All,#4682B4,0
3,15,-1,-7,1.43675,0.617501,1,All,#4682B4,0
4,15,-1,-7,1.43675,0.902817,1,All,#4682B4,0
5,15,-1,-7,1.43675,-1.57964,1,All,#4682B4,0
6,15,-1,-7,1.43675,-0.490134,1,All,#4682B4,0
7,15,-1,-7,1.43675,1.17774,1,All,#4682B4,0
8,15,-1,-7,1.43675,-2.45035,1,All,#4682B4,0
9,15,-1,-7,1.43675,-0.832243,1,All,#4682B4,0
10,15,-1,-7,1.43675,0.94912,1,All,#4682B4,0
1,15,0,-7,1.43675,0.784616,1,All,#4682B4,0
2,15,0,-7,1.43675,-1.30535,1,All,#4682B4,0
3,15,0,-7,1.43675,-1.13755,1,All,#4682B4,0
4,15,0,-7,1.43675,0.353557,1,All,#4682B4,0
5,15,0,-7,1.43675,-0.0766283,1,All,#4682B4,0
6,15,0,-7,1.43675,-2.02893,1,All,#4682B4,0
7,15,0,-7,1.43675,-1.4639,1,All,#4682B4,0
8,15,0,-7,1.43675,1.23522,1,All,#4682B4,0
9,15,0,-7,1.43675,-1.09426,1,All,#4682B4,0
10,15,0,-7,1.43675,-0.764424,1,All,#4682B4,0
1,15,1,-7,1.43755,1.43755,0,All,#4682B4,0
2,15,1,-7,1.43755,1.43755,0,All,#4682B4,0
3,15,1,-7,1.43755,1.43755,0,All,#4682B4,0
4,15,1,-7,1.43755,1.43755,0,All,#4682B4,0
5,15,1,-7,1.43755,1.43755,0,All,#4682B4,0
6,15,1,-7,1.43755,1.43755,0,All,#4682B4,0
7,15,1,-7,1.43755,1.43755,0,All,#4682B4,0
8,15,1,-7,1.43755,1.43755,0,All,#4682B4,0
9,15,1,-7,1.43755,1.43755,0,All,#4682B4,0
10,15,1,-7,1.43755,1.43755,0,All,#4682B4,0
1,15,2,-7,1.43675,0.16322,1,All,#4682B4,0
2,15,2,-7,1.43675,0.333582,1,All,#4682B4,0
3,15,2,-7,1.43675,-1.33757,1,All,#4682B4,0
4,15,2,-3.48472,1.24706,-0.0174207,1,All,#4682B4,0
5,15,2,-7,1.43675,-0.602856,1,All,#4682B4,0
6,15,2,-7,1.43675,-0.00559875,1,All,#4682B4,0
7,15,2,-7,1.43675,-0.933123,1,All,#4682B4,0
8,15,2,-7,1.43675,-0.867117,1,All,#4682B4,0
9,15,2,-3.18048,1.21471,-0.70903,1,All,#4682B4,0
10,15,2,-7,1.43675,0.834406,1,All,#4682B4,0
1,15,3,-1.16839,0.743165,-0.807093,1,All,#4682B4,0
2,15,3,-0.727053,0.468565,-0.718409,1,All,#4682B4,0
3,15,3,-1.38633,0.837029,0.392197,1,All,#4682B4,0
4,15,3,-0.435589,0.175632,-0.659346,1,All,#4682B4,0
5,15,3,-1.78034,0.965767,0.844397,1,All,#4682B4,0
6,15,3,-0.481306,0.23071,-1.02411,1,All,#4682B4,0
7,15,3,-1.3433,0.820043,-0.813752,1,All,#4682B4,0
8,15,3,-0.974845,0.639989,0.403036,1,All,#4682B4,0
9,15,3,-0.0444433,-0.552984,-0.571155,1,All,#4682B4,0
10,15,3,-0.36619,0.0834418,-0.892106,1,All,#4682B4,0
1,15,4,1.68508,-1.36158,-2.53114,1,All,#4682B4,0
2,15,4,1.09699,-1.26508,-1.68463,1,All,#4682B4,0
3,15,4,1.66465,-1.35902,-1.5505,1,All,#4682B4,0
4,15,4,1.28105,-1.30128,-1.60255,1,All,#4682B4,0
5,15,4,0.817021,-1.19378,-1.5664,1,All,#4682B4,0
6,15,4,2.17758,-1.41263,-1.73883,1,All,#4682B4,0
7,15,4,1.10888,-1.26763,-1.47709,1,All,#4682B4,0
8,15,4,1.18544,-1.28333,-1.58423,1,All,#4682B4,0
9,15,4,1.32252,-1.30855,-1.64803,1,All,#4682B4,0
10,15,4,1.2686,-1.29904,-1.82272,1,All,#4682B4,0
1,15,5,2.62821,-1.37623,-1.37623,0,All,#4682B4,0
2,15,5,1.91902,-1.29951,-1.29951,0,All,#4682B4,0
3,15,5,2.32895,-1.34816,-1.34816,0,All,#4682B4,0
4,15,5,2.19484,-1.33373,-1.33373,0,All,#4682B4,0
5,15,5,1.5178,-1.2349,-1.2349,0,All,#4682B4,0
6,15,5,2.56722,-1.37092,-1.37092,0,All,#4682B4,0
7,15,5,1.70017,-1.26689,-1.26689,0,All,#4682B4,0
8,15,5,2.16266,-1.33007,-1.33007,0,All,#4682B4,0
9,15,5,1.89638,-1.29639,-1.29639,0,All,#4682B4,0
10,15,5,1.838,-1.28808,-1.28808,0,All,#4682B4,0
1,15,6,2.00022,0.277856,0.277856,0,All,#4682B4,0
2,15,6,2.10059,0.209562,0.209562,0,All,#4682B4,0
3,15,6,1.89094,0.358112,0.358112,0,All,#4682B4,0
4,15,6,2.14603,0.18019,0.18019,0,All,#4682B4,0
5,15,6,1.65587,0.555397,0.555397,0,All,#4682B4,0
6,15,6,1.76279,0.46109,0.46109,0,All,#4682B4,0
7,15,6,1.76025,0.463241,0.463241,0,All,#4682B4,0
8,15,6,2.18205,0.157561,0.157561,0,All,#4682B4,0
9,15,6,1.85293,0.387602,0.387602,0,All,#4682B4,0
10,15,6,1.88334,0.363939,0.363939,0,All,#4682B4,0
1,15,7,1.21609,1.8305,1.8305,0,All,#4682B4,0
2,15,7,1.86317,0.966579,0.966579,0,All,#4682B4,0
3,15,7,1.27792,1.72419,1.72419,0,All,#4682B4,0
4,15,7,1.66831,1.1782,1.1782,0,All,#4682B4,0
5,15,7,1.52596,1.35564,1.35564,0,All,#4682B4,0
6,15,7,1.08242,2.08479,2.08479,0,All,#4682B4,0
7,15,7,1.58451,1.28004,1.28004,0,All,#4682B4,0
8,15,7,1.7547,1.08033,1.08033,0,All,#4682B4,0
9,15,7,1.52871,1.35201,1.35201,0,All,#4682B4,0
10,15,7,1.67326,1.17241,1.17241,0,All,#4682B4,0
1,15,8,0.745353,0.553499,0.553499,0,All,#4682B4,0
2,15,8,1.51223,-0.196953,-0.196953,0,All,#4682B4,0
3,15,8,0.871038,0.382019,0.382019,0,All,#4682B4,0
4,15,8,1.31204,-0.0547432,-0.0547432,0,All,#4682B4,0
5,15,8,1.31516,-0.057171,-0.057171,0,All,#4682B4,0
6,15,8,0.769599,0.518219,0.518219,0,All,#4682B4,0
7,15,8,1.36949,-0.0983006,-0.0983006,0,All,#4682B4,0
8,15,8,1.39866,-0.119521,-0.119521,0,All,#4682B4,0
9,15,8,1.22763,0.0138214,0.0138214,0,All,#4682B4,0
10,15,8,1.42958,-0.141397,-0.141397,0,All,#4682B4,0
1,15,9,0.5699,0.811576,0.811576,0,All,#4682B4,0
2,15,9,1.22751,-0.00993727,-0.00993727,0,All,#4682B4,0
3,15,9,0.692135,0.602398,0.602398,0,All,#4682B4,0
4,15,9,1.17662,0.033671,0.033671,0,All,#4682B4,0
5,15,9,1.12172,0.0833684,0.0833684,0,All,#4682B4,0
6,15,9,0.730759,0.543456,0.543456,0,All,#4682B4,0
7,15,9,1.19262,0.0197172,0.0197172,0,All,#4682B4,0
8,15,9,1.24262,-0.022459,-0.022459,0,All,#4682B4,0
9,15,9,1.04718,0.155693,0.155693,0,All,#4682B4,0
10,15,9,1.25669,-0.033948,-0.033948,0,All,#4682B4,0
1,15,10,0.597954,-0.888835,-0.888835,0,All,#4682B4,0
2,15,10,1.05803,-1.08589,-1.08589,0,All,#4682B4,0
3,15,10,0.666806,-0.926438,-0.926438,0,All,#4682B4,0
4,15,10,1.19792,-1.12741,-1.12741,0,All,#4682B4,0
5,15,10,0.975684,-1.05832,-1.05832,0,All,#4682B4,0
6,15,10,0.85532,-1.01294,-1.01294,0,All,#4682B4,0
7,15,10,1.07175,-1.09025,-1.09025,0,All,#4682B4,0
8,15,10,1.23598,-1.13769,-1.13769,0,All,#4682B4,0
9,15,10,0.978048,-1.05915,-1.05915,0,All,#4682B4,0
10,15,10,1.16732,-1.11884,-1.11884,0,All,#4682B4,0
1,15,11,0.74267,-1.17036,-1.41131,1,All,#4682B4,0
2,15,11,0.988128,-1.24008,-1.84456,1,All,#4682B4,0
3,15,11,0.723064,-1.16379,-2.01707,1,All,#4682B4,0
4,15,11,1.29966,-1.30458,-2.3211,1,All,#4682B4,0
5,15,11,0.87514,-1.21059,-1.30017,1,All,#4682B4,0
6,15,11,1.05369,-1.25549,-1.97758,1,All,#4682B4,0
7,15,11,0.998,-1.24247,-1.81816,1,All,#4682B4,0
8,15,11,1.30472,-1.30546,-1.40901,1,All,#4682B4,0
9,15,11,0.983229,-1.23888,-1.39901,1,All,#4682B4,0
10,15,11,1.14148,-1.27447,-1.75653,1,All,#4682B4,0
1,15,12,0.513342,0.310849,0.310849,0,All,#4682B4,0
2,15,12,0.878452,-0.13081,-0.13081,0,All,#4682B4,0
3,15,12,0.626845,0.148557,0.148557,0,All,#4682B4,0
4,15,12,0.951667,-0.196635,-0.196635,0,All,#4682B4,0
5,15,12,0.543264,0.265311,0.265311,0,All,#4682B4,0
6,15,12,0.719631,0.034441,0.034441,0,All,#4682B4,0
7,15,12,0.797089,-0.0503769,-0.0503769,0,All,#4682B4,0
8,15,12,0.81211,-0.0658552,-0.0658552,0,All,#4682B4,0
9,15,12,0.88964,-0.141248,-0.141248,0,All,#4682B4,0
10,15,12,0.892602,-0.143988,-0.143988,0,All,#4682B4,0
1,15,13,-0.449073,0.404512,0.404512,0,All,#4682B4,0
2,15,13,-0.828191,0.706411,0.706411,0,All,#4682B4,0
3,15,13,-0.318913,0.251728,0.251728,0,All,#4682B4,0
4,15,13,-0.432723,0.387159,0.387159,0,All,#4682B4,0
5,15,13,-0.838969,0.712895,0.712895,0,All,#4682B4,0
6,15,13,-0.470453,0.426506,0.426506,0,All,#4682B4,0
7,15,13,-0.763708,0.665698,0.665698,0,All,#4682B4,0
8,15,13,-0.452208,0.407786,0.407786,0,All,#4682B4,0
9,15,13,-0.301321,0.228192,0.228192,0,All,#4682B4,0
10,15,13,-0.356859,0.299963,0.299963,0,All,#4682B4,0
1,15,14,-1.79084,0.968653,-0.82747,1,All,#4682B4,0
2,15,14,-3.10755,1.2062,-1.03195,1,All,#4682B4,0
3,15,14,-1.61889,0.918181,-0.856156,1,All,#4682B4,0
4,15,14,-2.23084,1.07134,0.223867,1,All,#4682B4,0
5,15,14,-2.46551,1.11463,0.712661,1,All,#4682B4,0
6,15,14,-2.02808,1.02805,-1.38745,1,All,#4682B4,0
7,15,14,-2.60936,1.13818,-1.32577,1,All,#4682B4,0
8,15,14,-1.99975,1.0215,-1.15282,1,All,#4682B4,0
9,15,14,-2.01011,1.02391,-0.272635,1,All,#4682B4,0
10,15,14,-1.89304,0.995545,-0.428763,1,All,#4682B4,0
1,16,-1,-7,1.43675,1.03301,1,All,#4682B4,0
2,16,-1,-7,1.43675,0.436707,1,All,#4682B4,0
3,16,-1,-7,1.43675,-1.44686,1,All,#4682B4,0
4,16,-1,-7,1.43675,0.351502,1,All,#4682B4,0
5,16,-1,-7,1.43675,1.33664,1,All,#4682B4,0
6,16,-1,-7,1.43675,-0.263714,1,All,#4682B4,0
7,16,-1,-7,1.43675,0.355137,1,All,#4682B4,0
8,16,-1,-7,1.43675,-0.313584,1,All,#4682B4,0
9,16,-1,-7,1.43675,0.555142,1,All,#4682B4,0
10,16,-1,-7,1.43675,-0.348394,1,All,#4682B4,0
1,16,0,-7,1.43755,1.43755,0,All,#4682B4,0
2,16,0,-7,1.43755,1.43755,0,All,#4682B4,0
3,16,0,-7,1.43755,1.43755,0,All,#4682B4,0
4,16,0,-7,1.43755,1.43755,0,All,#4682B4,0
5,16,0,-7,1.43755,1.43755,0,All,#4682B4,0
6,16,0,-7,1.43755,1.43755,0,All,#4682B4,0
7,16,0,-7,1.43755,1.43755,0,All,#4682B4,0
8,16,0,-7,1.43755,1.43755,0,All,#4682B4,0
9,16,0,-7,1.43755,1.43755,0,All,#4682B4,0
10,16,0,-7,1.43755,1.43755,0,All,#4682B4,0
1,16,1,-3.90702,1.2863,1.2863,0,All,#4682B4,0
2,16,1,-7,1.43755,1.43755,0,All,#4682B4,0
3,16,1,-7,1.43755,1.43755,0,All,#4682B4,0
4,16,1,-4.01994,1.29526,1.29526,0,All,#4682B4,0
5,16,1,-7,1.43755,1.43755,0,All,#4682B4,0
6,16,1,-4.17332,1.30679,1.30679,0,All,#4682B4,0
7,16,1,-3.96197,1.29071,1.29071,0,All,#4682B4,0
8,16,1,-4.25155,1.31239,1.31239,0,All,#4682B4,0
9,16,1,-3.97247,1.29155,1.29155,0,All,#4682B4,0
10,16,1,-7,1.43755,1.43755,0,All,#4682B4,0
1,16,2,-1.76,0.960108,-0.892273,1,All,#4682B4,0
2,16,2,-2.71907,1.15484,0.914378,1,All,#4682B4,0
3,16,2,-2.19882,1.0649,0.319956,1,All,#4682B4,0
4,16,2,-1.82574,0.978077,0.512653,1,All,#4682B4,0
5,16,2,-3.44752,1.24335,-0.0904224,1,All,#4682B4,0
6,16,2,-2.29038,1.08295,-0.307845,1,All,#4682B4,0
7,16,2,-1.62495,0.920084,0.0921523,1,All,#4682B4,0
8,16,2,-1.80644,0.972896,0.746996,1,All,#4682B4,0
9,16,2,-1.69684,0.941939,0.419155,1,All,#4682B4,0
10,16,2,-3.29522,1.22748,0.288239,1,All,#4682B4,0
1,16,3,0.0113406,0.968396,0.968396,0,All,#4682B4,0
2,16,3,-0.512596,1.27379,1.27379,0,All,#4682B4,0
3,16,3,-0.333711,1.20944,1.20944,0,All,#4682B4,0
4,16,3,-0.150526,1.11721,1.11721,0,All,#4682B4,0
5,16,3,0.224827,0.394739,0.394739,0,All,#4682B4,0
6,16,3,-0.582514,1.29426,1.29426,0,All,#4682B4,0
7,16,3,-0.155968,1.12048,1.12048,0,All,#4682B4,0
8,16,3,-0.237961,1.16547,1.16547,0,All,#4682B4,0
9,16,3,0.039552,0.874922,0.874922,0,All,#4682B4,0
10,16,3,0.334306,0.187748,0.187748,0,All,#4682B4,0
1,16,4,1.46606,-0.667429,-0.667429,0,All,#4682B4,0
2,16,4,0.893926,-0.321189,-0.321189,0,All,#4682B4,0
3,16,4,1.05339,-0.439712,-0.439712,0,All,#4682B4,0
4,16,4,1.15946,-0.507614,-0.507614,0,All,#4682B4,0
5,16,4,1.48728,-0.676875,-0.676875,0,All,#4682B4,0
6,16,4,0.96984,-0.380344,-0.380344,0,All,#4682B4,0
7,16,4,0.856155,-0.28968,-0.28968,0,All,#4682B4,0
8,16,4,0.863354,-0.295799,-0.295799,0,All,#4682B4,0
9,16,4,1.40421,-0.638845,-0.638845,0,All,#4682B4,0
10,16,4,1.6427,-0.74095,-0.74095,0,All,#4682B4,0
1,16,5,2.46375,-1.03051,-1.03051,0,All,#4682B4,0
2,16,5,1.81191,-0.86927,-0.86927,0,All,#4682B4,0
3,16,5,2.06158,-0.939846,-0.939846,0,All,#4682B4,0
4,16,5,2.09555,-0.948491,-0.948491,0,All,#4682B4,0
5,16,5,2.0851,-0.945853,-0.945853,0,All,#4682B4,0
6,16,5,2.24621,-0.984484,-0.984484,0,All,#4682B4,0
7,16,5,1.56419,-0.78423,-0.78423,0,All,#4682B4,0
8,16,5,1.64691,-0.814579,-0.814579,0,All,#4682B4,0
9,16,5,2.35187,-1.00764,-1.00764,0,All,#4682B4,0
10,16,5,2.24808,-0.984909,-0.984909,0,All,#4682B4,0
1,16,6,2.57454,-0.666332,-0.666332,0,All,#4682B4,0
2,16,6,2.25682,-0.560937,-0.560937,0,All,#4682B4,0
3,16,6,2.51647,-0.648598,-0.648598,0,All,#4682B4,0
4,16,6,2.3554,-0.595943,-0.595943,0,All,#4682B4,0
5,16,6,2.25899,-0.561734,-0.561734,0,All,#4682B4,0
6,16,6,2.62157,-0.680248,-0.680248,0,All,#4682B4,0
7,16,6,1.97313,-0.446087,-0.446087,0,All,#4682B4,0
8,16,6,2.1019,-0.501044,-0.501044,0,All,#4682B4,0
9,16,6,2.56346,-0.662997,-0.662997,0,All,#4682B4,0
10,16,6,2.38696,-0.606685,-0.606685,0,All,#4682B4,0
1,16,7,2.28594,-0.659442,-0.659442,0,All,#4682B4,0
2,16,7,2.23785,-0.643278,-0.643278,0,All,#4682B4,0
3,16,7,2.46908,-0.716585,-0.716585,0,All,#4682B4,0
4,16,7,2.09161,-0.590767,-0.590767,0,All,#4682B4,0
5,16,7,2.18938,-0.62645,-0.62645,0,All,#4682B4,0
6,16,7,2.27684,-0.656421,-0.656421,0,All,#4682B4,0
7,16,7,2.06277,-0.579767,-0.579767,0,All,#4682B4,0
8,16,7,2.19269,-0.627619,-0.627619,0,All,#4682B4,0
9,16,7,2.34595,-0.67891,-0.67891,0,All,#4682B4,0
10,16,7,2.30776,-0.666609,-0.666609,0,All,#4682B4,0
1,16,8,2.0038,0.149647,0.149647,0,All,#4682B4,0
2,16,8,1.98793,0.160148,0.160148,0,All,#4682B4,0
3,16,8,2.26573,-0.00772903,-0.00772903,0,All,#4682B4,0
4,16,8,1.80799,0.288305,0.288305,0,All,#4682B4,0
5,16,8,2.0204,0.138796,0.138796,0,All,#4682B4,0
6,16,8,1.88151,0.233834,0.233834,0,All,#4682B4,0
7,16,8,1.91243,0.211816,0.211816,0,All,#4682B4,0
8,16,8,2.03476,0.129509,0.129509,0,All,#4682B4,0
9,16,8,2.04058,0.12577,0.12577,0,All,#4682B4,0
10,16,8,2.16171,0.0513892,0.0513892,0,All,#4682B4,0
1,16,9,1.79992,0.0780271,0.0780271,0,All,#4682B4,0
2,16,9,1.6628,0.176893,0.176893,0,All,#4682B4,0
3,16,9,2.01921,-0.0597772,-0.0597772,0,All,#4682B4,0
4,16,9,1.60887,0.218917,0.218917,0,All,#4682B4,0
5,16,9,1.80645,0.0735802,0.0735802,0,All,#4682B4,0
6,16,9,1.58253,0.240152,0.240152,0,All,#4682B4,0
7,16,9,1.64604,0.189754,0.189754,0,All,#4682B4,0
8,16,9,1.76766,0.10032,0.10032,0,All,#4682B4,0
9,16,9,1.72496,0.130716,0.130716,0,All,#4682B4,0
10,16,9,1.98827,-0.0416679,-0.0416679,0,All,#4682B4,0
1,16,10,1.66226,0.727559,0.727559,0,All,#4682B4,0
2,16,10,1.32295,1.11825,1.11825,0,All,#4682B4,0
3,16,10,1.74552,0.647892,0.647892,0,All,#4682B4,0
4,16,10,1.41582,0.99919,0.99919,0,All,#4682B4,0
5,16,10,1.56275,0.830295,0.830295,0,All,#4682B4,0
6,16,10,1.36126,1.06787,1.06787,0,All,#4682B4,0
7,16,10,1.33894,1.09701,1.09701,0,All,#4682B4,0
8,16,10,1.45565,0.951188,0.951188,0,All,#4682B4,0
9,16,10,1.42616,0.986554,0.986554,0,All,#4682B4,0
10,16,10,1.79502,0.602992,0.602992,0,All,#4682B4,0
1,16,11,1.56019,0.69565,0.69565,0,All,#4682B4,0
2,16,11,1.00007,1.44904,1.44904,0,All,#4682B4,0
3,16,11,1.44749,0.81645,0.81645,0,All,#4682B4,0
4,16,11,1.21468,1.10976,1.10976,0,All,#4682B4,0
5,16,11,1.29438,1.00185,1.00185,0,All,#4682B4,0
6,16,11,1.17565,1.16586,1.16586,0,All,#4682B4,0
7,16,11,1.03103,1.39507,1.39507,0,All,#4682B4,0
8,16,11,1.12725,1.23864,1.23864,0,All,#4682B4,0
9,16,11,1.15916,1.19024,1.19024,0,All,#4682B4,0
10,16,11,1.58363,0.67199,0.67199,0,All,#4682B4,0
1,16,12,1.46505,-0.015174,-0.015174,0,All,#4682B4,0
2,16,12,0.712985,0.830105,0.830105,0,All,#4682B4,0
3,16,12,1.12705,0.281153,0.281153,0,All,#4682B4,0
4,16,12,0.988499,0.435821,0.435821,0,All,#4682B4,0
5,16,12,1.00497,0.416158,0.416158,0,All,#4682B4,0
6,16,12,0.986364,0.438397,0.438397,0,All,#4682B4,0
7,16,12,0.751982,0.76554,0.76554,0,All,#4682B4,0
8,16,12,0.800223,0.69015,0.69015,0,All,#4682B4,0
9,16,12,0.928607,0.510557,0.510557,0,All,#4682B4,0
10,16,12,1.35523,0.070696,0.070696,0,All,#4682B4,0
1,16,13,1.36047,-0.107663,-0.107663,0,All,#4682B4,0
2,16,13,0.469021,1.02657,1.02657,0,All,#4682B4,0
3,16,13,0.786523,0.472227,0.472227,0,All,#4682B4,0
4,16,13,0.722894,0.564242,0.564242,0,All,#4682B4,0
5,16,13,0.699587,0.59996,0.59996,0,All,#4682B4,0
6,16,13,0.76563,0.501591,0.501591,0,All,#4682B4,0
7,16,13,0.508144,0.943214,0.943214,0,All,#4682B4,0
8,16,13,0.487084,0.987432,0.987432,0,All,#4682B4,0
9,16,13,0.732099,0.550443,0.550443,0,All,#4682B4,0
10,16,13,1.11178,0.0998264,0.0998264,0,All,#4682B4,0
1,16,14,1.23463,-0.217795,-0.217795,0,All,#4682B4,0
2,16,14,0.266431,1.15399,1.15399,0,All,#4682B4,0
3,16,14,0.428638,0.767722,0.767722,0,All,#4682B4,0
4,16,14,0.412184,0.802012,0.802012,0,All,#4682B4,0
5,16,14,0.38589,0.858862,0.858862,0,All,#4682B4,0
6,16,14,0.495747,0.637205,0.637205,0,All,#4682B4,0
7,16,14,0.299574,1.06541,1.06541,0,All,#4682B4,0
8,16,14,0.196039,1.36259,1.36259,0,All,#4682B4,0
9,16,14,0.562077,0.52127,0.52127,0,All,#4682B4,0
10,16,14,0.856939,0.121347,0.121347,0,All,#4682B4,0
1,17,-1,-7,1.53083,1.53083,0,All,#4682B4,0
2,17,-1,-7,1.53083,1.53083,0,All,#4682B4,0
3,17,-1,-7,1.53083,1.53083,0,All,#4682B4,0
4,17,-1,-7,1.53083,1.53083,0,All,#4682B4,0
5,17,-1,-7,1.53083,1.53083,0,All,#4682B4,0
6,17,-1,-7,1.53083,1.53083,0,All,#4682B4,0
7,17,-1,-7,1.53083,1.53083,0,All,#4682B4,0
8,17,-1,-7,1.53083,1.53083,0,All,#4682B4,0
9,17,-1,-7,1.53083,1.53083,0,All,#4682B4,0
10,17,-1,-7,1.53083,1.53083,0,All,#4682B4,0
1,17,0,-7,1.48484,1.48484,0,All,#4682B4,0
2,17,0,-7,1.48484,1.48484,0,All,#4682B4,0
3,17,0,-7,1.48484,1.48484,0,All,#4682B4,0
4,17,0,-7,1.48484,1.48484,0,All,#4682B4,0
5,17,0,-7,1.48484,1.48484,0,All,#4682B4,0
6,17,0,-7,1.48484,1.48484,0,All,#4682B4,0
7,17,0,-7,1.48484,1.48484,0,All,#4682B4,0
8,17,0,-7,1.48484,1.48484,0,All,#4682B4,0
9,17,0,-7,1.48484,1.48484,0,All,#4682B4,0
10,17,0,-7,1.48484,1.48484,0,All,#4682B4,0
1,17,1,-7,1.43755,1.43755,0,All,#4682B4,0
2,17,1,-7,1.43755,1.43755,0,All,#4682B4,0
3,17,1,-7,1.43755,1.43755,0,All,#4682B4,0
4,17,1,-7,1.43755,1.43755,0,All,#4682B4,0
5,17,1,-7,1.43755,1.43755,0,All,#4682B4,0
6,17,1,-7,1.43755,1.43755,0,All,#4682B4,0
7,17,1,-7,1.43755,1.43755,0,All,#4682B4,0
8,17,1,-7,1.43755,1.43755,0,All,#4682B4,0
9,17,1,-7,1.43755,1.43755,0,All,#4682B4,0
10,17,1,-7,1.43755,1.43755,0,All,#4682B4,0
1,17,2,-7,1.48162,1.48162,0,All,#4682B4,0
2,17,2,-3.04841,1.29053,1.29053,0,All,#4682B4,0
3,17,2,-3.78489,1.35136,1.35136,0,All,#4682B4,0
4,17,2,-7,1.48162,1.48162,0,All,#4682B4,0
5,17,2,-7,1.48162,1.48162,0,All,#4682B4,0
6,17,2,-7,1.48162,1.48162,0,All,#4682B4,0
7,17,2,-3.74393,1.3485,1.3485,0,All,#4682B4,0
8,17,2,-2.84585,1.26943,1.26943,0,All,#4682B4,0
9,17,2,-7,1.48162,1.48162,0,All,#4682B4,0
10,17,2,-7,1.48162,1.48162,0,All,#4682B4,0
1,17,3,-0.365828,0.720481,0.720481,0,All,#4682B4,0
2,17,3,-0.998735,1.06147,1.06147,0,All,#4682B4,0
3,17,3,-0.702582,0.938768,0.938768,0,All,#4682B4,0
4,17,3,-2.51439,1.34149,1.34149,0,All,#4682B4,0
5,17,3,-1.39764,1.1734,1.1734,0,All,#4682B4,0
6,17,3,-1.37166,1.16738,1.16738,0,All,#4682B4,0
7,17,3,-1.15866,1.11195,1.11195,0,All,#4682B4,0
8,17,3,-0.678723,0.926677,0.926677,0,All,#4682B4,0
9,17,3,-0.678414,0.926517,0.926517,0,All,#4682B4,0
10,17,3,-0.812884,0.989885,0.989885,0,All,#4682B4,0
1,17,4,1.55055,-0.703119,-0.703119,0,All,#4682B4,0
2,17,4,0.420496,0.221802,0.221802,0,All,#4682B4,0
3,17,4,1.2142,-0.53876,-0.53876,0,All,#4682B4,0
4,17,4,0.117881,0.875822,0.875822,0,All,#4682B4,0
5,17,4,0.258704,0.522914,0.522914,0,All,#4682B4,0
6,17,4,0.555261,0.02774,0.02774,0,All,#4682B4,0
7,17,4,0.610809,-0.0411073,-0.0411073,0,All,#4682B4,0
8,17,4,0.707931,-0.148922,-0.148922,0,All,#4682B4,0
9,17,4,1.13183,-0.489579,-0.489579,0,All,#4682B4,0
10,17,4,1.266,-0.567634,-0.567634,0,All,#4682B4,0
1,17,5,2.44646,-0.754375,-0.754375,0,All,#4682B4,0
2,17,5,1.43546,-0.3339,-0.3339,0,All,#4682B4,0
3,17,5,2.39607,-0.739804,-0.739804,0,All,#4682B4,0
4,17,5,1.04684,-0.0467452,-0.0467452,0,All,#4682B4,0
5,17,5,1.24184,-0.204804,-0.204804,0,All,#4682B4,0
6,17,5,1.70656,-0.480533,-0.480533,0,All,#4682B4,0
7,17,5,1.85801,-0.549206,-0.549206,0,All,#4682B4,0
8,17,5,1.63991,-0.447561,-0.447561,0,All,#4682B4,0
9,17,5,1.80464,-0.525934,-0.525934,0,All,#4682B4,0
10,17,5,2.33557,-0.721684,-0.721684,0,All,#4682B4,0
1,17,6,2.5219,-0.244753,-0.244753,0,All,#4682B4,0
2,17,6,2.04275,-0.0014556,-0.0014556,0,All,#4682B4,0
3,17,6,2.6075,-0.280915,-0.280915,0,All,#4682B4,0
4,17,6,1.51394,0.38632,0.38632,0,All,#4682B4,0
5,17,6,1.77065,0.177798,0.177798,0,All,#4682B4,0
6,17,6,2.20908,-0.0948265,-0.0948265,0,All,#4682B4,0
7,17,6,2.41004,-0.194545,-0.194545,0,All,#4682B4,0
8,17,6,2.15291,-0.0644865,-0.0644865,0,All,#4682B4,0
9,17,6,1.98344,0.0345812,0.0345812,0,All,#4682B4,0
10,17,6,2.56521,-0.263284,-0.263284,0,All,#4682B4,0
1,17,7,2.2279,0.160555,0.160555,0,All,#4682B4,0
2,17,7,2.11288,0.23378,0.23378,0,All,#4682B4,0
3,17,7,2.3175,0.107307,0.107307,0,All,#4682B4,0
4,17,7,1.70804,0.545921,0.545921,0,All,#4682B4,0
5,17,7,1.87539,0.405241,0.405241,0,All,#4682B4,0
6,17,7,2.04109,0.282538,0.282538,0,All,#4682B4,0
7,17,7,2.24954,0.147403,0.147403,0,All,#4682B4,0
8,17,7,2.12275,0.22727,0.22727,0,All,#4682B4,0
9,17,7,1.76534,0.495645,0.495645,0,All,#4682B4,0
10,17,7,2.31919,0.106333,0.106333,0,All,#4682B4,0
1,17,8,1.7713,-0.0228371,-0.0228371,0,All,#4682B4,0
2,17,8,1.69401,0.0289982,0.0289982,0,All,#4682B4,0
3,17,8,1.80062,-0.0416803,-0.0416803,0,All,#4682B4,0
4,17,8,1.51957,0.15893,0.15893,0,All,#4682B4,0
5,17,8,1.59713,0.0987802,0.0987802,0,All,#4682B4,0
6,17,8,1.4515,0.215209,0.215209,0,All,#4682B4,0
7,17,8,1.83208,-0.0614295,-0.0614295,0,All,#4682B4,0
8,17,8,1.67687,0.0409368,0.0409368,0,All,#4682B4,0
9,17,8,1.20305,0.453797,0.453797,0,All,#4682B4,0
10,17,8,1.86213,-0.0798436,-0.0798436,0,All,#4682B4,0
1,17,9,1.16898,-0.071845,-0.071845,0,All,#4682B4,0
2,17,9,0.99768,0.0838806,0.0838806,0,All,#4682B4,0
3,17,9,1.10484,-0.0168953,-0.0168953,0,All,#4682B4,0
4,17,9,0.847412,0.247894,0.247894,0,All,#4682B4,0
5,17,9,1.04723,0.0357957,0.0357957,0,All,#4682B4,0
6,17,9,0.689491,0.457028,0.457028,0,All,#4682B4,0
7,17,9,1.23865,-0.127532,-0.127532,0,All,#4682B4,0
8,17,9,0.998663,0.0828998,0.0828998,0,All,#4682B4,0
9,17,9,0.401901,0.984492,0.984492,0,All,#4682B4,0
10,17,9,1.20406,-0.100378,-0.100378,0,All,#4682B4,0
1,17,10,0.437416,1.17008,1.17008,0,All,#4682B4,0
2,17,10,0.225138,1.78398,1.78398,0,All,#4682B4,0
3,17,10,0.296357,1.55039,1.55039,0,All,#4682B4,0
4,17,10,-0.18762,2.58396,2.58396,0,All,#4682B4,0
5,17,10,0.347921,1.4001,1.4001,0,All,#4682B4,0
6,17,10,-0.0827098,2.69893,2.69893,0,All,#4682B4,0
7,17,10,0.554835,0.915964,0.915964,0,All,#4682B4,0
8,17,10,0.226416,1.77949,1.77949,0,All,#4682B4,0
9,17,10,-0.392082,2.42032,2.42032,0,All,#4682B4,0
10,17,10,0.35254,1.38731,1.38731,0,All,#4682B4,0
1,17,11,-0.353273,1.9604,1.9604,0,All,#4682B4,0
2,17,11,-0.554336,1.91513,1.91513,0,All,#4682B4,0
3,17,11,-0.553842,1.91523,1.91523,0,All,#4682B4,0
4,17,11,-1.21564,1.8314,1.8314,0,All,#4682B4,0
5,17,11,-0.388506,1.95131,1.95131,0,All,#4682B4,0
6,17,11,-0.813111,1.87396,1.87396,0,All,#4682B4,0
7,17,11,-0.190282,2.01121,2.01121,0,All,#4682B4,0
8,17,11,-0.566459,1.91284,1.91284,0,All,#4682B4,0
9,17,11,-1.06718,1.84491,1.84491,0,All,#4682B4,0
10,17,11,-0.582229,1.90993,1.90993,0,All,#4682B4,0
1,17,12,-1.10169,0.860618,0.860618,0,All,#4682B4,0
2,17,12,-1.33787,0.95144,0.95144,0,All,#4682B4,0
3,17,12,-1.42128,0.978802,0.978802,0,All,#4682B4,0
4,17,12,-2.14897,1.15087,1.15087,0,All,#4682B4,0
5,17,12,-1.11117,0.864705,0.864705,0,All,#4682B4,0
6,17,12,-1.49812,1.00222,1.00222,0,All,#4682B4,0
7,17,12,-0.972824,0.800599,0.800599,0,All,#4682B4,0
8,17,12,-1.34242,0.952987,0.952987,0,All,#4682B4,0
9,17,12,-1.64542,1.04292,1.04292,0,All,#4682B4,0
10,17,12,-1.458,0.990198,0.990198,0,All,#4682B4,0
1,17,13,-1.75317,1.07318,1.07318,0,All,#4682B4,0
2,17,13,-2.13129,1.15078,1.15078,0,All,#4682B4,0
3,17,13,-2.32238,1.18274,1.18274,0,All,#4682B4,0
4,17,13,-3.0132,1.27124,1.27124,0,All,#4682B4,0
5,17,13,-1.80446,1.08505,1.08505,0,All,#4682B4,0
6,17,13,-2.153,1.15462,1.15462,0,All,#4682B4,0
7,17,13,-1.81428,1.08727,1.08727,0,All,#4682B4,0
8,17,13,-2.09962,1.14507,1.14507,0,All,#4682B4,0
9,17,13,-2.17147,1.15784,1.15784,0,All,#4682B4,0
10,17,13,-2.2332,1.16833,1.16833,0,All,#4682B4,0
1,17,14,-2.30996,1.08667,-0.85278,1,All,#4682B4,0
2,17,14,-2.93665,1.18493,-0.601894,1,All,#4682B4,0
3,17,14,-3.24684,1.22218,-0.883142,1,All,#4682B4,0
4,17,14,-3.84234,1.27961,-1.60434,1,All,#4682B4,0
5,17,14,-2.47028,1.11544,0.048248,1,All,#4682B4,0
6,17,14,-2.79123,1.16523,-0.976363,1,All,#4682B4,0
7,17,14,-2.70768,1.15316,-0.954429,1,All,#4682B4,0
8,17,14,-2.84261,1.17237,0.633491,1,All,#4682B4,0
9,17,14,-2.67166,1.14777,0.525971,1,All,#4682B4,0
10,17,14,-2.92567,1.1835,-1.65107,1,All,#4682B4,0
1,18,-1,-7,1.45997,1.45997,0,All,#4682B4,0
2,18,-1,-7,1.45997,1.45997,0,All,#4682B4,0
3,18,-1,-7,1.45997,1.45997,0,All,#4682B4,0
4,18,-1,-7,1.45997,1.45997,0,All,#4682B4,0
5,18,-1,-7,1.45997,1.45997,0,All,#4682B4,0
6,18,-1,-7,1.45997,1.45997,0,All,#4682B4,0
7,18,-1,-7,1.45997,1.45997,0,All,#4682B4,0
8,18,-1,-7,1.45997,1.45997,0,All,#4682B4,0
9,18,-1,-7,1.45997,1.45997,0,All,#4682B4,0
10,18,-1,-7,1.45997,1.45997,0,All,#4682B4,0
1,18,0,-7,1.48489,1.48489,0,All,#4682B4,0
2,18,0,-7,1.48489,1.48489,0,All,#4682B4,0
3,18,0,-7,1.48489,1.48489,0,All,#4682B4,0
4,18,0,-7,1.48489,1.48489,0,All,#4682B4,0
5,18,0,-7,1.48489,1.48489,0,All,#4682B4,0
6,18,0,-7,1.48489,1.48489,0,All,#4682B4,0
7,18,0,-7,1.48489,1.48489,0,All,#4682B4,0
8,18,0,-7,1.48489,1.48489,0,All,#4682B4,0
9,18,0,-7,1.48489,1.48489,0,All,#4682B4,0
10,18,0,-7,1.48489,1.48489,0,All,#4682B4,0
1,18,1,-7,1.43853,1.43853,0,All,#4682B4,0
2,18,1,-7,1.43853,1.43853,0,All,#4682B4,0
3,18,1,-7,1.43853,1.43853,0,All,#4682B4,0
4,18,1,-7,1.43853,1.43853,0,All,#4682B4,0
5,18,1,-7,1.43853,1.43853,0,All,#4682B4,0
6,18,1,-7,1.43853,1.43853,0,All,#4682B4,0
7,18,1,-7,1.43853,1.43853,0,All,#4682B4,0
8,18,1,-7,1.43853,1.43853,0,All,#4682B4,0
9,18,1,-7,1.43853,1.43853,0,All,#4682B4,0
10,18,1,-7,1.43853,1.43853,0,All,#4682B4,0
1,18,2,-7,1.43675,-1.55345,1,All,#4682B4,0
2,18,2,-7,1.43675,0.883932,1,All,#4682B4,0
3,18,2,-7,1.43675,-0.159712,1,All,#4682B4,0
4,18,2,-7,1.43675,-0.145912,1,All,#4682B4,0
5,18,2,-7,1.43675,0.575467,1,All,#4682B4,0
6,18,2,-7,1.43675,0.395649,1,All,#4682B4,0
7,18,2,-7,1.43675,-1.5452,1,All,#4682B4,0
8,18,2,-7,1.43675,-1.0718,1,All,#4682B4,0
9,18,2,-7,1.43675,0.0503913,1,All,#4682B4,0
10,18,2,-7,1.43675,-0.61337,1,All,#4682B4,0
1,18,3,-0.36483,0.0815217,-0.303933,1,All,#4682B4,0
2,18,3,-0.648596,0.401676,-0.323301,1,All,#4682B4,0
3,18,3,-0.425225,0.162553,-0.35121,1,All,#4682B4,0
4,18,3,-0.316529,0.0101441,-0.556913,1,All,#4682B4,0
5,18,3,-0.0707992,-0.482212,-0.928675,1,All,#4682B4,0
6,18,3,0.437878,-1.04388,-1.47948,1,All,#4682B4,0
7,18,3,0.0802826,-0.777854,-0.997348,1,All,#4682B4,0
8,18,3,-0.306903,-0.00485607,-0.905197,1,All,#4682B4,0
9,18,3,-1.58661,0.90788,-2.47592,1,All,#4682B4,0
10,18,3,-0.318696,0.0134842,-2.02252,1,All,#4682B4,0
1,18,4,1.17394,-0.383837,-0.383837,0,All,#4682B4,0
2,18,4,1.86075,-0.720324,-0.720324,0,All,#4682B4,0
3,18,4,2.05784,-0.786543,-0.786543,0,All,#4682B4,0
4,18,4,1.66636,-0.644449,-0.644449,0,All,#4682B4,0
5,18,4,1.76964,-0.686215,-0.686215,0,All,#4682B4,0
6,18,4,2.12592,-0.807314,-0.807314,0,All,#4682B4,0
7,18,4,1.74057,-0.674812,-0.674812,0,All,#4682B4,0
8,18,4,2.42975,-0.889181,-0.889181,0,All,#4682B4,0
9,18,4,1.58602,-0.609416,-0.609416,0,All,#4682B4,0
10,18,4,2.09154,-0.796951,-0.796951,0,All,#4682B4,0
1,18,5,1.71191,-0.33318,-0.33318,0,All,#4682B4,0
2,18,5,2.35725,-0.60942,-0.60942,0,All,#4682B4,0
3,18,5,2.38753,-0.619597,-0.619597,0,All,#4682B4,0
4,18,5,2.09343,-0.511617,-0.511617,0,All,#4682B4,0
5,18,5,2.21428,-0.558573,-0.558573,0,All,#4682B4,0
6,18,5,2.47912,-0.649212,-0.649212,0,All,#4682B4,0
7,18,5,2.15016,-0.534146,-0.534146,0,All,#4682B4,0
8,18,5,2.64326,-0.698297,-0.698297,0,All,#4682B4,0
9,18,5,2.24748,-0.570813,-0.570813,0,All,#4682B4,0
10,18,5,2.43978,-0.6367,-0.6367,0,All,#4682B4,0
1,18,6,1.76274,0.0722073,0.0722073,0,All,#4682B4,0
2,18,6,2.19526,-0.182522,-0.182522,0,All,#4682B4,0
3,18,6,2.10843,-0.137559,-0.137559,0,All,#4682B4,0
4,18,6,1.90082,-0.0181307,-0.0181307,0,All,#4682B4,0
5,18,6,2.19703,-0.183413,-0.183413,0,All,#4682B4,0
6,18,6,2.33131,-0.24789,-0.24789,0,All,#4682B4,0
7,18,6,2.09617,-0.130988,-0.130988,0,All,#4682B4,0
8,18,6,2.44923,-0.300052,-0.300052,0,All,#4682B4,0
9,18,6,2.24619,-0.207687,-0.207687,0,All,#4682B4,0
10,18,6,2.16777,-0.168577,-0.168577,0,All,#4682B4,0
1,18,7,1.25,0.181947,0.181947,0,All,#4682B4,0
2,18,7,1.59164,-0.0869795,-0.0869795,0,All,#4682B4,0
3,18,7,1.48533,-0.0120868,-0.0120868,0,All,#4682B4,0
4,18,7,0.949933,0.50703,0.50703,0,All,#4682B4,0
5,18,7,1.73398,-0.17724,-0.17724,0,All,#4682B4,0
6,18,7,1.95631,-0.299264,-0.299264,0,All,#4682B4,0
7,18,7,1.52228,-0.0389083,-0.0389083,0,All,#4682B4,0
8,18,7,1.96548,-0.30387,-0.30387,0,All,#4682B4,0
9,18,7,1.76609,-0.196194,-0.196194,0,All,#4682B4,0
10,18,7,1.50515,-0.0265831,-0.0265831,0,All,#4682B4,0
1,18,8,0.236303,1.34511,1.34511,0,All,#4682B4,0
2,18,8,0.511307,0.691489,0.691489,0,All,#4682B4,0
3,18,8,0.495314,0.721628,0.721628,0,All,#4682B4,0
4,18,8,-0.305541,2.10796,2.10796,0,All,#4682B4,0
5,18,8,0.570119,0.586908,0.586908,0,All,#4682B4,0
6,18,8,1.35473,-0.25063,-0.25063,0,All,#4682B4,0
7,18,8,0.280604,1.21637,1.21637,0,All,#4682B4,0
8,18,8,0.895601,0.142852,0.142852,0,All,#4682B4,0
9,18,8,0.649614,0.459465,0.459465,0,All,#4682B4,0
10,18,8,0.414699,0.886096,0.886096,0,All,#4682B4,0
1,18,9,-0.749324,1.84037,1.84037,0,All,#4682B4,0
2,18,9,-0.681052,1.84868,1.84868,0,All,#4682B4,0
3,18,9,-0.540062,1.86861,1.86861,0,All,#4682B4,0
4,18,9,-1.19976,1.8001,1.8001,0,All,#4682B4,0
5,18,9,-0.896798,1.82477,1.82477,0,All,#4682B4,0
6,18,9,0.447397,0.6452,0.6452,0,All,#4682B4,0
7,18,9,-0.852962,1.82911,1.82911,0,All,#4682B4,0
8,18,9,-0.995837,1.81576,1.81576,0,All,#4682B4,0
9,18,9,-0.827362,1.83175,1.83175,0,All,#4682B4,0
10,18,9,-0.785275,1.83629,1.83629,0,All,#4682B4,0
1,18,10,-1.60514,1.68331,1.68331,0,All,#4682B4,0
2,18,10,-1.48049,1.6843,1.6843,0,All,#4682B4,0
3,18,10,-1.30123,1.68593,1.68593,0,All,#4682B4,0
4,18,10,-1.96952,1.68094,1.68094,0,All,#4682B4,0
5,18,10,-1.82963,1.68177,1.68177,0,All,#4682B4,0
6,18,10,-0.779426,1.69286,1.69286,0,All,#4682B4,0
7,18,10,-1.64292,1.68303,1.68303,0,All,#4682B4,0
8,18,10,-2.04956,1.6805,1.6805,0,All,#4682B4,0
9,18,10,-1.8405,1.6817,1.6817,0,All,#4682B4,0
10,18,10,-1.55004,1.68373,1.68373,0,All,#4682B4,0
1,18,11,-2.39574,1.10243,-0.497685,1,All,#4682B4,0
2,18,11,-2.05788,1.0348,0.284206,1,All,#4682B4,0
3,18,11,-1.87136,0.990017,-2.52641,1,All,#4682B4,0
4,18,11,-2.70279,1.15243,1.10585,1,All,#4682B4,0
5,18,11,-2.55856,1.1301,1.01186,1,All,#4682B4,0
6,18,11,-1.88729,0.994087,-0.314597,1,All,#4682B4,0
7,18,11,-2.32247,1.08903,0.968713,1,All,#4682B4,0
8,18,11,-2.60933,1.13818,-0.0864344,1,All,#4682B4,0
9,18,11,-2.60172,1.13698,-0.955549,1,All,#4682B4,0
10,18,11,-2.08232,1.04024,-1.18112,1,All,#4682B4,0
1,18,12,-3.15747,1.21206,0.866704,1,All,#4682B4,0
2,18,12,-2.55844,1.13008,0.469208,1,All,#4682B4,0
3,18,12,-2.3558,1.0952,-0.59202,1,All,#4682B4,0
4,18,12,-3.42683,1.24126,-0.0835692,1,All,#4682B4,0
5,18,12,-3.22681,1.21995,0.646092,1,All,#4682B4,0
6,18,12,-2.56448,1.13105,-1.21612,1,All,#4682B4,0
7,18,12,-2.96785,1.18896,0.367899,1,All,#4682B4,0
8,18,12,-3.07689,1.20252,0.580196,1,All,#4682B4,0
9,18,12,-3.27223,1.22498,-1.26111,1,All,#4682B4,0
10,18,12,-2.53273,1.12589,1.05465,1,All,#4682B4,0
1,18,13,-3.90928,1.28515,0.940846,1,All,#4682B4,0
2,18,13,-3.03381,1.19726,0.425248,1,All,#4682B4,0
3,18,13,-2.80741,1.1675,0.115716,1,All,#4682B4,0
4,18,13,-4.147,1.30359,1.052,1,All,#4682B4,0
5,18,13,-3.87798,1.28258,-0.535517,1,All,#4682B4,0
6,18,13,-3.00482,1.19365,-0.598301,1,All,#4682B4,0
7,18,13,-3.60436,1.25854,0.388399,1,All,#4682B4,0
8,18,13,-3.54794,1.25321,-0.289856,1,All,#4682B4,0
9,18,13,-3.91155,1.28533,1.27071,1,All,#4682B4,0
10,18,13,-2.9593,1.18786,0.230426,1,All,#4682B4,0
1,18,14,-4.65637,1.33766,1.15842,1,All,#4682B4,0
2,18,14,-3.50361,1.24891,-0.432268,1,All,#4682B4,0
3,18,14,-3.24854,1.22237,-0.634729,1,All,#4682B4,0
4,18,14,-4.86658,1.34992,-0.463517,1,All,#4682B4,0
5,18,14,-4.52446,1.32947,-0.920545,1,All,#4682B4,0
6,18,14,-3.35556,1.23391,-0.882015,1,All,#4682B4,0
7,18,14,-4.23739,1.31015,-0.373956,1,All,#4682B4,0
8,18,14,-4.03458,1.2951,-0.695952,1,All,#4682B4,0
9,18,14,-4.54342,1.33067,-1.19776,1,All,#4682B4,0
10,18,14,-3.37754,1.23621,-0.629341,1,All,#4682B4,0
