ID,time,prediction_pwRes,pwRes,pwRes_simBlq,prediction_iwRes_mean,iwRes_mean,iwRes_mean_simBlq,prediction_iwRes_mode,iwRes_mode,iwRes_mode_simBlq,prediction_npde,npde,npde_simBlq,censored,split,color,filter
7,1,0,2.82997,0.246873,0,3.48459,1.17686,0,3.48459,0.164174,0,2.14298,0.380334,1,All,#4682B4,0
7,1.5,0,1.08943,-0.219877,0,3.48459,0.167827,0,3.48459,1.63801,0,1.05148,0.0508223,1,All,#4682B4,0
7,2,1.13315,0.270881,-0.640516,0,3.48459,0.39725,0,3.48459,0.258266,1.13315,0.350757,-0.363523,1,All,#4682B4,0
7,2.5,5.17628,-0.314506,-0.541993,0,3.48459,0.686246,0,3.48459,0.433104,5.17628,-0.288107,-0.451959,1,All,#4682B4,0
7,3,6.55594,-0.784852,-0.813344,1.97577,1.18967,-0.0702335,1.32482,1.94577,0.53712,6.55594,-0.756416,-0.784307,1,All,#4682B4,0
7,3.5,7.31124,-0.841234,-0.841234,3.72774,0.256996,0.256996,3.32411,0.72583,0.72583,7.31124,-0.950348,-0.950348,0,All,#4682B4,0
7,4,7.78192,-1.58478,-1.58796,4.88397,-2.18829,-2.45866,4.60582,-1.8652,-2.05067,7.78192,-1.36578,-1.36894,1,All,#4682B4,0
7,4.5,8.06042,-0.906402,-0.906402,5.71771,-0.547901,-0.547901,5.51714,-0.314938,-0.314938,8.06042,-1.1224,-1.1224,0,All,#4682B4,0
7,5,8.17397,-1.04685,-1.04685,6.34736,-0.777479,-0.777479,6.2019,-0.608525,-0.608525,8.17397,-1.19452,-1.19452,0,All,#4682B4,0
7,5.5,8.14817,-0.122661,-0.122661,6.83496,0.59242,0.59242,6.73463,0.70896,0.70896,8.14817,-0.281273,-0.281273,0,All,#4682B4,0
7,6,8.02638,0.731128,0.731128,7.21199,1.51117,1.51117,7.1522,1.5806,1.5806,8.02638,0.78023,0.78023,0,All,#4682B4,0
7,6.5,7.85068,0.334058,0.334058,7.48694,0.400794,0.400794,7.46421,0.427199,0.427199,7.85068,0.27473,0.27473,0,All,#4682B4,0
7,7,7.61964,-0.254345,-0.254345,7.64675,-0.806974,-0.806974,7.66281,-0.825622,-0.825622,7.61964,-0.336234,-0.336234,0,All,#4682B4,0
7,7.5,7.32787,0.9517,0.9517,7.68434,0.675611,0.675611,7.73843,0.612791,0.612791,7.32787,0.981611,0.981611,0,All,#4682B4,0
7,8,6.9719,0.531731,0.531731,7.61218,-0.0571292,-0.0571292,7.70017,-0.159322,-0.159322,6.9719,0.584347,0.584347,0,All,#4682B4,0
7,8.5,6.54779,0.410269,0.410269,7.45398,-0.339144,-0.339144,7.578,-0.483195,-0.483195,6.54779,0.376852,0.376852,0,All,#4682B4,0
7,9,6.06088,-0.0160501,-0.0160501,7.20406,-1.07332,-1.07332,7.3865,-1.28523,-1.28523,6.06088,-0.0732434,-0.0732434,0,All,#4682B4,0
7,9.5,5.54,1.37064,1.37064,6.86839,1.40499,1.40499,7.12626,1.10547,1.10547,5.54,1.48293,1.48293,0,All,#4682B4,0
7,10,5.03544,1.03406,1.03406,6.44921,1.12179,1.12179,6.80161,0.712472,0.712472,5.03544,1.10021,1.10021,0,All,#4682B4,0
7,10.5,4.59957,0.895142,0.895142,5.94746,1.2481,1.2481,6.41169,0.708893,0.708893,4.59957,0.8611,0.8611,0,All,#4682B4,0
7,11,4.26052,0.684327,0.684327,5.37077,1.18851,1.18851,5.95547,0.509367,0.509367,4.26052,0.65759,0.65759,0,All,#4682B4,0
7,11.5,4.00395,0.327198,0.327198,4.74152,0.927453,0.927453,5.43886,0.117472,0.117472,4.00395,0.356419,0.356419,0,All,#4682B4,0
7,12,3.81222,-0.0176837,-0.0176837,4.10167,0.828549,0.828549,4.88119,-0.0768854,-0.0768854,3.81222,-0.0399021,-0.0399021,0,All,#4682B4,0
7,12.5,3.65668,1.01459,1.01459,3.49396,2.95846,2.95846,4.3023,2.01955,2.01955,3.65668,1.1199,1.1199,0,All,#4682B4,0
7,13,3.52072,-0.629883,-0.629883,2.93646,0.366505,0.366505,3.73605,-0.562233,-0.562233,3.52072,-0.709133,-0.709133,0,All,#4682B4,0
7,13.5,3.39305,-0.671106,-1.46929,2.43555,0.655623,-0.0163523,3.20843,-0.242099,-0.938967,3.39305,-0.757134,-1.46495,1,All,#4682B4,0
7,14,3.27052,-0.188144,-0.188144,1.98431,1.78607,1.78607,2.73638,0.912522,0.912522,3.27052,-0.2314,-0.2314,0,All,#4682B4,0
7,14.5,3.14201,-0.29434,-0.43222,1.57676,1.65314,0.567717,2.3093,0.802269,-0.00147263,3.14201,-0.354785,-0.498107,1,All,#4682B4,0
7,15,3.00946,-0.202618,-1.70768,1.20882,2.0805,0.00828197,1.92577,1.24775,-0.88191,3.00946,-0.272049,-1.75184,1,All,#4682B4,0
7,15.5,2.87221,-0.0259436,-0.864689,0.868762,2.47549,-0.775166,1.57858,1.65102,-0.235826,2.87221,-0.110108,-0.829365,1,All,#4682B4,0
7,16,2.72883,0.0826087,-0.40282,0.551681,2.84379,0.462268,1.26128,2.01957,-0.185752,2.72883,0.0164382,-0.43843,1,All,#4682B4,0
8,1,0,2.80322,1.0052,0,3.48459,0.164174,0,3.48459,0.351133,0,2.19033,1.17439,1,All,#4682B4,0
8,1.5,0,1.06555,0.054711,0,3.48459,1.63801,0,3.48459,0.577223,0,1.05426,0.428461,1,All,#4682B4,0
8,2,1.13315,0.413788,0.413788,0,4.16524,4.16524,0,4.16524,4.16524,1.13315,0.386084,0.386084,0,All,#4682B4,0
8,2.5,5.17628,-0.298625,-0.352606,2.57224,0.496855,-0.252285,2.52163,0.555645,-0.44635,5.17628,-0.219276,-0.237258,1,All,#4682B4,0
8,3,6.55594,0.373032,0.373032,6.25159,0.0643634,0.0643634,6.21938,0.101769,0.101769,6.55594,0.105281,0.105281,0,All,#4682B4,0
8,3.5,7.31124,0.479974,0.479974,7.32721,0.215799,0.215799,7.2921,0.256581,0.256581,7.31124,0.269759,0.269759,0,All,#4682B4,0
8,4,7.78192,0.632901,0.632901,7.89045,0.587211,0.587211,7.85646,0.626687,0.626687,7.78192,0.647346,0.647346,0,All,#4682B4,0
8,4.5,8.06042,0.641216,0.641216,8.21639,0.393304,0.393304,8.18803,0.426249,0.426249,8.06042,0.722012,0.722012,0,All,#4682B4,0
8,5,8.17397,0.568002,0.568002,8.37913,0.124129,0.124129,8.36065,0.145601,0.145601,8.17397,0.572128,0.572128,0,All,#4682B4,0
8,5.5,8.14817,0.111836,0.111836,8.41022,-0.881859,-0.881859,8.40713,-0.878267,-0.878267,8.14817,-0.0508165,-0.0508165,0,All,#4682B4,0
8,6,8.02638,0.77766,0.77766,8.33978,0.498552,0.498552,8.35526,0.480567,0.480567,8.02638,0.903209,0.903209,0,All,#4682B4,0
8,6.5,7.85068,-0.227671,-0.227671,8.19828,-1.39532,-1.39532,8.2339,-1.4367,-1.4367,7.85068,-0.429423,-0.429423,0,All,#4682B4,0
8,7,7.61964,1.50346,1.50346,8.00519,1.76647,1.76647,8.06333,1.69893,1.69893,7.61964,1.87621,1.87621,0,All,#4682B4,0
8,7.5,7.32787,0.497765,0.497765,7.76664,-0.0855292,-0.0855292,7.85118,-0.183733,-0.183733,7.32787,0.472134,0.472134,0,All,#4682B4,0
8,8,6.9719,0.946764,0.946764,7.48096,0.860741,0.860741,7.59689,0.726081,0.726081,6.9719,1.08002,1.08002,0,All,#4682B4,0
8,8.5,6.54779,0.460177,0.460177,7.14273,0.0537443,0.0537443,7.29597,-0.12425,-0.12425,6.54779,0.384886,0.384886,0,All,#4682B4,0
8,9,6.06088,1.06894,1.06894,6.74519,1.41452,1.41452,6.94216,1.18574,1.18574,6.06088,1.13937,1.13937,0,All,#4682B4,0
8,9.5,5.54,0.7831,0.7831,6.28271,1.28267,1.28267,6.52923,0.996325,0.996325,5.54,0.833596,0.833596,0,All,#4682B4,0
8,10,5.03544,0.950701,0.950701,5.75451,1.77307,1.77307,6.05282,1.42656,1.42656,5.03544,0.964598,0.964598,0,All,#4682B4,0
8,10.5,4.59957,-0.0312108,-0.0312108,5.18046,0.522152,0.522152,5.51655,0.131771,0.131771,4.59957,-0.0251043,-0.0251043,0,All,#4682B4,0
8,11,4.26052,-0.361176,-0.361176,4.6231,0.195025,0.195025,4.9554,-0.190956,-0.190956,4.26052,-0.392094,-0.392094,0,All,#4682B4,0
8,11.5,4.00395,0.596924,0.596924,4.16896,2.19533,2.19533,4.44145,1.87883,1.87883,4.00395,0.529459,0.529459,0,All,#4682B4,0
8,12,3.81222,-0.915664,-0.915664,3.85384,-0.420283,-0.420283,4.04555,-0.642969,-0.642969,3.81222,-1.01098,-1.01098,0,All,#4682B4,0
8,12.5,3.65668,-0.458726,-0.458726,3.65279,0.184924,0.184924,3.78114,0.0358429,0.0358429,3.65668,-0.501615,-0.501615,0,All,#4682B4,0
8,13,3.52072,-0.824047,-1.23391,3.52054,-0.604622,-0.935138,3.61116,-0.709876,-0.812579,3.52072,-0.887332,-1.21734,1,All,#4682B4,0
8,13.5,3.39305,-0.0501827,-0.0501827,3.43061,0.612584,0.612584,3.49797,0.534335,0.534335,3.39305,-0.0880096,-0.0880096,0,All,#4682B4,0
8,14,3.27052,-0.494195,-0.968061,3.35484,-0.412153,-0.797114,3.41398,-0.480854,-2.23702,3.27052,-0.55119,-1.06117,1,All,#4682B4,0
8,14.5,3.14201,0.131954,0.131954,3.2837,0.568335,0.568335,3.34249,0.500046,0.500046,3.14201,0.138307,0.138307,0,All,#4682B4,0
8,15,3.00946,-0.176678,-0.493393,3.2181,-0.253325,-0.806801,3.27228,-0.316265,-1.31414,3.00946,-0.170347,-0.512488,1,All,#4682B4,0
8,15.5,2.87221,-0.0510042,-0.337483,3.14504,-0.168467,-0.680291,3.20302,-0.235819,-0.719864,2.87221,-0.086239,-0.402398,1,All,#4682B4,0
8,16,2.72883,0.0429308,-0.327657,3.06734,-0.0782174,-1.3814,3.12957,-0.1505,-0.278932,2.72883,0.0424118,-0.272459,1,All,#4682B4,0
8,16.5,2.58085,0.488192,0.488192,2.9864,0.673224,0.673224,3.05177,0.597293,0.597293,2.58085,0.461702,0.461702,0,All,#4682B4,0
8,17,2.42749,0.870395,0.870395,2.90161,1.33388,1.33388,2.97166,1.25253,1.25253,2.42749,0.80947,0.80947,0,All,#4682B4,0
8,17.5,2.26934,0.685961,0.685961,2.81277,0.870249,0.870249,2.88452,0.786917,0.786917,2.26934,0.67106,0.67106,0,All,#4682B4,0
8,18,2.10734,0.603658,0.603658,2.72097,0.693471,0.693471,2.79676,0.605441,0.605441,2.10734,0.637563,0.637563,0,All,#4682B4,0
8,18.5,1.94173,0.56851,-0.480152,2.62629,0.434077,-0.909409,2.7049,0.342768,-0.264978,1.94173,0.501951,-0.370007,1,All,#4682B4,0
8,19,1.77274,0.570708,0.320276,2.52895,0.547139,-1.95693,2.61046,0.452457,-0.491929,1.77274,0.502188,0.284715,1,All,#4682B4,0
8,19.5,1.60075,0.599138,0.0445832,2.42859,0.66371,-0.413295,2.51375,0.564796,-1.98349,1.60075,0.542025,0.0910878,1,All,#4682B4,0
9,1,0,2.41376,0.725975,0,3.48459,0.351133,0,3.48459,0.00695231,0,2.00067,0.932284,1,All,#4682B4,0
9,1.5,0,0.973294,-0.388131,0,3.48459,0.577223,0,3.48459,1.56148,0,0.97752,-0.15072,1,All,#4682B4,0
9,2,1.13315,0.759905,0.759905,4.65431,0.0553884,0.0553884,4.69622,0.00671649,0.00671649,1.13315,0.605763,0.605763,0,All,#4682B4,0
9,2.5,5.17628,0.24237,0.24237,6.47073,-2.02074,-2.02074,6.5614,-2.12606,-2.12606,5.17628,0.0780019,0.0780019,0,All,#4682B4,0
9,3,6.55594,0.666499,0.666499,7.3097,0.0746917,0.0746917,7.41715,-0.0501165,-0.0501165,6.55594,0.53752,0.53752,0,All,#4682B4,0
9,3.5,7.31124,0.662808,0.662808,7.78772,0.324386,0.324386,7.90465,0.188576,0.188576,7.31124,0.640206,0.640206,0,All,#4682B4,0
9,4,7.78192,0.691892,0.691892,8.0495,0.562764,0.562764,8.16171,0.432424,0.432424,7.78192,0.696408,0.696408,0,All,#4682B4,0
9,4.5,8.06042,0.548399,0.548399,8.13593,0.296273,0.296273,8.23336,0.183103,0.183103,8.06042,0.554341,0.554341,0,All,#4682B4,0
9,5,8.17397,0.637232,0.637232,8.08168,0.669417,0.669417,8.16653,0.570853,0.570853,8.17397,0.720626,0.720626,0,All,#4682B4,0
9,5.5,8.14817,-0.15648,-0.15648,7.93603,-0.809622,-0.809622,8.02157,-0.908974,-0.908974,8.14817,-0.396848,-0.396848,0,All,#4682B4,0
9,6,8.02638,0.482328,0.482328,7.72657,0.576619,0.576619,7.82626,0.460825,0.460825,8.02638,0.488777,0.488777,0,All,#4682B4,0
9,6.5,7.85068,0.454469,0.454469,7.44967,0.54863,0.54863,7.58026,0.396945,0.396945,7.85068,0.451936,0.451936,0,All,#4682B4,0
9,7,7.61964,0.46235,0.46235,7.1083,0.809235,0.809235,7.2846,0.604463,0.604463,7.61964,0.460244,0.460244,0,All,#4682B4,0
9,7.5,7.32787,-0.108588,-0.108588,6.70103,0.231106,0.231106,6.93624,-0.0420886,-0.0420886,7.32787,-0.190264,-0.190264,0,All,#4682B4,0
9,8,6.9719,0.204482,0.204482,6.23078,0.946897,0.946897,6.5338,0.59494,0.59494,6.9719,0.142103,0.142103,0,All,#4682B4,0
9,8.5,6.54779,-0.141783,-0.141783,5.71308,0.577191,0.577191,6.08486,0.145356,0.145356,6.54779,-0.200714,-0.200714,0,All,#4682B4,0
9,9,6.06088,-0.508332,-0.508332,5.20021,0.417903,0.417903,5.61467,-0.0635013,-0.0635013,6.06088,-0.582584,-0.582584,0,All,#4682B4,0
9,9.5,5.54,0.148277,0.148277,4.76334,1.77907,1.77907,5.17626,1.29944,1.29944,5.54,0.0685886,0.0685886,0,All,#4682B4,0
9,10,5.03544,0.217653,0.217653,4.43966,2.00055,2.00055,4.82059,1.55808,1.55808,5.03544,0.141532,0.141532,0,All,#4682B4,0
9,10.5,4.59957,-0.104422,-0.104422,4.21572,1.40693,1.40693,4.56065,1.00629,1.00629,4.59957,-0.129934,-0.129934,0,All,#4682B4,0
9,11,4.26052,-0.682212,-0.682212,4.06033,0.207536,0.207536,4.38146,-0.165475,-0.165475,4.26052,-0.686073,-0.686073,0,All,#4682B4,0
9,11.5,4.00395,-0.413401,-0.413401,3.94641,0.541956,0.541956,4.25974,0.17802,0.17802,4.00395,-0.478267,-0.478267,0,All,#4682B4,0
9,12,3.81222,-1.1372,-1.27889,3.85243,-0.990122,-1.28586,4.16869,-1.35747,-2.08596,3.81222,-1.25009,-1.31287,1,All,#4682B4,0
9,12.5,3.65668,-0.161866,-0.161866,3.76527,0.544445,0.544445,4.092,0.164942,0.164942,3.65668,-0.19785,-0.19785,0,All,#4682B4,0
9,13,3.52072,-0.231062,-0.231062,3.679,0.307807,0.307807,4.0206,-0.0889699,-0.0889699,3.52072,-0.295115,-0.295115,0,All,#4682B4,0
9,13.5,3.39305,-0.647806,-0.955445,3.58881,-0.683922,-0.787841,3.94216,-1.09435,-1.26425,3.39305,-0.649381,-0.937948,1,All,#4682B4,0
9,14,3.27052,0.224935,0.224935,3.49149,0.826442,0.826442,3.86318,0.394712,0.394712,3.27052,0.224064,0.224064,0,All,#4682B4,0
9,14.5,3.14201,0.0422938,0.0422938,3.38813,0.214731,0.214731,3.77623,-0.23606,-0.23606,3.14201,0.0127363,0.0127363,0,All,#4682B4,0
9,15,3.00946,-0.163482,-0.202429,3.2792,-0.324301,-2.18802,3.68321,-0.793567,-1.73621,3.00946,-0.191577,-0.261414,1,All,#4682B4,0
9,15.5,2.87221,0.436371,0.436371,3.16446,0.790465,0.790465,3.58491,0.3021,0.3021,2.87221,0.445165,0.445165,0,All,#4682B4,0
9,16,2.72883,0.577806,0.577806,3.04523,1.00214,1.00214,3.48002,0.497108,0.497108,2.72883,0.527725,0.527725,0,All,#4682B4,0
9,16.5,2.58085,0.192978,0.0571348,2.92119,0.0915381,-1.13117,3.37063,-0.430501,-1.60653,2.58085,0.195035,0.0520206,1,All,#4682B4,0
9,17,2.42749,0.249123,-0.0924787,2.79364,0.239689,-0.136089,3.25751,-0.2991,-1.76942,2.42749,0.195339,-0.142996,1,All,#4682B4,0
9,17.5,2.26934,0.35296,-0.638626,2.66276,0.391713,-0.264291,3.14055,-0.163253,-1.31024,2.26934,0.259618,-0.554129,1,All,#4682B4,0
10,1,0,2.83377,0.0119688,0,3.48459,0.00695231,0,3.48459,0.611778,0,2.20758,0.0601377,1,All,#4682B4,0
10,1.5,0,1.23118,1.23118,3.87598,-0.471558,-0.471558,3.58205,-0.130145,-0.130145,0,1.10319,1.10319,0,All,#4682B4,0
10,2,1.13315,1.75643,1.75643,7.66312,-0.534444,-0.534444,7.6478,-0.516642,-0.516642,1.13315,1.53213,1.53213,0,All,#4682B4,0
10,2.5,5.17628,1.50037,1.50037,8.67439,-0.228108,-0.228108,8.70571,-0.26449,-0.26449,5.17628,1.61196,1.61196,0,All,#4682B4,0
10,3,6.55594,1.3239,1.3239,8.97067,0.300059,0.300059,9.01649,0.246837,0.246837,6.55594,1.72867,1.72867,0,All,#4682B4,0
10,3.5,7.31124,0.974233,0.974233,8.78696,0.00701437,0.00701437,8.82043,-0.0318608,-0.0318608,7.31124,1.14771,1.14771,0,All,#4682B4,0
10,4,7.78192,0.647452,0.647452,8.32378,-0.0496874,-0.0496874,8.35477,-0.0856876,-0.0856876,7.78192,0.705159,0.705159,0,All,#4682B4,0
10,4.5,8.06042,-0.0723883,-0.0723883,7.76024,-0.996874,-0.996874,7.80288,-1.0464,-1.0464,8.06042,-0.431982,-0.431982,0,All,#4682B4,0
10,5,8.17397,-0.0514233,-0.0514233,7.23406,-0.0221415,-0.0221415,7.28672,-0.0832999,-0.0832999,8.17397,-0.314884,-0.314884,0,All,#4682B4,0
10,5.5,8.14817,-0.730673,-0.730673,6.86361,-0.795189,-0.795189,6.91495,-0.854828,-0.854828,8.14817,-1.02322,-1.02322,0,All,#4682B4,0
10,6,8.02638,-0.73494,-0.73494,6.69069,-0.67217,-0.67217,6.7326,-0.720842,-0.720842,8.02638,-1.05257,-1.05257,0,All,#4682B4,0
10,6.5,7.85068,0.550213,0.550213,6.6751,1.70733,1.70733,6.70734,1.66989,1.66989,7.85068,0.616368,0.616368,0,All,#4682B4,0
10,7,7.61964,0.861703,0.861703,6.69008,2.11854,2.11854,6.72107,2.08254,2.08254,7.61964,1.01488,1.01488,0,All,#4682B4,0
10,7.5,7.32787,-0.152207,-0.152207,6.64743,0.156303,0.156303,6.6841,0.113712,0.113712,7.32787,-0.274678,-0.274678,0,All,#4682B4,0
10,8,6.9719,0.0921427,0.0921427,6.55916,0.486499,0.486499,6.60548,0.432696,0.432696,6.9719,-0.0250355,-0.0250355,0,All,#4682B4,0
10,8.5,6.54779,-0.659049,-0.659049,6.43624,-0.995709,-0.995709,6.48994,-1.05808,-1.05808,6.54779,-0.754376,-0.754376,0,All,#4682B4,0
10,9,6.06088,-0.0436267,-0.0436267,6.28756,-0.0331729,-0.0331729,6.34873,-0.104227,-0.104227,6.06088,-0.173784,-0.173784,0,All,#4682B4,0
10,9.5,5.54,0.0218146,0.0218146,6.11746,0.0192124,0.0192124,6.18395,-0.058017,-0.058017,5.54,-0.0243601,-0.0243601,0,All,#4682B4,0
10,10,5.03544,0.128223,0.128223,5.93207,0.100975,0.100975,6.00346,0.0180521,0.0180521,5.03544,0.0622796,0.0622796,0,All,#4682B4,0
10,10.5,4.59957,0.050349,0.050349,5.73395,-0.0940257,-0.0940257,5.81041,-0.182839,-0.182839,4.59957,0.0300724,0.0300724,0,All,#4682B4,0
10,11,4.26052,0.468456,0.468456,5.52544,0.680146,0.680146,5.60676,0.585685,0.585685,4.26052,0.419617,0.419617,0,All,#4682B4,0
10,11.5,4.00395,0.417511,0.417511,5.30798,0.58892,0.58892,5.3939,0.489116,0.489116,4.00395,0.349943,0.349943,0,All,#4682B4,0
10,12,3.81222,0.887536,0.887536,5.08275,1.37902,1.37902,5.17331,1.27384,1.27384,3.81222,0.852046,0.852046,0,All,#4682B4,0
10,12.5,3.65668,0.118826,0.118826,4.85102,-0.0011866,-0.0011866,4.94504,-0.110394,-0.110394,3.65668,0.129536,0.129536,0,All,#4682B4,0
10,13,3.52072,-0.474206,-0.474206,4.61314,-1.11872,-1.11872,4.71146,-1.23292,-1.23292,3.52072,-0.511587,-0.511587,0,All,#4682B4,0
10,13.5,3.39305,0.748767,0.748767,4.36977,0.986409,0.986409,4.47214,0.867499,0.867499,3.39305,0.831307,0.831307,0,All,#4682B4,0
10,14,3.27052,1.01506,1.01506,4.1211,1.39371,1.39371,4.22778,1.26981,1.26981,3.27052,1.01713,1.01713,0,All,#4682B4,0
10,14.5,3.14201,0.626379,0.626379,3.86819,0.694379,0.694379,3.97833,0.566441,0.566441,3.14201,0.68478,0.68478,0,All,#4682B4,0
10,15,3.00946,-0.207111,-1.08133,3.61108,-0.709788,-1.88005,3.72475,-0.841819,-1.84735,3.00946,-0.21717,-1.15338,1,All,#4682B4,0
10,15.5,2.87221,0.402005,0.402005,3.35055,0.473264,0.473264,3.46753,0.337388,0.337388,2.87221,0.416683,0.416683,0,All,#4682B4,0
10,16,2.72883,0.159725,-0.120384,3.08621,-0.100135,-1.34201,3.20639,-0.239724,-0.635753,2.72883,0.123963,-0.0949763,1,All,#4682B4,0
10,16.5,2.58085,0.191867,-0.237995,2.8189,0.21035,-0.275036,2.94234,0.0669774,-1.10193,2.58085,0.169215,-0.217396,1,All,#4682B4,0
11,1,0,2.48719,0.145092,0,3.48459,0.611778,0,3.48459,1.88711,0,1.98541,0.33001,1,All,#4682B4,0
11,1.5,0,0.939506,-0.252783,0,3.48459,1.42752,0,3.48459,1.19421,0,1.02001,0.0664393,1,All,#4682B4,0
11,2,1.13315,0.506004,0.506004,5.10754,-1.29573,-1.29573,4.90118,-1.05604,-1.05604,1.13315,0.430597,0.430597,0,All,#4682B4,0
11,2.5,5.17628,0.579415,0.579415,6.9335,-1.16095,-1.16095,6.87397,-1.0918,-1.0918,5.17628,0.356184,0.356184,0,All,#4682B4,0
11,3,6.55594,0.549717,0.549717,7.68016,-0.745891,-0.745891,7.6506,-0.711551,-0.711551,6.55594,0.395167,0.395167,0,All,#4682B4,0
11,3.5,7.31124,0.628711,0.628711,8.10726,-0.0630294,-0.0630294,8.08805,-0.0407091,-0.0407091,7.31124,0.528748,0.528748,0,All,#4682B4,0
11,4,7.78192,0.335038,0.335038,8.36936,-0.725213,-0.725213,8.36066,-0.715106,-0.715106,7.78192,0.200188,0.200188,0,All,#4682B4,0
11,4.5,8.06042,0.456494,0.456494,8.50926,-0.261642,-0.261642,8.51277,-0.265726,-0.265726,8.06042,0.414742,0.414742,0,All,#4682B4,0
11,5,8.17397,0.387695,0.387695,8.54735,-0.405775,-0.405775,8.56402,-0.425142,-0.425142,8.17397,0.31772,0.31772,0,All,#4682B4,0
11,5.5,8.14817,-0.121454,-0.121454,8.49544,-1.36414,-1.36414,8.52969,-1.40393,-1.40393,8.14817,-0.414701,-0.414701,0,All,#4682B4,0
11,6,8.02638,0.624904,0.624904,8.3631,0.097454,0.097454,8.41935,0.0321134,0.0321134,8.02638,0.602551,0.602551,0,All,#4682B4,0
11,6.5,7.85068,1.20638,1.20638,8.15113,0.988311,0.988311,8.23695,0.888629,0.888629,7.85068,1.30218,1.30218,0,All,#4682B4,0
11,7,7.61964,0.341883,0.341883,7.8499,-0.260064,-0.260064,7.97549,-0.405945,-0.405945,7.61964,0.293573,0.293573,0,All,#4682B4,0
11,7.5,7.32787,1.51485,1.51485,7.43868,1.95754,1.95754,7.61955,1.74746,1.74746,7.32787,1.71252,1.71252,0,All,#4682B4,0
11,8,6.9719,0.29133,0.29133,6.88999,0.225345,0.225345,7.13996,-0.0649987,-0.0649987,6.9719,0.205832,0.205832,0,All,#4682B4,0
11,8.5,6.54779,0.2385,0.2385,6.17668,0.719354,0.719354,6.51336,0.328289,0.328289,6.54779,0.159482,0.159482,0,All,#4682B4,0
11,9,6.06088,-0.454555,-0.454555,5.32356,0.193328,0.193328,5.72164,-0.269056,-0.269056,6.06088,-0.543424,-0.543424,0,All,#4682B4,0
11,9.5,5.54,-0.116634,-0.116634,4.50695,1.59019,1.59019,4.8665,1.17256,1.17256,5.54,-0.146714,-0.146714,0,All,#4682B4,0
11,10,5.03544,-0.694718,-0.694718,3.93747,0.846206,0.846206,4.18752,0.555769,0.555769,5.03544,-0.747801,-0.747801,0,All,#4682B4,0
11,10.5,4.59957,-1.00137,-1.00137,3.56272,0.457967,0.457967,3.752,0.238114,0.238114,4.59957,-1.0523,-1.0523,0,All,#4682B4,0
11,11,4.26052,-1.37504,-1.50343,3.3008,-0.349385,-0.726377,3.46241,-0.537097,-2.08273,4.26052,-1.32887,-1.52155,1,All,#4682B4,0
11,11.5,4.00395,-1.25757,-1.30256,3.10049,-0.116727,-1.17187,3.25161,-0.292255,-1.45543,4.00395,-1.29686,-1.34863,1,All,#4682B4,0
11,12,3.81222,0.454058,0.454058,2.92686,3.02595,3.02595,3.07913,2.84908,2.84908,3.81222,0.442949,0.442949,0,All,#4682B4,0
11,12.5,3.65668,-0.967503,-1.84369,2.76241,0.275972,-0.970199,2.92051,0.0923271,-0.521791,3.65668,-1.04713,-1.68249,1,All,#4682B4,0
11,13,3.52072,-0.809042,-1.28259,2.59947,0.465228,-0.0461173,2.76402,0.274096,-1.14825,3.52072,-0.91587,-1.22674,1,All,#4682B4,0
11,13.5,3.39305,-0.618215,-0.849773,2.43501,0.656251,0.205639,2.60709,0.456372,0.0901352,3.39305,-0.662664,-0.922362,1,All,#4682B4,0
11,14,3.27052,-0.480988,-0.545818,2.26626,0.852255,-0.22431,2.44567,0.643873,-0.852572,3.27052,-0.472498,-0.559294,1,All,#4682B4,0
11,14.5,3.14201,-0.34792,-0.638007,2.09402,1.05232,-1.34927,2.2804,0.835837,0.0630786,3.14201,-0.402179,-0.701204,1,All,#4682B4,0
11,15,3.00946,-0.192883,-0.326591,1.91856,1.25613,-0.595717,2.11164,1.03185,-0.549026,3.00946,-0.215356,-0.388003,1,All,#4682B4,0
11,15.5,2.87221,-0.0446545,-0.367322,1.73956,1.46404,0.465195,1.93897,1.23241,-0.544216,2.87221,-0.115181,-0.361322,1,All,#4682B4,0
12,1,0,2.48145,-0.0879266,0,3.48459,1.88711,0,3.48459,1.63944,0,1.89975,-0.0191226,1,All,#4682B4,0
12,1.5,0,0.912105,0.165988,0,3.48459,1.19421,0,3.48459,0.33763,0,1.0047,0.632697,1,All,#4682B4,0
12,2,1.13315,0.218357,-0.0916297,0,3.48459,1.89175,0,3.48459,0.973745,1.13315,0.366223,0.23954,1,All,#4682B4,0
12,2.5,5.17628,-0.241931,-0.26831,0,3.48459,1.30887,0,3.48459,0.501824,5.17628,-0.201197,-0.208715,1,All,#4682B4,0
12,3,6.55594,-0.654772,-0.74234,0,3.48459,0.523896,0,3.48459,0.941665,6.55594,-0.62929,-0.657185,1,All,#4682B4,0
12,3.5,7.31124,-1.12879,-1.2175,0,3.48459,1.17018,0,3.48459,0.067656,7.31124,-1.0958,-1.13235,1,All,#4682B4,0
12,4,7.78192,-1.56591,-1.67501,0,3.48459,0.258788,0,3.48459,0.286049,7.78192,-1.3831,-1.38828,1,All,#4682B4,0
12,4.5,8.06042,-1.77743,-1.77743,3.40918,0.3285,0.3285,2.8909,0.930499,0.930499,8.06042,-1.61794,-1.61794,0,All,#4682B4,0
12,5,8.17397,-2.63623,-2.74193,5.11759,-2.45964,-2.79344,4.86467,-2.16587,-2.44969,8.17397,-1.98897,-1.9821,1,All,#4682B4,0
12,5.5,8.14817,0.596362,0.596362,5.97273,2.93085,2.93085,5.82934,3.0974,3.0974,8.14817,0.721708,0.721708,0,All,#4682B4,0
12,6,8.02638,-0.375978,-0.375978,6.45579,0.577526,0.577526,6.37801,0.667873,0.667873,8.02638,-0.516471,-0.516471,0,All,#4682B4,0
12,6.5,7.85068,-2.05881,-2.05881,6.68551,-2.56408,-2.56408,6.666,-2.54143,-2.54143,7.85068,-1.98163,-1.98163,0,All,#4682B4,0
12,7,7.61964,-0.234014,-0.234014,6.68666,0.187405,0.187405,6.72956,0.137568,0.137568,7.61964,-0.35544,-0.35544,0,All,#4682B4,0
12,7.5,7.32787,-0.254312,-0.254312,6.48993,0.161531,0.161531,6.58006,0.0568442,0.0568442,7.32787,-0.348902,-0.348902,0,All,#4682B4,0
12,8,6.9719,-0.187114,-0.187114,6.14024,0.486397,0.486397,6.26023,0.347027,0.347027,6.9719,-0.275275,-0.275275,0,All,#4682B4,0
12,8.5,6.54779,-1.1117,-1.1117,5.69133,-0.819255,-0.819255,5.82516,-0.974712,-0.974712,6.54779,-1.14956,-1.14956,0,All,#4682B4,0
12,9,6.06088,0.496292,0.496292,5.19327,2.15664,2.15664,5.32304,2.00591,2.00591,6.06088,0.406347,0.406347,0,All,#4682B4,0
12,9.5,5.54,-0.569534,-0.569534,4.68704,0.473857,0.473857,4.79887,0.343967,0.343967,5.54,-0.622447,-0.622447,0,All,#4682B4,0
12,10,5.03544,-1.26666,-1.26666,4.22547,-0.516262,-0.516262,4.2963,-0.59853,-0.59853,5.03544,-1.27968,-1.27968,0,All,#4682B4,0
12,10.5,4.59957,-1.22572,-1.22572,3.835,-0.281086,-0.281086,3.85355,-0.302631,-0.302631,4.59957,-1.19648,-1.19648,0,All,#4682B4,0
12,11,4.26052,-0.838677,-0.838677,3.52758,0.483687,0.483687,3.49566,0.520757,0.520757,4.26052,-0.756688,-0.756688,0,All,#4682B4,0
12,11.5,4.00395,-1.36286,-1.80215,3.30342,-0.352427,-0.446659,3.22587,-0.262349,-1.98937,4.00395,-1.38949,-1.8138,1,All,#4682B4,0
12,12,3.81222,-0.532807,-0.532807,3.1488,1.0003,1.0003,3.03602,1.1313,1.1313,3.81222,-0.518092,-0.518092,0,All,#4682B4,0
12,12.5,3.65668,-0.920057,-0.934789,3.04869,-0.0565565,-0.636741,2.91249,0.10164,-0.116539,3.65668,-1.0153,-1.06308,1,All,#4682B4,0
12,13,3.52072,-0.797568,-1.00781,2.98837,0.0135133,-0.605965,2.83768,0.188538,-0.168553,3.52072,-0.815917,-1.04698,1,All,#4682B4,0
12,13.5,3.39305,-0.683799,-0.867679,2.95407,0.0533499,-0.0215716,2.79895,0.233529,-1.32444,3.39305,-0.685564,-0.89051,1,All,#4682B4,0
12,14,3.27052,-0.478529,-0.68515,2.93563,0.0747697,0.0402062,2.7825,0.252629,-0.0270682,3.27052,-0.508148,-0.695276,1,All,#4682B4,0
12,14.5,3.14201,-0.357397,-0.822002,2.92572,0.0862792,-0.150839,2.77899,0.256708,-0.109821,3.14201,-0.403726,-0.827247,1,All,#4682B4,0
12,15,3.00946,0.198827,0.198827,2.91925,0.690823,0.690823,2.78181,0.85046,0.85046,3.00946,0.184601,0.184601,0,All,#4682B4,0
12,15.5,2.87221,-0.0349002,-0.212252,2.91402,0.0998653,-1.18352,2.78691,0.247509,-1.12541,2.87221,-0.0245131,-0.208202,1,All,#4682B4,0
12,16,2.72883,0.419699,0.419699,2.90598,0.773605,0.773605,2.79133,0.906774,0.906774,2.72883,0.364999,0.364999,0,All,#4682B4,0
12,16.5,2.58085,0.204448,-0.259057,2.89579,0.121045,-0.682753,2.79338,0.239997,-0.606758,2.58085,0.158909,-0.24368,1,All,#4682B4,0
12,17,2.42749,0.611081,0.611081,2.88279,0.671609,0.671609,2.79218,0.776856,0.776856,2.42749,0.527316,0.527316,0,All,#4682B4,0
12,17.5,2.26934,0.390557,-0.165594,2.86548,0.15625,-0.101889,2.78721,0.247161,-1.86858,2.26934,0.338014,-0.0936864,1,All,#4682B4,0
12,18,2.10734,0.50805,-0.170808,2.84562,0.179318,-0.906284,2.77846,0.257322,-0.059029,2.10734,0.454732,-0.12685,1,All,#4682B4,0
13,1,0,2.44432,2.44432,1.76115,1.5888,1.5888,1.82594,1.51354,1.51354,0,1.9481,1.9481,0,All,#4682B4,0
13,1.5,0,0.973224,-0.204895,3.44872,-0.521197,-1.85614,3.53302,-0.619113,-0.731569,0,1.04095,0.168321,1,All,#4682B4,0
13,2,1.13315,0.997282,0.997282,4.73967,0.621806,0.621806,4.829,0.518038,0.518038,1.13315,0.791142,0.791142,0,All,#4682B4,0
13,2.5,5.17628,0.176472,0.176472,5.75973,-1.50154,-1.50154,5.8456,-1.60129,-1.60129,5.17628,0.0572653,0.0572653,0,All,#4682B4,0
13,3,6.55594,0.545416,0.545416,6.57854,0.310667,0.310667,6.66147,0.214336,0.214336,6.55594,0.375878,0.375878,0,All,#4682B4,0
13,3.5,7.31124,0.41878,0.41878,7.2412,0.075263,0.075263,7.31485,-0.0102803,-0.0102803,7.31124,0.240287,0.240287,0,All,#4682B4,0
13,4,7.78192,0.680483,0.680483,7.74176,0.834251,0.834251,7.79907,0.767687,0.767687,7.78192,0.752394,0.752394,0,All,#4682B4,0
13,4.5,8.06042,0.580169,0.580169,8.01888,0.432227,0.432227,8.04774,0.398705,0.398705,8.06042,0.5688,0.5688,0,All,#4682B4,0
13,5,8.17397,1.0287,1.0287,8.00092,1.56931,1.56931,7.99526,1.5759,1.5759,8.17397,1.38812,1.38812,0,All,#4682B4,0
13,5.5,8.14817,0.133187,0.133187,7.71539,-0.0910492,-0.0910492,7.68558,-0.056422,-0.056422,8.14817,0.0448283,0.0448283,0,All,#4682B4,0
13,6,8.02638,0.016314,0.016314,7.2965,0.195718,0.195718,7.25143,0.248069,0.248069,8.02638,-0.0931251,-0.0931251,0,All,#4682B4,0
13,6.5,7.85068,0.296779,0.296779,6.87492,1.01991,1.01991,6.82784,1.0746,1.0746,7.85068,0.269328,0.269328,0,All,#4682B4,0
13,7,7.61964,-0.0510477,-0.0510477,6.52017,0.739691,0.739691,6.47301,0.794468,0.794468,7.61964,-0.112258,-0.112258,0,All,#4682B4,0
13,7.5,7.32787,-1.15165,-1.15165,6.25907,-0.873554,-0.873554,6.21604,-0.823565,-0.823565,7.32787,-1.27996,-1.27996,0,All,#4682B4,0
13,8,6.9719,-0.410208,-0.410208,6.09577,0.187279,0.187279,6.06027,0.228503,0.228503,6.9719,-0.496244,-0.496244,0,All,#4682B4,0
13,8.5,6.54779,-0.643924,-0.643924,6.02454,-0.429229,-0.429229,5.99754,-0.397872,-0.397872,6.54779,-0.680423,-0.680423,0,All,#4682B4,0
13,9,6.06088,-0.662935,-0.662935,6.03352,-0.743979,-0.743979,6.01441,-0.721786,-0.721786,6.06088,-0.697678,-0.697678,0,All,#4682B4,0
13,9.5,5.54,0.128352,0.128352,6.10806,0.197394,0.197394,6.0956,0.211859,0.211859,5.54,0.079418,0.079418,0,All,#4682B4,0
13,10,5.03544,-0.455213,-0.455213,6.23237,-1.1817,-1.1817,6.22503,-1.17318,-1.17318,5.03544,-0.476629,-0.476629,0,All,#4682B4,0
13,10.5,4.59957,0.292635,0.292635,6.39112,-0.446162,-0.446162,6.38766,-0.44215,-0.44215,4.59957,0.236215,0.236215,0,All,#4682B4,0
13,11,4.26052,0.820865,0.820865,6.56992,0.0198432,0.0198432,6.56964,0.0201584,0.0201584,4.26052,0.834358,0.834358,0,All,#4682B4,0
13,11.5,4.00395,1.57185,1.57185,6.70774,0.94695,0.94695,6.71288,0.940981,0.940981,4.00395,1.56926,1.56926,0,All,#4682B4,0
13,12,3.81222,1.4103,1.4103,6.70293,0.284654,0.284654,6.71259,0.27343,0.27343,3.81222,1.29943,1.29943,0,All,#4682B4,0
13,12.5,3.65668,1.17437,1.17437,6.56501,-0.188178,-0.188178,6.57701,-0.202116,-0.202116,3.65668,1.17761,1.17761,0,All,#4682B4,0
13,13,3.52072,1.58225,1.58225,6.30964,0.504523,0.504523,6.32863,0.482465,0.482465,3.52072,1.54026,1.54026,0,All,#4682B4,0
13,13.5,3.39305,0.786573,0.786573,5.95868,-0.78831,-0.78831,5.98352,-0.817163,-0.817163,3.39305,0.827455,0.827455,0,All,#4682B4,0
13,14,3.27052,1.69368,1.69368,5.53425,0.877828,0.877828,5.56591,0.841055,0.841055,3.27052,1.60606,1.60606,0,All,#4682B4,0
13,14.5,3.14201,0.229929,0.229929,5.05266,-1.30864,-1.30864,5.09044,-1.35253,-1.35253,3.14201,0.265514,0.265514,0,All,#4682B4,0
13,15,3.00946,-0.0923963,-0.0923963,4.52541,-1.55925,-1.55925,4.57143,-1.6127,-1.6127,3.00946,-0.134999,-0.134999,0,All,#4682B4,0
13,15.5,2.87221,0.66589,0.66589,3.96233,0.156421,0.156421,4.01679,0.0931692,0.0931692,2.87221,0.642867,0.642867,0,All,#4682B4,0
13,16,2.72883,0.039208,-0.809472,3.36779,-0.427194,-0.707633,3.43093,-0.500534,-1.45352,2.72883,0.0411115,-0.8596,1,All,#4682B4,0
13,16.5,2.58085,0.166274,-0.278333,2.74519,0.295968,-0.333264,2.81867,0.210622,-0.210815,2.58085,0.1205,-0.315584,1,All,#4682B4,0
13,17,2.42749,0.468334,0.468334,2.09872,1.47314,1.47314,2.18353,1.37464,1.37464,2.42749,0.470378,0.470378,0,All,#4682B4,0
13,17.5,2.26934,0.396552,-0.517599,1.43087,1.82259,0.21453,1.52578,1.71235,0.659651,2.26934,0.374891,-0.48417,1,All,#4682B4,0
13,18,2.10734,0.4707,-0.435465,0.742954,2.62162,0.932228,0.848941,2.49852,0.986866,2.10734,0.487082,-0.398839,1,All,#4682B4,0
13,18.5,1.94173,0.532648,-0.0772621,0.0372669,3.4413,0.622075,0.155042,3.3045,0.375828,1.94173,0.498473,-0.0417901,1,All,#4682B4,0
14,1,0,2.73503,1.41467,0,3.48459,0.148913,0,3.48459,0.849041,0,2.11227,1.49085,1,All,#4682B4,0
14,1.5,0,1.01177,0.0266882,0,3.48459,1.17561,0,3.48459,1.56423,0,0.955124,0.413589,1,All,#4682B4,0
14,2,1.13315,0.982697,0.982697,5.16973,0.118787,0.118787,4.79843,0.550066,0.550066,1.13315,0.768979,0.768979,0,All,#4682B4,0
14,2.5,5.17628,1.20553,1.20553,7.38134,0.327153,0.327153,7.31096,0.408899,0.408899,5.17628,1.13307,1.13307,0,All,#4682B4,0
14,3,6.55594,1.04813,1.04813,8.27582,0.166304,0.166304,8.26977,0.173338,0.173338,6.55594,1.19046,1.19046,0,All,#4682B4,0
14,3.5,7.31124,1.39999,1.39999,8.71165,1.33036,1.33036,8.73754,1.30029,1.30029,7.31124,2.11714,2.11714,0,All,#4682B4,0
14,4,7.78192,0.829035,0.829035,8.83313,0.00682397,0.00682397,8.88093,-0.0487025,-0.0487025,7.78192,1.05996,1.05996,0,All,#4682B4,0
14,4.5,8.06042,0.971461,0.971461,8.72379,0.768014,0.768014,8.7847,0.69726,0.69726,8.06042,1.27378,1.27378,0,All,#4682B4,0
14,5,8.17397,0.698339,0.698339,8.48247,0.380432,0.380432,8.55569,0.295393,0.295393,8.17397,0.837676,0.837676,0,All,#4682B4,0
14,5.5,8.14817,-0.774034,-0.774034,8.15516,-2.27911,-2.27911,8.24406,-2.38236,-2.38236,8.14817,-1.04876,-1.04876,0,All,#4682B4,0
14,6,8.02638,0.83805,0.83805,7.74801,1.0082,1.0082,7.85579,0.883009,0.883009,8.02638,0.997917,0.997917,0,All,#4682B4,0
14,6.5,7.85068,-1.00037,-1.00037,7.25421,-1.42893,-1.42893,7.38346,-1.57905,-1.57905,7.85068,-1.15416,-1.15416,0,All,#4682B4,0
14,7,7.61964,0.213798,0.213798,6.67052,0.94953,0.94953,6.82143,0.774243,0.774243,7.61964,0.141705,0.141705,0,All,#4682B4,0
14,7.5,7.32787,-0.481339,-0.481339,6.0205,0.374594,0.374594,6.18716,0.181018,0.181018,7.32787,-0.527291,-0.527291,0,All,#4682B4,0
14,8,6.9719,-0.49181,-0.49181,5.39048,0.792763,0.792763,5.54786,0.60997,0.60997,6.9719,-0.559502,-0.559502,0,All,#4682B4,0
14,8.5,6.54779,-0.568557,-0.568557,4.91604,0.95241,0.95241,5.03796,0.810788,0.810788,6.54779,-0.621317,-0.621317,0,All,#4682B4,0
14,9,6.06088,-0.602968,-0.602968,4.61878,0.953866,0.953866,4.70928,0.848752,0.848752,6.06088,-0.723076,-0.723076,0,All,#4682B4,0
14,9.5,5.54,-0.923931,-0.923931,4.446,0.285742,0.285742,4.5165,0.203849,0.203849,5.54,-0.961317,-0.961317,0,All,#4682B4,0
14,10,5.03544,-0.901055,-0.901055,4.34522,0.0822074,0.0822074,4.4039,0.0140498,0.0140498,5.03544,-0.967963,-0.967963,0,All,#4682B4,0
14,10.5,4.59957,-0.900449,-0.900449,4.27707,-0.0895187,-0.0895187,4.33219,-0.153537,-0.153537,4.59957,-0.891118,-0.891118,0,All,#4682B4,0
14,11,4.26052,-1.16269,-1.16269,4.22216,-0.870174,-0.870174,4.27401,-0.930392,-0.930392,4.26052,-1.13543,-1.13543,0,All,#4682B4,0
14,11.5,4.00395,-0.371407,-0.371407,4.16348,0.311892,0.311892,4.21585,0.251059,0.251059,4.00395,-0.388749,-0.388749,0,All,#4682B4,0
14,12,3.81222,-0.519946,-0.519946,4.09718,-0.141916,-0.141916,4.15045,-0.203792,-0.203792,3.81222,-0.462026,-0.462026,0,All,#4682B4,0
14,12.5,3.65668,0.14884,0.14884,4.02241,0.842793,0.842793,4.07558,0.78104,0.78104,3.65668,0.208489,0.208489,0,All,#4682B4,0
14,13,3.52072,0.943445,0.943445,3.93606,1.94665,1.94665,3.99043,1.8835,1.8835,3.52072,0.951548,0.951548,0,All,#4682B4,0
14,13.5,3.39305,0.268471,0.268471,3.84222,0.585153,0.585153,3.89608,0.5226,0.5226,3.39305,0.271109,0.271109,0,All,#4682B4,0
14,14,3.27052,1.05168,1.05168,3.73994,1.8318,1.8318,3.79426,1.76871,1.76871,3.27052,1.05741,1.05741,0,All,#4682B4,0
14,14.5,3.14201,-0.253646,-1.2574,3.6305,-0.732345,-0.884963,3.68439,-0.794937,-1.66897,3.14201,-0.226769,-1.2793,1,All,#4682B4,0
14,15,3.00946,-0.13169,-0.821121,3.51509,-0.598289,-1.19075,3.5689,-0.660796,-0.782408,3.00946,-0.0792617,-0.901041,1,All,#4682B4,0
14,15.5,2.87221,-0.0289749,-0.390243,3.39423,-0.457907,-2.14218,3.4473,-0.519553,-0.671342,2.87221,-0.0917237,-0.464062,1,All,#4682B4,0
14,16,2.72883,0.94257,0.94257,3.26888,1.25691,1.25691,3.32142,1.19588,1.19588,2.72883,1.01809,1.01809,0,All,#4682B4,0
14,16.5,2.58085,0.267687,-0.534211,3.13876,-0.161178,-0.537881,3.19069,-0.221487,-0.782212,2.58085,0.271134,-0.621968,1,All,#4682B4,0
14,17,2.42749,0.341618,0.0730969,3.00561,-0.00651118,-0.793121,3.05658,-0.065717,-1.03219,2.42749,0.412404,0.0956726,1,All,#4682B4,0
14,17.5,2.26934,0.46464,-0.397984,2.8694,0.151699,0.108711,2.91905,0.094021,-1.90486,2.26934,0.462671,-0.416961,1,All,#4682B4,0
15,1,0,2.36603,1.00854,0,3.48459,0.849041,0,3.48459,0.812327,0,1.84587,1.24415,1,All,#4682B4,0
15,1.5,0,1.04074,-0.323626,0,3.48459,1.56423,0,3.48459,1.18683,0,0.99446,-0.0282268,1,All,#4682B4,0
15,2,1.13315,0.210035,-0.631268,0.650776,2.72869,-0.488378,0.602386,2.7849,-0.154764,1.13315,0.265644,-0.311855,1,All,#4682B4,0
15,2.5,5.17628,-0.316551,-0.366902,3.15014,-0.174395,-0.326207,3.02987,-0.0346896,-0.110342,5.17628,-0.283054,-0.301803,1,All,#4682B4,0
15,3,6.55594,-0.348057,-0.348057,4.72814,-0.620418,-0.620418,4.58956,-0.459456,-0.459456,6.55594,-0.567464,-0.567464,0,All,#4682B4,0
15,3.5,7.31124,0.1556,0.1556,5.87123,0.831382,0.831382,5.74848,0.973964,0.973964,7.31124,-0.178968,-0.178968,0,All,#4682B4,0
15,4,7.78192,-0.159475,-0.159475,6.73318,-0.345184,-0.345184,6.63719,-0.233691,-0.233691,7.78192,-0.506923,-0.506923,0,All,#4682B4,0
15,4.5,8.06042,-0.209642,-0.209642,7.38505,-0.866558,-0.866558,7.32475,-0.796518,-0.796518,8.06042,-0.595934,-0.595934,0,All,#4682B4,0
15,5,8.17397,0.290901,0.290901,7.83779,0.0687765,0.0687765,7.81883,0.0908015,0.0908015,8.17397,0.199584,0.199584,0,All,#4682B4,0
15,5.5,8.14817,0.536068,0.536068,8.04457,0.352446,0.352446,8.06259,0.331511,0.331511,8.14817,0.533719,0.533719,0,All,#4682B4,0
15,6,8.02638,0.605159,0.605159,7.96919,0.495747,0.495747,7.99989,0.460094,0.460094,8.02638,0.676467,0.676467,0,All,#4682B4,0
15,6.5,7.85068,0.614651,0.614651,7.66916,0.584065,0.584065,7.68897,0.561049,0.561049,7.85068,0.688922,0.688922,0,All,#4682B4,0
15,7,7.61964,0.293977,0.293977,7.27183,0.284778,0.284778,7.26646,0.291009,0.291009,7.61964,0.20311,0.20311,0,All,#4682B4,0
15,7.5,7.32787,-0.540914,-0.540914,6.89941,-0.825162,-0.825162,6.86996,-0.790957,-0.790957,7.32787,-0.695397,-0.695397,0,All,#4682B4,0
15,8,6.9719,-0.759452,-0.759452,6.6036,-1.06349,-1.06349,6.55131,-1.00276,-1.00276,6.9719,-0.834957,-0.834957,0,All,#4682B4,0
15,8.5,6.54779,-0.378744,-0.378744,6.40453,-0.516336,-0.516336,6.33227,-0.432398,-0.432398,6.54779,-0.451587,-0.451587,0,All,#4682B4,0
15,9,6.06088,0.45797,0.45797,6.30208,0.764199,0.764199,6.21412,0.86636,0.86636,6.06088,0.433849,0.433849,0,All,#4682B4,0
15,9.5,5.54,0.144914,0.144914,6.28221,-0.0118605,-0.0118605,6.18648,0.0993309,0.0993309,5.54,0.139617,0.139617,0,All,#4682B4,0
15,10,5.03544,0.867337,0.867337,6.33092,0.907246,0.907246,6.2329,1.02109,1.02109,5.03544,0.876927,0.876927,0,All,#4682B4,0
15,10.5,4.59957,0.456249,0.456249,6.43023,-0.119903,-0.119903,6.33536,-0.00970473,-0.00970473,4.59957,0.43251,0.43251,0,All,#4682B4,0
15,11,4.26052,0.742211,0.742211,6.56316,0.0160746,0.0160746,6.47609,0.117205,0.117205,4.26052,0.708463,0.708463,0,All,#4682B4,0
15,11.5,4.00395,1.38487,1.38487,6.64789,0.728404,0.728404,6.60569,0.777419,0.777419,4.00395,1.3379,1.3379,0,All,#4682B4,0
15,12,3.81222,2.16433,2.16433,6.39792,2.20003,2.20003,6.42694,2.16632,2.16632,3.81222,2.10216,2.10216,0,All,#4682B4,0
15,12.5,3.65668,0.688575,0.688575,5.90039,-0.142159,-0.142159,5.98344,-0.238626,-0.238626,3.65668,0.686134,0.686134,0,All,#4682B4,0
15,13,3.52072,0.467399,0.467399,5.23653,-0.222465,-0.222465,5.36011,-0.366005,-0.366005,3.52072,0.490323,0.490323,0,All,#4682B4,0
15,13.5,3.39305,0.0844645,0.0844645,4.46017,-0.298713,-0.298713,4.61153,-0.474525,-0.474525,3.39305,0.10225,0.10225,0,All,#4682B4,0
15,14,3.27052,-0.0908947,-0.0908947,3.60265,0.101464,0.101464,3.77479,-0.0984824,-0.0984824,3.27052,-0.0988857,-0.0988857,0,All,#4682B4,0
15,14.5,3.14201,-0.373535,-0.80707,2.68501,0.365869,-0.189013,2.87371,0.146694,0.111135,3.14201,-0.427755,-0.942939,1,All,#4682B4,0
15,15,3.00946,-0.18479,-0.217872,1.72027,1.48645,0.388174,1.92348,1.25041,-0.334587,3.00946,-0.165393,-0.215948,1,All,#4682B4,0
16,1,0,2.36159,-0.0724979,0,3.48459,0.812327,0,3.48459,1.44521,0,1.90955,-0.035855,1,All,#4682B4,0
16,1.5,0,1.01316,0.0397452,0,3.48459,1.18683,0,3.48459,0.2931,0,1.06944,0.441257,1,All,#4682B4,0
16,2,1.13315,0.220651,-0.466838,2.39949,0.697512,0.154405,2.08687,1.06063,-0.442137,1.13315,0.351499,-0.0960195,1,All,#4682B4,0
16,2.5,5.17628,0.366006,0.366006,3.99717,1.2136,1.2136,3.78536,1.45962,1.45962,5.17628,0.207818,0.207818,0,All,#4682B4,0
16,3,6.55594,-0.648551,-0.697846,5.01528,-2.34081,-3.78506,4.85907,-2.15936,-2.84282,6.55594,-0.671216,-0.673087,1,All,#4682B4,0
16,3.5,7.31124,0.174432,0.174432,5.74504,0.921048,0.921048,5.6211,1.065,1.065,7.31124,-0.152519,-0.152519,0,All,#4682B4,0
16,4,7.78192,-0.323444,-0.323444,6.29535,-0.384872,-0.384872,6.19741,-0.271109,-0.271109,7.78192,-0.629247,-0.629247,0,All,#4682B4,0
16,4.5,8.06042,-0.149523,-0.149523,6.72241,0.131943,0.131943,6.64626,0.220384,0.220384,8.06042,-0.479196,-0.479196,0,All,#4682B4,0
16,5,8.17397,-0.516582,-0.516582,7.04887,-0.764134,-0.764134,6.99319,-0.699459,-0.699459,8.17397,-0.862156,-0.862156,0,All,#4682B4,0
16,5.5,8.14817,-0.471962,-0.471962,7.2759,-0.751397,-0.751397,7.24121,-0.711095,-0.711095,8.14817,-0.780853,-0.780853,0,All,#4682B4,0
16,6,8.02638,0.392626,0.392626,7.40172,0.782039,0.782039,7.3873,0.798781,0.798781,8.02638,0.325773,0.325773,0,All,#4682B4,0
16,6.5,7.85068,0.0886221,0.0886221,7.4355,-0.0772442,-0.0772442,7.43787,-0.0799899,-0.0799899,7.85068,-0.010806,-0.010806,0,All,#4682B4,0
16,7,7.61964,0.735228,0.735228,7.40314,0.942993,0.942993,7.41766,0.926139,0.926139,7.61964,0.817158,0.817158,0,All,#4682B4,0
16,7.5,7.32787,0.512447,0.512447,7.33362,0.384905,0.384905,7.35612,0.358768,0.358768,7.32787,0.466709,0.466709,0,All,#4682B4,0
16,8,6.9719,0.860666,0.860666,7.24499,0.814243,0.814243,7.27399,0.780554,0.780554,6.9719,0.975034,0.975034,0,All,#4682B4,0
16,8.5,6.54779,0.463607,0.463607,7.14514,0.0823091,0.0823091,7.18079,0.0408948,0.0408948,6.54779,0.509279,0.509279,0,All,#4682B4,0
16,9,6.06088,0.852789,0.852789,7.03671,0.584587,0.584587,7.07978,0.534556,0.534556,6.06088,0.874545,0.874545,0,All,#4682B4,0
16,9.5,5.54,0.160548,0.160548,6.92028,-0.793651,-0.793651,6.97178,-0.853464,-0.853464,5.54,0.107323,0.107323,0,All,#4682B4,0
16,10,5.03544,0.763568,0.763568,6.79576,0.209359,0.209359,6.8568,0.138453,0.138453,5.03544,0.760202,0.760202,0,All,#4682B4,0
16,10.5,4.59957,0.904257,0.904257,6.66285,0.309143,0.309143,6.73466,0.225734,0.225734,4.59957,0.919058,0.919058,0,All,#4682B4,0
16,11,4.26052,1.42706,1.42706,6.52127,1.19142,1.19142,6.60511,1.09403,1.09403,4.26052,1.40335,1.40335,0,All,#4682B4,0
16,11.5,4.00395,1.09633,1.09633,6.37078,0.614704,0.614704,6.46797,0.501816,0.501816,4.00395,1.07447,1.07447,0,All,#4682B4,0
16,12,3.81222,1.20387,1.20387,6.21126,0.534,0.534,6.32311,0.404087,0.404087,3.81222,1.17093,1.17093,0,All,#4682B4,0
16,12.5,3.65668,1.41388,1.41388,6.04276,0.999191,0.999191,6.17045,0.850875,0.850875,3.65668,1.43027,1.43027,0,All,#4682B4,0
16,13,3.52072,0.384246,0.384246,5.8655,-1.19579,-1.19579,6.01027,-1.36394,-1.36394,3.52072,0.441222,0.441222,0,All,#4682B4,0
16,13.5,3.39305,1.24116,1.24116,5.67997,0.369404,0.369404,5.84285,0.180215,0.180215,3.39305,1.25357,1.25357,0,All,#4682B4,0
16,14,3.27052,0.758452,0.758452,5.48729,-0.714677,-0.714677,5.66838,-0.925016,-0.925016,3.27052,0.859811,0.859811,0,All,#4682B4,0
16,14.5,3.14201,1.95242,1.95242,5.2881,1.67829,1.67829,5.48807,1.44602,1.44602,3.14201,1.91346,1.91346,0,All,#4682B4,0
16,15,3.00946,0.666538,0.666538,5.08523,-0.927171,-0.927171,5.30348,-1.18067,-1.18067,3.00946,0.778302,0.778302,0,All,#4682B4,0
16,15.5,2.87221,0.704647,0.704647,4.88051,-0.870575,-0.870575,5.11583,-1.14391,-1.14391,2.87221,0.775374,0.775374,0,All,#4682B4,0
16,16,2.72883,0.955828,0.955828,4.67567,-0.324843,-0.324843,4.92383,-0.613087,-0.613087,2.72883,1.00867,1.00867,0,All,#4682B4,0
16,16.5,2.58085,1.09551,1.09551,4.47432,0.0739642,0.0739642,4.73829,-0.232639,-0.232639,2.58085,1.14321,1.14321,0,All,#4682B4,0
16,17,2.42749,1.47799,1.47799,4.27938,0.897417,0.897417,4.55019,0.582872,0.582872,2.42749,1.52304,1.52304,0,All,#4682B4,0
17,1,0,2.65708,0.578302,0,3.48459,1.44521,0,3.48459,1.05608,0,1.91492,0.835132,1,All,#4682B4,0
17,1.5,0,1.02875,0.204438,0,3.48459,0.2931,0,3.48459,0.043617,0,1.01595,0.586425,1,All,#4682B4,0
17,2,1.13315,0.226912,-0.65241,0,3.48459,0.478101,0,3.48459,0.111698,1.13315,0.304238,-0.30461,1,All,#4682B4,0
17,2.5,5.17628,-0.307071,-0.323625,0,3.48459,0.751976,0,3.48459,0.832264,5.17628,-0.266211,-0.2648,1,All,#4682B4,0
17,3,6.55594,-0.48844,-0.48844,3.86259,-0.113348,-0.113348,3.38904,0.436694,0.436694,6.55594,-0.598822,-0.598822,0,All,#4682B4,0
17,3.5,7.31124,-0.246279,-0.246279,5.83099,-0.311281,-0.311281,5.56637,-0.00391314,-0.00391314,7.31124,-0.503928,-0.503928,0,All,#4682B4,0
17,4,7.78192,-0.283893,-0.283893,6.8166,-0.72781,-0.72781,6.62105,-0.500679,-0.500679,7.78192,-0.626316,-0.626316,0,All,#4682B4,0
17,4.5,8.06042,-0.333213,-0.333213,7.42506,-0.995498,-0.995498,7.26918,-0.814445,-0.814445,8.06042,-0.644485,-0.644485,0,All,#4682B4,0
17,5,8.17397,-0.120029,-0.120029,7.82395,-0.685246,-0.685246,7.69886,-0.539952,-0.539952,8.17397,-0.380252,-0.380252,0,All,#4682B4,0
17,5.5,8.14817,0.274568,0.274568,8.05907,-0.0813868,-0.0813868,7.96884,0.0234163,0.0234163,8.14817,0.180172,0.180172,0,All,#4682B4,0
17,6,8.02638,0.00130931,0.00130931,8.13203,-0.755034,-0.755034,8.08339,-0.698529,-0.698529,8.02638,-0.0867884,-0.0867884,0,All,#4682B4,0
17,6.5,7.85068,0.99638,0.99638,8.05759,0.854203,0.854203,8.05402,0.85835,0.85835,7.85068,1.15323,1.15323,0,All,#4682B4,0
17,7,7.61964,1.93858,1.93858,7.8678,2.28613,2.28613,7.91097,2.23598,2.23598,7.61964,2.22646,2.22646,0,All,#4682B4,0
17,7.5,7.32787,1.29112,1.29112,7.58857,1.51746,1.51746,7.68288,1.40792,1.40792,7.32787,1.48414,1.48414,0,All,#4682B4,0
17,8,6.9719,1.20902,1.20902,7.23073,1.49636,1.49636,7.38515,1.317,1.317,6.9719,1.31784,1.31784,0,All,#4682B4,0
17,8.5,6.54779,0.500748,0.500748,6.79438,0.558259,0.558259,7.0213,0.294685,0.294685,6.54779,0.495683,0.495683,0,All,#4682B4,0
17,9,6.06088,0.102215,0.102215,6.27804,0.135856,0.135856,6.58943,-0.225838,-0.225838,6.06088,0.0121651,0.0121651,0,All,#4682B4,0
17,9.5,5.54,-0.0611107,-0.0611107,5.68839,0.278312,0.278312,6.08939,-0.187454,-0.187454,5.54,-0.161364,-0.161364,0,All,#4682B4,0
17,10,5.03544,-0.516396,-0.516396,5.0595,-0.141124,-0.141124,5.52985,-0.687445,-0.687445,5.03544,-0.551183,-0.551183,0,All,#4682B4,0
17,10.5,4.59957,0.252033,0.252033,4.46139,1.66286,1.66286,4.94762,1.09809,1.09809,4.59957,0.184759,0.184759,0,All,#4682B4,0
17,11,4.26052,-0.663063,-0.663063,3.96908,0.166007,0.166007,4.40833,-0.344195,-0.344195,4.26052,-0.735049,-0.735049,0,All,#4682B4,0
17,11.5,4.00395,-0.281466,-0.281466,3.59044,1.09132,1.09132,3.97241,0.647653,0.647653,4.00395,-0.305011,-0.305011,0,All,#4682B4,0
17,12,3.81222,-0.568748,-0.568748,3.31239,0.595413,0.595413,3.63655,0.218892,0.218892,3.81222,-0.569038,-0.569038,0,All,#4682B4,0
17,12.5,3.65668,-0.856696,-0.929652,3.10674,-0.123982,-0.268323,3.38807,-0.45076,-1.07622,3.65668,-0.92492,-0.979679,1,All,#4682B4,0
17,13,3.52072,-0.760797,-1.01812,2.94857,0.0597406,-0.181417,3.20085,-0.233297,-1.10955,3.52072,-0.809591,-1.06595,1,All,#4682B4,0
17,13.5,3.39305,-0.559723,-1.0074,2.81604,0.213672,-0.0645479,3.05618,-0.0652591,-0.557347,3.39305,-0.607144,-1.02963,1,All,#4682B4,0
17,14,3.27052,-0.401202,-1.34333,2.69656,0.352454,-0.919176,2.93462,0.0759446,-1.10107,3.27052,-0.416478,-1.37285,1,All,#4682B4,0
17,14.5,3.14201,0.623267,0.623267,2.58128,2.1334,2.1334,2.82564,1.84957,1.84957,3.14201,0.646169,0.646169,0,All,#4682B4,0
17,15,3.00946,-0.0126139,-0.0126139,2.46552,0.747423,0.747423,2.71883,0.453193,0.453193,3.00946,-0.102756,-0.102756,0,All,#4682B4,0
17,15.5,2.87221,0.0577034,-0.577253,2.34528,0.760472,0.418331,2.61028,0.452669,-0.684507,2.87221,0.0676817,-0.712493,1,All,#4682B4,0
18,1,0,2.49966,0.482681,0,3.48459,1.05608,0,3.48459,0.762601,0,1.95308,0.678991,1,All,#4682B4,0
18,1.5,0,0.912719,-0.0071228,0,3.48459,0.043617,0,3.48459,0.627486,0,0.971436,0.42803,1,All,#4682B4,0
18,2,1.13315,0.162626,-0.53596,0,3.48459,0.111698,0,3.48459,1.06437,1.13315,0.235034,-0.176097,1,All,#4682B4,0
18,2.5,5.17628,-0.330196,-0.689009,0,3.48459,0.832264,0,3.48459,0.670927,5.17628,-0.331181,-0.489917,1,All,#4682B4,0
18,3,6.55594,-0.302669,-0.302669,5.78602,-1.44961,-1.44961,5.43472,-1.04156,-1.04156,6.55594,-0.52001,-0.52001,0,All,#4682B4,0
18,3.5,7.31124,0.333993,0.333993,7.29064,-0.036749,-0.036749,7.14944,0.127256,0.127256,7.31124,0.109477,0.109477,0,All,#4682B4,0
18,4,7.78192,0.0987298,0.0987298,7.95728,-0.891215,-0.891215,7.87519,-0.79587,-0.79587,7.78192,-0.155592,-0.155592,0,All,#4682B4,0
18,4.5,8.06042,0.456418,0.456418,8.32653,-0.090055,-0.090055,8.27813,-0.033835,-0.033835,8.06042,0.492425,0.492425,0,All,#4682B4,0
18,5,8.17397,0.691031,0.691031,8.49246,0.281715,0.281715,8.48064,0.295451,0.295451,8.17397,0.793033,0.793033,0,All,#4682B4,0
18,5.5,8.14817,0.592831,0.592831,8.47888,-0.0370315,-0.0370315,8.51704,-0.081348,-0.081348,8.14817,0.64227,0.64227,0,All,#4682B4,0
18,6,8.02638,1.51011,1.51011,8.2896,1.45353,1.45353,8.39796,1.32767,1.32767,8.02638,1.68414,1.68414,0,All,#4682B4,0
18,6.5,7.85068,1.05852,1.05852,7.92174,0.980632,0.980632,8.12048,0.749792,0.749792,7.85068,1.21843,1.21843,0,All,#4682B4,0
18,7,7.61964,1.21259,1.21259,7.37427,1.53523,1.53523,7.67408,1.18699,1.18699,7.61964,1.25213,1.25213,0,All,#4682B4,0
18,7.5,7.32787,-0.321703,-0.321703,6.66709,-0.0848977,-0.0848977,7.05913,-0.540257,-0.540257,7.32787,-0.411409,-0.411409,0,All,#4682B4,0
18,8,6.9719,-0.367389,-0.367389,5.92016,0.453974,0.453974,6.32598,-0.0174046,-0.0174046,6.9719,-0.384285,-0.384285,0,All,#4682B4,0
18,8.5,6.54779,-0.858153,-0.858153,5.26514,0.0532635,0.0532635,5.61338,-0.351218,-0.351218,6.54779,-0.917859,-0.917859,0,All,#4682B4,0
18,9,6.06088,-0.145006,-0.145006,4.73946,1.5141,1.5141,5.02606,1.18121,1.18121,6.06088,-0.204065,-0.204065,0,All,#4682B4,0
18,9.5,5.54,-0.636254,-0.636254,4.32242,0.771929,0.771929,4.55965,0.496385,0.496385,5.54,-0.627726,-0.627726,0,All,#4682B4,0
18,10,5.03544,-0.624318,-0.624318,3.98535,0.825445,0.825445,4.19269,0.584604,0.584604,5.03544,-0.59288,-0.59288,0,All,#4682B4,0
18,10.5,4.59957,-0.65395,-0.65395,3.70118,1.01961,1.01961,3.89461,0.794941,0.794941,4.59957,-0.64017,-0.64017,0,All,#4682B4,0
18,11,4.26052,-0.991767,-0.991767,3.44885,0.348634,0.348634,3.64055,0.125971,0.125971,4.26052,-0.92981,-0.92981,0,All,#4682B4,0
18,11.5,4.00395,-0.536738,-0.536738,3.21259,1.21892,1.21892,3.41069,0.988816,0.988816,4.00395,-0.498585,-0.498585,0,All,#4682B4,0
18,12,3.81222,-1.00929,-1.00929,2.98542,0.37236,0.37236,3.19199,0.132424,0.132424,3.81222,-1.01928,-1.01928,0,All,#4682B4,0
18,12.5,3.65668,-1.00275,-1.03244,2.76189,0.276571,-0.749459,2.97919,0.0241721,-0.201139,3.65668,-1.03246,-1.07572,1,All,#4682B4,0
18,13,3.52072,-0.823488,-1.39858,2.53931,0.535102,-0.930446,2.76803,0.269438,-0.340354,3.52072,-0.859978,-1.46523,1,All,#4682B4,0
18,13.5,3.39305,-0.661723,-0.823912,2.31624,0.794212,-0.481166,2.55577,0.515991,-1.06726,3.39305,-0.689748,-0.950173,1,All,#4682B4,0
18,14,3.27052,-0.514606,-1.65,2.09205,1.05461,-0.993035,2.34372,0.76229,0.0892476,3.27052,-0.535407,-1.68597,1,All,#4682B4,0
18,14.5,3.14201,-0.301223,-0.487706,1.8662,1.31694,-0.618362,2.12967,1.01091,0.932203,3.14201,-0.347989,-0.579934,1,All,#4682B4,0
18,15,3.00946,-0.157929,-0.63994,1.63876,1.58112,-1.69501,1.91333,1.26219,-1.93063,3.00946,-0.206867,-0.658475,1,All,#4682B4,0
