ID,time,prediction_pwRes,pwRes,pwRes_simBlq,prediction_iwRes_mean,iwRes_mean,iwRes_mean_simBlq,prediction_iwRes_mode,iwRes_mode,iwRes_mode_simBlq,prediction_npde,npde,npde_simBlq,censored,split,color,filter
7,1,0,125.903,-0.0447214,0,5.71957e+15,1.2505,0,5.71957e+15,0,0,2.86548,0.510392,1,All,#4682B4,0
7,1.5,0,3.80796,-0.203901,0,5.71957e+15,0,0,5.71957e+15,1.77857,0,2.08946,0.315095,1,All,#4682B4,0
7,2,0,1.30989,-0.419826,0,5.71957e+15,0,0,5.71957e+15,0,0,1.29247,0.417675,1,All,#4682B4,0
7,2.5,0.828232,0.475934,0.154086,0,5.71957e+15,0,0,5.71957e+15,0,0.828232,0.659785,0.424771,1,All,#4682B4,0
7,3,1.6665,-0.0229953,-0.591964,0,5.71957e+15,0,0,5.71957e+15,0,1.6665,0.14271,-0.271613,1,All,#4682B4,0
7,3.5,2.12541,-0.317655,-0.417887,0,5.71957e+15,0,0,5.71957e+15,0,2.12541,-0.209669,-0.293563,1,All,#4682B4,0
7,4,2.41139,-0.534071,-1.31689,0.54023,3.34807,0.420382,0.288658,8.42603,-0.619413,2.41139,-0.426247,-1.1063,1,All,#4682B4,0
7,4.5,2.5806,-0.648443,-1.1626,1.18557,0.176501,0.00824467,0.994418,0.68686,-0.00144817,2.5806,-0.640495,-1.08717,1,All,#4682B4,0
7,5,2.64959,-0.796565,-1.04558,1.67295,-0.596968,-0.603457,1.52472,-0.414054,-1.16848,2.64959,-0.77169,-0.992632,1,All,#4682B4,0
7,5.5,2.63392,0.322314,0.322314,2.05037,0.857798,0.857798,1.93728,1.05255,1.05255,2.63392,0.38289,0.38289,0,All,#4682B4,0
7,6,2.55992,1.07342,1.07342,2.3422,1.40506,1.40506,2.26066,1.54513,1.54513,2.55992,1.02975,1.02975,0,All,#4682B4,0
7,6.5,2.45317,0.499602,0.499602,2.55503,0.315237,0.315237,2.50229,0.374115,0.374115,2.45317,0.498904,0.498904,0,All,#4682B4,0
7,7,2.31279,-0.0467834,-0.0467834,2.67873,-0.461445,-0.461445,2.65609,-0.444256,-0.444256,2.31279,0.0632286,0.0632286,0,All,#4682B4,0
7,7.5,2.13551,1.42149,1.42149,2.70782,0.880686,0.880686,2.71465,0.872233,0.872233,2.13551,1.31769,1.31769,0,All,#4682B4,0
7,8,1.91923,0.12592,0.12592,2.65197,-0.497169,-0.497169,2.68502,-0.52156,-0.52156,1.91923,0.298735,0.298735,0,All,#4682B4,0
7,8.5,1.66154,0.065249,0.065249,2.52951,-0.636411,-0.636411,2.59041,-0.679718,-0.679718,1.66154,0.216927,0.216927,0,All,#4682B4,0
7,9,1.36571,-0.35398,-1.23663,2.33607,-1.13106,-1.97467,2.44211,-1.18957,-1.41188,1.36571,-0.220676,-1.35168,1,All,#4682B4,0
7,9.5,1.04922,1.70536,1.70536,2.07625,1.3534,1.3534,2.24057,1.07236,1.07236,1.04922,1.51268,1.51268,0,All,#4682B4,0
7,10,0.74266,0.726618,0.726618,1.75178,0.549263,0.549263,1.98915,0.187958,0.187958,0.74266,0.886473,0.886473,0,All,#4682B4,0
7,10.5,0.47783,0.421925,0.421925,1.36341,0.557331,0.557331,1.68719,-0.0252455,-0.0252455,0.47783,0.564301,0.564301,0,All,#4682B4,0
7,11,0.271827,0.180304,-0.882734,0.917028,0.953989,-0.44638,1.33387,-0.118684,-1.0663,0.271827,0.345045,-0.825671,1,All,#4682B4,0
7,11.5,0.115939,0.399856,-0.956106,0.429968,4.84223,-1.31716,0.933798,0.892347,0.869174,0.115939,0.552936,-0.90851,1,All,#4682B4,0
7,12,0,0.438732,-0.935875,0,5.71957e+15,0,0.50192,3.79279,1.73635,0,0.648243,-0.971278,1,All,#4682B4,0
7,12.5,0,0.722382,-0.81898,0,5.71957e+15,1.28638,0.0536072,56.2389,-1.00619,0,0.942028,-1.06363,1,All,#4682B4,0
7,13,0,0.934062,-0.749581,0,5.71957e+15,1.32312,0,5.71957e+15,0,0,1.03741,-0.501731,1,All,#4682B4,0
7,13.5,0,0.947566,-0.643363,0,5.71957e+15,0,0,5.71957e+15,1.6389,0,1.08808,-0.249885,1,All,#4682B4,0
7,14,0,1.01458,-0.58057,0,5.71957e+15,0,0,5.71957e+15,0,0,1.14047,-0.352638,1,All,#4682B4,0
7,14.5,0,1.21145,-0.537874,0,5.71957e+15,1.16648,0,5.71957e+15,0,0,1.21597,-0.365044,1,All,#4682B4,0
7,15,0,1.29022,-0.53817,0,5.71957e+15,0,0,5.71957e+15,1.35312,0,1.23473,-0.191457,1,All,#4682B4,0
7,15.5,0,1.37687,-0.479793,0,5.71957e+15,0,0,5.71957e+15,0,0,1.3252,0.204935,1,All,#4682B4,0
7,16,0,1.4187,-0.472367,0,5.71957e+15,0,0,5.71957e+15,1.33023,0,1.36848,0.00753334,1,All,#4682B4,0
8,1,0,15.1699,-0.0447214,0,5.71957e+15,0,0,5.71957e+15,0,0,2.64291,1.46609,1,All,#4682B4,0
8,1.5,0,3.71251,-0.212053,0,5.71957e+15,1.77857,0,5.71957e+15,0,0,2.02035,0.819091,1,All,#4682B4,0
8,2,0,1.03463,-0.455939,0,5.71957e+15,0,0,5.71957e+15,0,0,1.17706,-0.0822611,1,All,#4682B4,0
8,2.5,0.828232,0.443136,-0.235341,0.0509159,59.3426,-0.388498,0.0041995,747.057,-2.10201,0.828232,0.564152,0.202312,1,All,#4682B4,0
8,3,1.6665,0.474094,0.474094,1.8456,0.0193403,0.0193403,1.80071,0.0816063,0.0816063,1.6665,0.504017,0.504017,0,All,#4682B4,0
8,3.5,2.12541,-0.292968,-1.10455,2.37026,-1.1505,-1.2398,2.32188,-1.12282,-1.46848,2.12541,-0.175975,-0.769341,1,All,#4682B4,0
8,4,2.41139,1.12395,1.12395,2.64499,0.885521,0.885521,2.59607,0.948917,0.948917,2.41139,1.13793,1.13793,0,All,#4682B4,0
8,4.5,2.5806,-0.603114,-0.943625,2.80397,-1.35591,-1.54925,2.75715,-1.33684,-1.92915,2.5806,-0.554617,-0.929749,1,All,#4682B4,0
8,5,2.64959,1.19131,1.19131,2.88336,0.899679,0.899679,2.84102,0.950022,0.950022,2.64959,1.22955,1.22955,0,All,#4682B4,0
8,5.5,2.63392,-0.794944,-1.03144,2.89852,-1.39253,-1.74004,2.8636,-1.37928,-1.53895,2.63392,-0.782032,-1.01887,1,All,#4682B4,0
8,6,2.55992,1.18055,1.18055,2.86416,0.965586,0.965586,2.8384,0.996841,0.996841,2.55992,1.13554,1.13554,0,All,#4682B4,0
8,6.5,2.45317,-0.765876,-0.922268,2.79514,-1.35236,-1.3531,2.77944,-1.346,-1.9886,2.45317,-0.798384,-0.998621,1,All,#4682B4,0
8,7,2.31279,1.46387,1.46387,2.70096,1.11864,1.11864,2.69657,1.12448,1.12448,2.31279,1.37021,1.37021,0,All,#4682B4,0
8,7.5,2.13551,0.709577,0.709577,2.5846,0.283276,0.283276,2.5935,0.273795,0.273795,2.13551,0.828205,0.828205,0,All,#4682B4,0
8,8,1.91923,1.26962,1.26962,2.44525,1.0184,1.0184,2.46996,0.983428,0.983428,1.91923,1.27222,1.27222,0,All,#4682B4,0
8,8.5,1.66154,0.349008,0.349008,2.28027,-0.0981194,-0.0981194,2.32376,-0.142663,-0.142663,1.66154,0.445262,0.445262,0,All,#4682B4,0
8,9,1.36571,0.01166,0.01166,2.08636,-0.399581,-0.399581,2.15186,-0.462858,-0.462858,1.36571,0.248289,0.248289,0,All,#4682B4,0
8,9.5,1.04922,0.500562,0.500562,1.86078,0.43851,0.43851,1.95124,0.303269,0.303269,1.04922,0.633812,0.633812,0,All,#4682B4,0
8,10,0.74266,-0.118746,-0.733462,1.60314,-0.515036,-1.233,1.71979,-0.648216,-0.963695,0.74266,0.0937343,-0.732824,1,All,#4682B4,0
8,10.5,0.47783,-0.0567702,-0.949476,1.32313,-0.0995287,-0.482498,1.45925,-0.321432,-0.714898,0.47783,0.186589,-1.11604,1,All,#4682B4,0
8,11,0.271827,0.100656,-0.76068,1.05127,0.515692,-1.00154,1.18662,0.174157,-1.05599,0.271827,0.299076,-0.682017,1,All,#4682B4,0
8,11.5,0.115939,0.250333,-0.868966,0.829752,1.31503,1.27165,0.936923,0.881105,0.792572,0.115939,0.48505,-0.845786,1,All,#4682B4,0
8,12,0,0.325505,-0.937626,0.676043,2.17755,-1.73635,0.744582,1.74896,-0.124642,0,0.601202,-0.917647,1,All,#4682B4,0
8,12.5,0,0.475955,-0.806899,0.577979,2.96752,-1.00619,0.61612,2.63039,-1.15396,0,0.710025,-0.713164,1,All,#4682B4,0
8,13,0,0.641112,-0.722701,0.51347,3.65172,0.5847,0.533535,3.42118,0.0882715,0,0.912176,-0.776083,1,All,#4682B4,0
8,13.5,0,0.830943,-0.659095,0.469603,4.22437,-0.330725,0.478545,4.09911,-0.335115,0,1.01341,-0.304407,1,All,#4682B4,0
8,14,0,0.986043,-0.604437,0.432645,4.79695,-1.09782,0.43774,4.71225,-0.275166,0,1.09553,-0.492167,1,All,#4682B4,0
8,14.5,0,1.13885,-0.565563,0.397947,5.43131,1.17877,0.403008,5.33198,0.534046,0,1.17265,-0.537323,1,All,#4682B4,0
8,15,0,1.3028,-0.541056,0.365946,6.12298,-0.144101,0.368897,6.05419,0.188563,0,1.24972,-0.645913,1,All,#4682B4,0
8,15.5,0,1.03933,-0.484931,0.330311,7.05094,0.548462,0.335248,6.9106,0.744588,0,1.23249,0.0854023,1,All,#4682B4,0
8,16,0,1.15699,-0.485144,0.292412,8.28605,0.927869,0.299562,8.02912,0.163165,0,1.23718,-0.296864,1,All,#4682B4,0
8,16.5,0,1.16111,-0.464264,0.252931,9.96634,1.60095,0.261763,9.54641,-1.77713,0,1.25389,-0.104871,1,All,#4682B4,0
8,17,0,1.3064,-0.462388,0.211575,12.3989,-0.0912668,0.222841,11.6467,0.027945,0,1.267,-0.438335,1,All,#4682B4,0
8,17.5,0,1.2989,-0.427849,0.168241,16.2308,0.840272,0.180505,14.9597,-1.32848,0,1.34148,0.154614,1,All,#4682B4,0
8,18,0,1.43524,-0.433115,0.123461,23.0169,1.31432,0.137868,20.3527,-1.57923,0,1.32954,-0.384797,1,All,#4682B4,0
8,18.5,0,1.69126,-0.426138,0.0772792,38.2527,-0.468603,0.0932404,31.2802,0.700343,0,1.44353,-0.133914,1,All,#4682B4,0
8,19,0,1.61271,-0.418342,0.0297999,103.149,-0.0648238,0.0473601,63.9841,0.512844,0,1.36488,0.180596,1,All,#4682B4,0
8,19.5,0,1.35435,-0.378126,0,5.71957e+15,0,0.000371696,8465.94,-0.591188,0,1.41809,-0.184724,1,All,#4682B4,0
9,1,0,14.286,-0.0772877,0,5.71957e+15,0,0,5.71957e+15,0,0,2.59215,1.1456,1,All,#4682B4,0
9,1.5,0,3.70089,-0.227448,0,5.71957e+15,0,0,5.71957e+15,1.68833,0,1.95205,0.118903,1,All,#4682B4,0
9,2,0,1.26144,-0.490681,0.515113,3.63217,0.858659,0.564835,3.09425,0.683038,0,1.15637,-0.0634585,1,All,#4682B4,0
9,2.5,0.828232,0.424926,0.167067,1.53076,-0.4222,-0.752934,1.60475,-0.517017,-0.534949,0.828232,0.590983,0.437582,1,All,#4682B4,0
9,3,1.6665,0.993936,0.993936,1.99987,0.855298,0.855298,2.08187,0.723977,0.723977,1.6665,0.933349,0.933349,0,All,#4682B4,0
9,3.5,2.12541,0.917111,0.917111,2.26716,0.812084,0.812084,2.35368,0.691124,0.691124,2.12541,0.968376,0.968376,0,All,#4682B4,0
9,4,2.41139,0.735322,0.735322,2.41353,0.684409,0.684409,2.497,0.578674,0.578674,2.41139,0.745659,0.745659,0,All,#4682B4,0
9,4.5,2.5806,0.420078,0.420078,2.46186,0.370631,0.370631,2.53695,0.286296,0.286296,2.5806,0.450448,0.450448,0,All,#4682B4,0
9,5,2.64959,0.354048,0.354048,2.43152,0.395983,0.395983,2.49969,0.317592,0.317592,2.64959,0.365869,0.365869,0,All,#4682B4,0
9,5.5,2.63392,-0.834081,-0.864984,2.35008,-1.1391,-1.48172,2.41887,-1.17718,-1.17828,2.63392,-0.779868,-0.855313,1,All,#4682B4,0
9,6,2.55992,-0.858556,-1.13001,2.23296,-1.06884,-1.76563,2.30997,-1.11584,-2.15834,2.55992,-0.839667,-1.23712,1,All,#4682B4,0
9,6.5,2.45317,-0.349697,-0.349697,2.07813,-0.403274,-0.403274,2.17282,-0.493704,-0.493704,2.45317,-0.238119,-0.238119,0,All,#4682B4,0
9,7,2.31279,-0.685046,-0.691855,1.88726,-0.810629,-1.02627,2.00797,-0.910896,-1.20186,2.31279,-0.662395,-0.687469,1,All,#4682B4,0
9,7.5,2.13551,-0.447887,-0.447887,1.65953,-0.118783,-0.118783,1.81375,-0.319413,-0.319413,2.13551,-0.370491,-0.370491,0,All,#4682B4,0
9,8,1.91923,-0.567692,-1.11598,1.39659,-0.224663,-1.40113,1.58937,-0.498026,-1.0742,1.91923,-0.475979,-1.18461,1,All,#4682B4,0
9,8.5,1.66154,-0.383457,-0.461988,1.10712,0.364638,-0.432004,1.33906,-0.127831,-0.474908,1.66154,-0.284702,-0.367128,1,All,#4682B4,0
9,9,1.36571,-0.355322,-0.868478,0.820352,1.3585,0.354541,1.07691,0.444383,-1.15104,1.36571,-0.253021,-0.942576,1,All,#4682B4,0
9,9.5,1.04922,-0.261065,-0.411826,0.576074,2.98553,-0.25482,0.832482,1.30259,0.94122,1.04922,-0.0730526,-0.237166,1,All,#4682B4,0
9,10,0.74266,-0.100544,-0.701769,0.395088,5.48854,0.46074,0.63418,2.4849,0.254977,0.74266,0.0568033,-0.612056,1,All,#4682B4,0
9,10.5,0.47783,0.0330666,-0.798986,0.269875,9.18497,1.60538,0.489248,3.95522,1.79482,0.47783,0.20866,-0.790202,1,All,#4682B4,0
9,11,0.271827,0.195725,-0.64182,0.182984,14.7234,1.65074,0.389345,5.60606,0.510461,0.271827,0.434472,-0.460625,1,All,#4682B4,0
9,11.5,0.115939,0.381037,-0.943032,0.119289,23.9085,1.47703,0.321477,7.31282,1.9986,0.115939,0.558499,-0.876995,1,All,#4682B4,0
9,12,0,0.505654,-0.943857,0.0667395,44.6851,-0.369436,0.270714,9.14881,-1.22616,0,0.6641,-0.927859,1,All,#4682B4,0
9,12.5,0,0.80728,-0.851416,0.0180029,172.364,0.0131724,0.227954,11.3299,0.679056,0,0.933927,-0.694026,1,All,#4682B4,0
9,13,0,0.853249,-0.742765,0,5.71957e+15,0,0.188146,14.2515,-0.132094,0,1.01835,-0.488061,1,All,#4682B4,0
9,13.5,0,1.06704,-0.669593,0,5.71957e+15,1.35261,0.144416,19.3175,-1.31186,0,1.18235,-0.645757,1,All,#4682B4,0
9,14,0,1.2128,-0.634565,0,5.71957e+15,1.01266,0.100378,28.8797,0.35709,0,1.17934,-0.186509,1,All,#4682B4,0
9,14.5,0,1.31874,-0.563205,0,5.71957e+15,0,0.0519014,58.1687,1.28394,0,1.2273,0.0676122,1,All,#4682B4,0
9,15,0,1.36796,-0.524621,0,5.71957e+15,0,3.71111e-05,84815.1,0.0970411,0,1.32447,-0.508798,1,All,#4682B4,0
9,15.5,0,1.25748,-0.480565,0,5.71957e+15,1.46479,0,5.71957e+15,0,0,1.31238,-0.303376,1,All,#4682B4,0
9,16,0,1.39614,-0.492055,0,5.71957e+15,0,0,5.71957e+15,0,0,1.27051,0.00110138,1,All,#4682B4,0
9,16.5,0,1.6908,-0.457491,0,5.71957e+15,0,0,5.71957e+15,0,0,1.45529,0.00790251,1,All,#4682B4,0
9,17,0,1.64913,-0.449493,0,5.71957e+15,0,0,5.71957e+15,0,0,1.44076,0.229812,1,All,#4682B4,0
9,17.5,0,1.83277,-0.44422,0,5.71957e+15,1.54087,0,5.71957e+15,0,0,1.5015,0.370763,1,All,#4682B4,0
10,1,0,14.2761,-0.0450202,0,5.71957e+15,0,0,5.71957e+15,0,0,2.67449,0.168496,1,All,#4682B4,0
10,1.5,0,3.64899,-0.20464,0.360258,6.25879,-0.981373,0.205613,12.8303,1.69178,0,1.96865,1.24102,1,All,#4682B4,0
10,2,0,3.81912,3.81912,2.41375,0.406871,0.406871,2.41522,0.40512,0.40512,0,2.04773,2.04773,0,All,#4682B4,0
10,2.5,0.828232,2.98582,2.98582,2.96209,0.742944,0.742944,2.99016,0.712701,0.712701,0.828232,2.1845,2.1845,0,All,#4682B4,0
10,3,1.6665,2.5653,2.5653,3.12274,1.0693,1.0693,3.15906,1.02851,1.02851,1.6665,1.93809,1.93809,0,All,#4682B4,0
10,3.5,2.12541,1.95044,1.95044,3.02313,1.03043,1.03043,3.05251,0.996659,0.996659,2.12541,1.76306,1.76306,0,All,#4682B4,0
10,4,2.41139,0.730551,0.730551,2.77198,0.132346,0.132346,2.79944,0.106737,0.106737,2.41139,0.721938,0.721938,0,All,#4682B4,0
10,4.5,2.5806,-0.326313,-0.326313,2.46642,-0.820412,-0.820412,2.4995,-0.842361,-0.842361,2.5806,-0.291041,-0.291041,0,All,#4682B4,0
10,5,2.64959,-0.184742,-0.184742,2.18111,-0.217163,-0.217163,2.21899,-0.255764,-0.255764,2.64959,-0.0808552,-0.0808552,0,All,#4682B4,0
10,5.5,2.63392,-0.775307,-0.879856,1.98023,-0.888938,-0.933653,2.01694,-0.917868,-1.36172,2.63392,-0.798605,-0.864034,1,All,#4682B4,0
10,6,2.55992,-0.309438,-0.309438,1.88648,-0.0873385,-0.0873385,1.91784,-0.126441,-0.126441,2.55992,-0.246586,-0.246586,0,All,#4682B4,0
10,6.5,2.45317,0.654837,0.654837,1.87802,1.49391,1.49391,1.90411,1.43948,1.43948,2.45317,0.761859,0.761859,0,All,#4682B4,0
10,7,2.31279,0.991462,0.991462,1.88614,1.92358,1.92358,1.91157,1.86502,1.86502,2.31279,0.957561,0.957561,0,All,#4682B4,0
10,7.5,2.13551,-0.196294,-0.196294,1.86302,-0.0572315,-0.0572315,1.89148,-0.0936675,-0.0936675,2.13551,-0.0938848,-0.0938848,0,All,#4682B4,0
10,8,1.91923,0.00108951,0.00108951,1.81515,0.184125,0.184125,1.84875,0.135734,0.135734,1.91923,0.0498413,0.0498413,0,All,#4682B4,0
10,8.5,1.66154,-0.464005,-0.63664,1.7485,-0.678275,-1.36551,1.78596,-0.71603,-2.30985,1.66154,-0.317595,-0.51728,1,All,#4682B4,0
10,9,1.36571,-0.363242,-0.569567,1.66789,-0.59126,-0.608551,1.70922,-0.6369,-0.787925,1.36571,-0.278727,-0.507702,1,All,#4682B4,0
10,9.5,1.04922,-0.232319,-0.67385,1.57565,-0.480788,-1.96561,1.61967,-0.535074,-1.89672,1.04922,-0.0222364,-0.601772,1,All,#4682B4,0
10,10,0.74266,0.450477,0.450477,1.47513,0.545845,0.545845,1.52157,0.453525,0.453525,0.74266,0.555809,0.555809,0,All,#4682B4,0
10,10.5,0.47783,0.0408817,-0.914484,1.3677,-0.177052,-0.594791,1.41666,-0.256586,-0.616292,0.47783,0.210533,-0.944883,1,All,#4682B4,0
10,11,0.271827,0.560818,0.560818,1.25464,0.761256,0.761256,1.30598,0.633894,0.633894,0.271827,0.70885,0.70885,0,All,#4682B4,0
10,11.5,0.115939,0.322147,-0.948739,1.13673,0.29058,-0.731892,1.1903,0.165953,0.109205,0.115939,0.480249,-0.953675,1,All,#4682B4,0
10,12,0,0.552943,-0.983203,1.0146,0.623883,-0.368872,1.07041,0.462134,-1.12188,0,0.668565,-0.971664,1,All,#4682B4,0
10,12.5,0,0.623573,-0.805501,0.888954,1.06239,-1.15104,0.946358,0.847608,0.531558,0,0.9249,-0.845661,1,All,#4682B4,0
10,13,0,0.794067,-0.725983,0.759968,1.66337,0.740402,0.819415,1.36289,-0.82688,0,0.924155,-0.563961,1,All,#4682B4,0
10,13.5,0,0.959625,-0.626558,0.628003,2.53371,1.79482,0.689351,2.08766,0.465195,0,1.13216,-0.593795,1,All,#4682B4,0
10,14,0,1.24831,-0.590117,0.493171,3.90404,0.510461,0.556547,3.17724,-1.08549,0,1.19874,-0.187528,1,All,#4682B4,0
10,14.5,0,1.19094,-0.517816,0.356032,6.36252,1.9986,0.420981,4.99851,0.2322,0,1.23726,-0.0357088,1,All,#4682B4,0
10,15,0,1.32313,-0.490345,0.216622,12.0522,-1.22616,0.283168,8.63743,0.619949,0,1.30308,-0.173055,1,All,#4682B4,0
10,15.5,0,1.31251,-0.483107,0.0753553,39.2926,0.679056,0.143377,19.4753,0.0838676,0,1.25827,-0.474138,1,All,#4682B4,0
10,16,0,1.52679,-0.459522,0,5.71957e+15,2.12646,0.00145327,2163.45,0.977045,0,1.3482,0.104728,1,All,#4682B4,0
10,16.5,0,1.53208,-0.456758,0,5.71957e+15,1.47683,0,5.71957e+15,0,0,1.45021,-0.391083,1,All,#4682B4,0
11,1,0,7.76926,-0.0653586,0,5.71957e+15,0,0,5.71957e+15,2.08212,0,2.46876,0.413219,1,All,#4682B4,0
11,1.5,0,2.66352,-0.236794,0,5.71957e+15,1.53315,0,5.71957e+15,1.26979,0,1.95193,0.378762,1,All,#4682B4,0
11,2,0,2.30656,2.30656,1.39314,1.5422,1.5422,1.30787,1.80434,1.80434,0,1.60712,1.60712,0,All,#4682B4,0
11,2.5,0.828232,0.343255,-0.161888,2.20352,-1.05001,-1.29452,2.17853,-1.03363,-1.99676,0.828232,0.504233,0.213528,1,All,#4682B4,0
11,3,1.6665,0.980546,0.980546,2.5349,0.122319,0.122319,2.52129,0.136353,0.136353,1.6665,0.928946,0.928946,0,All,#4682B4,0
11,3.5,2.12541,1.09836,1.09836,2.72445,0.578173,0.578173,2.71435,0.589541,0.589541,2.12541,1.04573,1.04573,0,All,#4682B4,0
11,4,2.41139,0.495935,0.495935,2.84077,-0.0530206,-0.0530206,2.83467,-0.0477991,-0.0477991,2.41139,0.5392,0.5392,0,All,#4682B4,0
11,4.5,2.5806,0.828456,0.828456,2.90286,0.475693,0.475693,2.9018,0.476768,0.476768,2.5806,0.798414,0.798414,0,All,#4682B4,0
11,5,2.64959,0.676667,0.676667,2.91976,0.271839,0.271839,2.92442,0.267459,0.267459,2.64959,0.681948,0.681948,0,All,#4682B4,0
11,5.5,2.63392,-0.0843723,-0.0843723,2.89672,-0.570461,-0.570461,2.90927,-0.578686,-0.578686,2.63392,-0.0534362,-0.0534362,0,All,#4682B4,0
11,6,2.55992,0.786569,0.786569,2.83799,0.42095,0.42095,2.86057,0.398062,0.398062,2.55992,0.773912,0.773912,0,All,#4682B4,0
11,6.5,2.45317,1.44164,1.44164,2.74392,1.10748,1.10748,2.78007,1.06085,1.06085,2.45317,1.47824,1.47824,0,All,#4682B4,0
11,7,2.31279,1.09137,1.09137,2.61023,0.749911,0.749911,2.66468,0.68394,0.68394,2.31279,1.07613,1.07613,0,All,#4682B4,0
11,7.5,2.13551,1.85683,1.85683,2.42773,1.83996,1.83996,2.50759,1.70242,1.70242,2.13551,1.64848,1.64848,0,All,#4682B4,0
11,8,1.91923,0.300409,0.300409,2.18421,0.00656844,0.00656844,2.29593,-0.11435,-0.11435,1.91923,0.413146,0.413146,0,All,#4682B4,0
11,8.5,1.66154,-0.483974,-0.551971,1.86764,-0.793107,-1.47333,2.01939,-0.919757,-1.90928,1.66154,-0.383833,-0.44818,1,All,#4682B4,0
11,9,1.36571,-0.352351,-1.23938,1.48901,-0.364547,-1.12021,1.66997,-0.593614,-1.47426,1.36571,-0.228226,-1.50627,1,All,#4682B4,0
11,9.5,1.04922,-0.278336,-0.845034,1.12659,0.315495,-0.0443803,1.29256,-0.043267,-0.520206,1.04922,-0.12886,-0.859398,1,All,#4682B4,0
11,10,0.74266,-0.107086,-0.31023,0.873852,1.12359,0.302031,0.992904,0.691687,-1.05507,0.74266,0.104392,-0.193661,1,All,#4682B4,0
11,10.5,0.47783,0.0283888,-0.867419,0.707533,1.97032,-1.51124,0.800692,1.45271,1.32266,0.47783,0.176008,-0.86477,1,All,#4682B4,0
11,11,0.271827,0.200642,-0.870485,0.591289,2.84493,-1.3721,0.672884,2.19941,1.13078,0.271827,0.359081,-0.78993,1,All,#4682B4,0
11,11.5,0.115939,0.357819,-0.985027,0.502392,3.78689,-1.44214,0.579853,2.94992,0.873036,0.115939,0.543834,-1.00713,1,All,#4682B4,0
11,12,0,0.516386,-1.04829,0.425329,4.92208,2.86285,0.503729,3.77026,-0.108736,0,0.645386,-1.00252,1,All,#4682B4,0
11,12.5,0,0.723689,-0.9207,0.352345,6.45502,-0.0813431,0.433726,4.77881,-0.67937,0,0.856628,-0.977513,1,All,#4682B4,0
11,13,0,0.787895,-0.76597,0.280032,8.76194,0.0590821,0.364661,6.15331,-1.05141,0,0.964965,-0.756725,1,All,#4682B4,0
11,13.5,0,0.967148,-0.684425,0.207043,12.7245,2.30923,0.295402,8.17708,0.221883,0,1.06242,-0.446676,1,All,#4682B4,0
11,14,0,1.16013,-0.620621,0.132152,21.3401,-0.465195,0.224159,11.5637,0.826299,0,1.17909,-0.07615,1,All,#4682B4,0
11,14.5,0,1.04681,-0.572408,0.0557096,54.0231,-1.08549,0.15122,18.3368,0.195331,0,1.16886,-0.0727952,1,All,#4682B4,0
11,15,0,1.10526,-0.541347,0,5.71957e+15,0,0.0767406,38.5386,-0.135584,0,1.1898,-0.110872,1,All,#4682B4,0
11,15.5,0,1.28338,-0.517601,0,5.71957e+15,0,0.000535477,5875.79,0.952319,0,1.36497,-0.298469,1,All,#4682B4,0
12,1,0,10.8446,-0.0794017,0,5.71957e+15,2.08212,0,5.71957e+15,1.78027,0,2.63307,0.0379209,1,All,#4682B4,0
12,1.5,0,2.74154,-0.260992,0,5.71957e+15,1.26979,0,5.71957e+15,0,0,1.81134,1.00268,1,All,#4682B4,0
12,2,0,1.05813,-0.471451,0,5.71957e+15,1.39822,0,5.71957e+15,0,0,1.10239,0.41476,1,All,#4682B4,0
12,2.5,0.828232,0.44859,0.115364,0,5.71957e+15,0,0,5.71957e+15,1.02729,0.828232,0.618045,0.459747,1,All,#4682B4,0
12,3,1.6665,0.048001,-0.414313,0,5.71957e+15,1.24309,0,5.71957e+15,0,1.6665,0.195282,-0.143999,1,All,#4682B4,0
12,3.5,2.12541,-0.288998,-0.751477,0,5.71957e+15,0,0,5.71957e+15,0,2.12541,-0.162762,-0.514582,1,All,#4682B4,0
12,4,2.41139,-0.546426,-1.09686,0,5.71957e+15,0,0,5.71957e+15,0,2.41139,-0.500455,-0.927936,1,All,#4682B4,0
12,4.5,2.5806,-0.727324,-1.14861,0.437689,4.7131,-0.108736,0.0728845,40.7087,1.9129,2.5806,-0.72825,-1.11896,1,All,#4682B4,0
12,5,2.64959,-0.864825,-1.35402,1.53157,-0.423293,-1.34604,1.35228,-0.150808,-0.241137,2.64959,-0.84085,-1.38142,1,All,#4682B4,0
12,5.5,2.63392,1.05635,1.05635,2.07912,1.95607,1.95607,1.97758,2.18376,2.18376,2.63392,1.02212,1.02212,0,All,#4682B4,0
12,6,2.55992,-0.0465429,-0.0465429,2.38842,-0.13326,-0.13326,2.33323,-0.0777843,-0.0777843,2.55992,0.0378578,0.0378578,0,All,#4682B4,0
12,6.5,2.45317,-0.814253,-0.83032,2.53551,-1.23705,-1.47106,2.5199,-1.22936,-1.51005,2.45317,-0.816348,-0.828105,1,All,#4682B4,0
12,7,2.31279,-0.267107,-0.267107,2.53624,-0.670614,-0.670614,2.56111,-0.688166,-0.688166,2.31279,-0.138645,-0.138645,0,All,#4682B4,0
12,7.5,2.13551,-0.689882,-1.7056,2.41028,-1.17255,-1.26171,2.4642,-1.20112,-1.73518,2.13551,-0.625675,-1.86153,1,All,#4682B4,0
12,8,1.91923,-0.642449,-0.851986,2.18638,-1.03881,-1.04281,2.25689,-1.08379,-1.57835,1.91923,-0.54772,-0.792459,1,All,#4682B4,0
12,8.5,1.66154,-0.534058,-0.708473,1.89893,-0.820884,-1.00564,1.97487,-0.884623,-1.24747,1.66154,-0.447177,-0.664705,1,All,#4682B4,0
12,9,1.36571,-0.393064,-0.572736,1.58004,-0.48633,-1.16843,1.6494,-0.570104,-1.18922,1.36571,-0.27353,-0.490135,1,All,#4682B4,0
12,9.5,1.04922,-0.225326,-0.234212,1.2559,0.0278351,-1.80866,1.30963,-0.0749965,-0.0981936,1.04922,-0.144663,-0.161221,1,All,#4682B4,0
12,10,0.74266,-0.124659,-0.757712,0.960353,0.799139,0.580455,0.983861,0.720826,0.643837,0.74266,0.0225823,-0.763252,1,All,#4682B4,0
12,10.5,0.47783,-0.028457,-0.578361,0.710336,1.95277,1.37891,0.696871,2.03839,-1.14435,0.47783,0.151285,-0.461834,1,All,#4682B4,0
12,11,0.271827,0.18915,-0.973361,0.513496,3.6514,-0.17322,0.464891,4.2923,0.298291,0.271827,0.318382,-0.919538,1,All,#4682B4,0
12,11.5,0.115939,0.258405,-1.07669,0.369968,6.02949,-0.217616,0.290008,8.37526,-0.0589248,0.115939,0.499734,-1.22821,1,All,#4682B4,0
12,12,0,0.429637,-0.979508,0.27097,9.13783,-1.24441,0.166953,16.3752,1.00238,0,0.657943,-1.37286,1,All,#4682B4,0
12,12.5,0,0.625984,-0.863371,0.206868,12.7374,2.24618,0.086881,33.7513,1.66303,0,0.860028,-0.954356,1,All,#4682B4,0
12,13,0,0.802259,-0.747387,0.168242,16.2307,0.685655,0.038387,79.5201,0.817001,0,0.954423,-0.691737,1,All,#4682B4,0
12,13.5,0,0.813156,-0.673707,0.146282,19.0394,-0.144928,0.0132791,234.561,1.00747,0,0.974315,-0.476034,1,All,#4682B4,0
12,14,0,1.05606,-0.627188,0.134474,20.9288,-0.585142,0.00262057,1198.67,1.17419,0,1.13005,-0.362918,1,All,#4682B4,0
12,14.5,0,0.962169,-0.569165,0.128129,22.0879,0.137182,0.000343961,9148.79,0.619289,0,1.07425,-0.539226,1,All,#4682B4,0
12,15,0,1.12773,-0.542993,0.123985,22.909,-0.302467,0.00217127,1447.21,1.10973,0,1.16783,-0.341531,1,All,#4682B4,0
12,15.5,0,1.30757,-0.53644,0.12064,23.613,-1.06666,0.00547786,572.14,1.29694,0,1.21103,-0.323853,1,All,#4682B4,0
12,16,0,1.29263,-0.525101,0.115488,24.7769,0.933109,0.00833997,374.942,-0.849734,0,1.2347,0.0113241,1,All,#4682B4,0
12,16.5,0,1.32009,-0.497049,0.108965,26.4086,1.23735,0.00966991,323.034,0.0307803,0,1.30424,-0.185738,1,All,#4682B4,0
12,17,0,1.62016,-0.500305,0.100641,28.7977,-0.0640004,0.00889176,351.521,0.631228,0,1.38477,-0.157286,1,All,#4682B4,0
12,17.5,0,1.42108,-0.464917,0.0895581,32.6683,0.904128,0.00567209,552.463,0.705906,0,1.33671,-0.0731742,1,All,#4682B4,0
12,18,0,1.69328,-0.465309,0.0768417,38.4847,2.00895,1.34216e-06,2.34522e+06,1.20125,0,1.51204,0.139611,1,All,#4682B4,0
13,1,0,17.6372,-0.0741735,0,5.71957e+15,1.78027,0,5.71957e+15,0,0,2.73659,0.571806,1,All,#4682B4,0
13,1.5,0,3.48037,-0.244643,0,5.71957e+15,0,0,5.71957e+15,1.24912,0,2.07005,1.04395,1,All,#4682B4,0
13,2,0,1.17952,-0.470692,0,5.71957e+15,0,0,5.71957e+15,0,0,1.16057,0.0135181,1,All,#4682B4,0
13,2.5,0.828232,0.422434,-0.267138,0,5.71957e+15,1.02729,0.00215504,1458.13,-0.659651,0.828232,0.600034,0.183052,1,All,#4682B4,0
13,3,1.6665,0.0121232,-0.324645,0.656189,2.31842,0.315462,0.717461,1.90876,-1.6384,1.6665,0.208107,-0.0307865,1,All,#4682B4,0
13,3.5,2.12541,-0.0286981,-0.0286981,1.2393,0.761371,0.761371,1.29031,0.633291,0.633291,2.12541,0.0337425,0.0337425,0,All,#4682B4,0
13,4,2.41139,0.117401,0.117401,1.67976,0.634815,0.634815,1.71484,0.571125,0.571125,2.41139,0.174038,0.174038,0,All,#4682B4,0
13,4.5,2.5806,-0.63733,-0.655229,1.92361,-0.842146,-1.44761,1.93286,-0.84998,-1.28501,2.5806,-0.519063,-0.533092,1,All,#4682B4,0
13,5,2.64959,-0.231887,-0.231887,1.90781,0.11977,0.11977,1.88685,0.148635,0.148635,2.64959,-0.159095,-0.159095,0,All,#4682B4,0
13,5.5,2.63392,-0.747283,-0.930499,1.65655,-0.578348,-1.01463,1.61534,-0.529866,-1.03167,2.63392,-0.804368,-0.984276,1,All,#4682B4,0
13,6,2.55992,-0.81012,-0.903071,1.28795,-0.0345515,-0.13007,1.2347,0.0708547,-0.720406,2.55992,-0.853903,-0.96597,1,All,#4682B4,0
13,6.5,2.45317,-0.845291,-0.947104,0.916993,0.954122,-0.519117,0.863325,1.16751,0.0386871,2.45317,-0.924417,-1.05684,1,All,#4682B4,0
13,7,2.31279,-0.759694,-1.3544,0.604834,2.72571,0.79155,0.552234,3.22141,1.7307,2.31279,-0.663921,-1.51245,1,All,#4682B4,0
13,7.5,2.13551,-0.677233,-0.95212,0.37508,5.91354,-0.176411,0.326929,7.14951,1.44922,2.13551,-0.663652,-1.00738,1,All,#4682B4,0
13,8,1.91923,-0.602683,-0.738502,0.231379,11.1255,1.33578,0.190367,14.0563,-0.306844,1.91923,-0.519099,-0.689432,1,All,#4682B4,0
13,8.5,1.66154,-0.466555,-0.794475,0.168703,16.1796,1.73287,0.135367,20.7745,-1.66032,1.66154,-0.381659,-0.744305,1,All,#4682B4,0
13,9,1.36571,-0.373484,-0.466431,0.176604,15.3448,-1.08259,0.150156,18.4842,1.0168,1.36571,-0.273149,-0.365703,1,All,#4682B4,0
13,9.5,1.04922,-0.263821,-0.440231,0.242194,10.518,-1.63619,0.221341,11.7425,-0.73453,1.04922,-0.108505,-0.302758,1,All,#4682B4,0
13,10,0.74266,-0.143163,-1.00862,0.351583,6.47438,0.319991,0.334819,6.92265,-1.16549,0.74266,0.0377553,-1.09774,1,All,#4682B4,0
13,10.5,0.47783,0.0257701,-0.988245,0.49127,3.92873,0.408023,0.477401,4.11487,-0.169772,0.47783,0.259972,-1.03586,1,All,#4682B4,0
13,11,0.271827,0.197902,-0.967534,0.648604,2.37452,-1.50512,0.636953,2.46328,-0.261148,0.271827,0.377301,-1.03554,1,All,#4682B4,0
13,11.5,0.115939,0.340015,-0.99527,0.769879,1.61005,-0.67463,0.762531,1.64945,0.87027,0.115939,0.483758,-1.0188,1,All,#4682B4,0
13,12,0,0.534959,-0.952944,0.76565,1.63263,-0.82833,0.762284,1.65079,-0.261097,0,0.766782,-1.21267,1,All,#4682B4,0
13,12.5,0,0.760895,-0.89643,0.644286,2.40704,1.05122,0.64341,2.4137,0.728455,0,0.895587,-0.795326,1,All,#4682B4,0
13,13,0,0.841281,-0.732078,0.419575,5.02357,1.36103,0.425645,4.91659,-1.00341,0,1.01508,-0.686275,1,All,#4682B4,0
13,13.5,0,1.0476,-0.698171,0.110755,25.9417,-0.859849,0.123076,23.0965,0.664486,0,1.07177,-0.633028,1,All,#4682B4,0
13,14,0,1.22663,-0.592294,0,5.71957e+15,0,0,5.71957e+15,0,0,1.26105,-0.380884,1,All,#4682B4,0
13,14.5,0,1.23982,-0.550156,0,5.71957e+15,1.08837,0,5.71957e+15,0,0,1.2474,-0.547405,1,All,#4682B4,0
13,15,0,1.42886,-0.544193,0,5.71957e+15,0,0,5.71957e+15,2.33769,0,1.27791,-0.0538266,1,All,#4682B4,0
13,15.5,0,1.70919,-0.502874,0,5.71957e+15,1.51341,0,5.71957e+15,0,0,1.4297,-0.0196377,1,All,#4682B4,0
13,16,0,1.40938,-0.4821,0,5.71957e+15,1.11117,0,5.71957e+15,2.42788,0,1.32333,-0.244338,1,All,#4682B4,0
13,16.5,0,1.48558,-0.441481,0,5.71957e+15,1.65921,0,5.71957e+15,1.50084,0,1.39147,-0.12111,1,All,#4682B4,0
13,17,0,1.73501,-0.456264,0,5.71957e+15,0,0,5.71957e+15,1.88521,0,1.51826,-0.288913,1,All,#4682B4,0
13,17.5,0,1.84198,-0.457445,0,5.71957e+15,1.43839,0,5.71957e+15,0,0,1.35932,-0.0175032,1,All,#4682B4,0
13,18,0,1.6986,-0.42007,0,5.71957e+15,1.42719,0,5.71957e+15,0,0,1.40928,-0.121196,1,All,#4682B4,0
13,18.5,0,1.8008,-0.411814,0,5.71957e+15,1.53889,0,5.71957e+15,0,0,1.57987,0.142965,1,All,#4682B4,0
14,1,0,56.8342,-0.0447214,0,5.71957e+15,0,0,5.71957e+15,0,0,2.79185,2.02129,1,All,#4682B4,0
14,1.5,0,4.63754,-0.236515,0,5.71957e+15,1.24912,0,5.71957e+15,1.69156,0,2.0675,0.939858,1,All,#4682B4,0
14,2,0,1.17087,-0.463731,1.20649,0.130463,-0.199654,1.00071,0.666944,0.437818,0,1.1918,0.40293,1,All,#4682B4,0
14,2.5,0.828232,2.35679,2.35679,2.38507,0.857242,0.857242,2.33806,0.924311,0.924311,0.828232,1.69618,1.69618,0,All,#4682B4,0
14,3,1.6665,1.99784,1.99784,2.86174,0.890551,0.890551,2.8484,0.90633,0.90633,1.6665,1.6757,1.6757,0,All,#4682B4,0
14,3.5,2.12541,2.47153,2.47153,3.09399,1.43871,1.43871,3.09738,1.43443,1.43443,2.12541,2.1362,2.1362,0,All,#4682B4,0
14,4,2.41139,1.66967,1.66967,3.15873,0.92688,0.92688,3.1737,0.910814,0.910814,2.41139,1.6723,1.6723,0,All,#4682B4,0
14,4.5,2.5806,1.27568,1.27568,3.10046,0.823002,0.823002,3.12249,0.799719,0.799719,2.5806,1.30223,1.30223,0,All,#4682B4,0
14,5,2.64959,0.413332,0.413332,2.97187,-0.0182351,-0.0182351,3.00059,-0.0417838,-0.0417838,2.64959,0.490273,0.490273,0,All,#4682B4,0
14,5.5,2.63392,0.668525,0.668525,2.79744,0.330082,0.330082,2.83472,0.293149,0.293149,2.63392,0.666818,0.666818,0,All,#4682B4,0
14,6,2.55992,1.15961,1.15961,2.58046,1.04648,1.04648,2.62805,0.98265,0.98265,2.55992,1.14279,1.14279,0,All,#4682B4,0
14,6.5,2.45317,-0.824441,-1.0457,2.31732,-1.12016,-1.52557,2.37665,-1.15407,-1.24141,2.45317,-0.838695,-1.08861,1,All,#4682B4,0
14,7,2.31279,0.112369,0.112369,2.00627,0.350516,0.350516,2.07749,0.253524,0.253524,2.31279,0.165997,0.165997,0,All,#4682B4,0
14,7.5,2.13551,0.057655,0.057655,1.65987,0.657195,0.657195,1.73989,0.512978,0.512978,2.13551,0.15937,0.15937,0,All,#4682B4,0
14,8,1.91923,-0.546846,-1.01522,1.32413,-0.101322,-1.71769,1.39961,-0.22952,-0.391102,1.91923,-0.455578,-1.04598,1,All,#4682B4,0
14,8.5,1.66154,-0.446439,-0.560008,1.0713,0.459707,-0.377303,1.12821,0.311484,-0.571383,1.66154,-0.322264,-0.464077,1,All,#4682B4,0
14,9,1.36571,-0.355026,-0.748731,0.912889,0.969551,-0.724927,0.953263,0.823516,-0.90368,1.36571,-0.240508,-0.680058,1,All,#4682B4,0
14,9.5,1.04922,-0.169382,-0.643194,0.82081,1.35636,0.783792,0.850652,1.22183,-1.64483,1.04922,-0.0289121,-0.566319,1,All,#4682B4,0
14,10,0.74266,-0.0717259,-0.71023,0.767109,1.62481,-1.44922,0.790721,1.50228,-1.40062,0.74266,0.102351,-0.577547,1,All,#4682B4,0
14,10.5,0.47783,0.0697074,-0.595044,0.730789,1.82875,0.306844,0.752547,1.70421,1.23658,0.47783,0.246305,-0.453067,1,All,#4682B4,0
14,11,0.271827,0.270032,-0.802356,0.701528,2.0084,1.66032,0.721581,1.88371,0.565034,0.271827,0.593994,-0.821944,1,All,#4682B4,0
14,11.5,0.115939,0.412468,-0.884216,0.670257,2.21774,-1.0168,0.690628,2.07922,-0.23403,0.115939,0.614047,-0.859443,1,All,#4682B4,0
14,12,0,0.484823,-0.824656,0.634925,2.47907,-0.73453,0.655816,2.32115,-0.710464,0,0.755511,-1.07794,1,All,#4682B4,0
14,12.5,0,0.738906,-0.77957,0.595079,2.81102,-1.16549,0.615962,2.63169,0.118124,0,0.917075,-0.74183,1,All,#4682B4,0
14,13,0,0.953729,-0.653034,0.549064,3.25432,-0.169772,0.57064,3.03756,-1.57866,0,1.21791,-0.359034,1,All,#4682B4,0
14,13.5,0,1.09912,-0.583229,0.499057,3.82877,0.261148,0.52042,3.56986,0.644916,0,1.14145,-0.19722,1,All,#4682B4,0
14,14,0,1.19055,-0.509925,0.444549,4.60213,2.58619,0.466224,4.27293,0.750588,0,1.34208,-0.433423,1,All,#4682B4,0
14,14.5,0,1.32312,-0.480942,0.38623,5.67127,-0.87027,0.407745,5.24122,0.392014,0,1.35498,-0.334729,1,All,#4682B4,0
14,15,0,1.14236,-0.427399,0.324725,7.21487,0.261097,0.346275,6.61161,0.832741,0,1.40204,0.0603335,1,All,#4682B4,0
14,15.5,0,1.35534,-0.416285,0.260319,9.61315,-0.728455,0.281551,8.70129,1.30163,0,1.4525,-0.150611,1,All,#4682B4,0
14,16,0,1.40725,-0.391097,0.19352,13.7869,-1.00341,0.21455,12.1926,-0.317174,0,1.45556,0.0866,1,All,#4682B4,0
14,16.5,0,1.77254,-0.400573,0.124181,22.8691,0.664486,0.144963,19.2352,0.00866857,0,1.53163,-0.382665,1,All,#4682B4,0
14,17,0,1.49246,-0.342348,0.0532203,56.6657,0.216697,0.0735813,40.2997,0.569909,0,1.52075,0.48902,1,All,#4682B4,0
14,17.5,0,1.92795,-0.360225,0,5.71957e+15,0,0.000381559,8247.03,0.21416,0,1.58793,-0.122106,1,All,#4682B4,0
15,1,0,312.151,-0.0756774,0,5.71957e+15,0,0,5.71957e+15,0,0,2.86406,1.58374,1,All,#4682B4,0
15,1.5,0,4.65242,-0.226421,0,5.71957e+15,1.69156,0,5.71957e+15,1.26158,0,2.1108,0.141341,1,All,#4682B4,0
15,2,0,1.35632,-0.472132,0,5.71957e+15,1.30362,0,5.71957e+15,0,0,1.25235,-0.122151,1,All,#4682B4,0
15,2.5,0.828232,0.481416,0.260655,0,5.71957e+15,0,0,5.71957e+15,0,0.828232,0.587885,0.510441,1,All,#4682B4,0
15,3,1.6665,0.0338518,-0.162028,0.165224,16.5725,0.421743,0.023772,129.933,0.348504,1.6665,0.176847,0.0317574,1,All,#4682B4,0
15,3.5,2.12541,-0.061933,-0.061933,1.15408,0.97912,0.97912,1.03494,1.37718,1.37718,2.12541,0.0068714,0.0068714,0,All,#4682B4,0
15,4,2.41139,-0.55409,-0.883471,1.89973,-0.821575,-1.19002,1.81034,-0.739765,-1.57432,2.41139,-0.500712,-0.786521,1,All,#4682B4,0
15,4.5,2.5806,-0.645194,-0.672111,2.46364,-1.20083,-1.21033,2.41024,-1.17253,-1.38062,2.5806,-0.580179,-0.599942,1,All,#4682B4,0
15,5,2.64959,0.552823,0.552823,2.85529,0.108252,0.108252,2.84132,0.120968,0.120968,2.64959,0.61735,0.61735,0,All,#4682B4,0
15,5.5,2.63392,1.03264,1.03264,3.03417,0.462204,0.462204,3.05401,0.443099,0.443099,2.63392,1.03429,1.03429,0,All,#4682B4,0
15,6,2.55992,0.855884,0.855884,2.96897,0.318086,0.318086,2.9993,0.289801,0.289801,2.55992,0.929566,0.929566,0,All,#4682B4,0
15,6.5,2.45317,0.603388,0.603388,2.70941,0.174342,0.174342,2.72803,0.156243,0.156243,2.45317,0.631334,0.631334,0,All,#4682B4,0
15,7,2.31279,-0.364443,-0.364443,2.36569,-0.770769,-0.770769,2.35938,-0.766201,-0.766201,2.31279,-0.242514,-0.242514,0,All,#4682B4,0
15,7.5,2.13551,-0.59733,-0.725422,2.04353,-0.93817,-1.10709,2.01343,-0.915148,-1.06732,2.13551,-0.575937,-0.758716,1,All,#4682B4,0
15,8,1.91923,-0.546294,-0.857014,1.78763,-0.717672,-1.52714,1.73541,-0.664692,-1.2869,1.91923,-0.420788,-0.781038,1,All,#4682B4,0
15,8.5,1.66154,-0.429572,-1.19151,1.61542,-0.529969,-1.02781,1.54429,-0.44022,-0.922485,1.66154,-0.313483,-1.28969,1,All,#4682B4,0
15,9,1.36571,0.0297328,0.0297328,1.52679,0.183778,0.183778,1.44121,0.341866,0.341866,1.36571,0.167091,0.167091,0,All,#4682B4,0
15,9.5,1.04922,-0.207166,-0.470681,1.50961,-0.393387,-0.451875,1.41709,-0.257267,-0.391417,1.04922,-0.0547507,-0.332643,1,All,#4682B4,0
15,10,0.74266,0.793056,0.793056,1.55174,0.891662,0.891662,1.4576,1.10934,1.10934,0.74266,0.798926,0.798926,0,All,#4682B4,0
15,10.5,0.47783,0.50204,0.50204,1.63765,0.0792263,0.0792263,1.54699,0.229127,0.229127,0.47783,0.668708,0.668708,0,All,#4682B4,0
15,11,0.271827,1.13266,1.13266,1.75265,0.519487,0.519487,1.66978,0.668266,0.668266,0.271827,1.10663,1.10663,0,All,#4682B4,0
15,11.5,0.115939,1.39875,1.39875,1.82595,0.480583,0.480583,1.78286,0.552097,0.552097,0.115939,1.29192,1.29192,0,All,#4682B4,0
15,12,0,1.68643,1.68643,1.6097,1.12446,1.12446,1.62689,1.08638,1.08638,0,1.45133,1.45133,0,All,#4682B4,0
15,12.5,0,0.592971,-0.819524,1.1793,0.190612,-1.88739,1.23994,0.0600872,-0.0299387,0,0.796868,-1.10137,1,All,#4682B4,0
15,13,0,0.896063,-0.733195,0.605016,2.72414,1.34497,0.696076,2.04354,0.0512361,0,1.05468,-0.497362,1,All,#4682B4,0
15,13.5,0,1.05019,-0.692534,0,5.71957e+15,1.89359,0.0429437,70.8192,-0.161737,0,1.09288,-0.777912,1,All,#4682B4,0
15,14,0,1.0639,-0.595312,0,5.71957e+15,0,0,5.71957e+15,2.45539,0,1.09384,-0.758907,1,All,#4682B4,0
15,14.5,0,1.09472,-0.560375,0,5.71957e+15,0,0,5.71957e+15,0,0,1.17739,-0.155221,1,All,#4682B4,0
15,15,0,1.30775,-0.514603,0,5.71957e+15,0,0,5.71957e+15,0,0,1.3225,0.1672,1,All,#4682B4,0
16,1,0,33.9894,-0.0893794,0,5.71957e+15,0,0,5.71957e+15,1.55345,0,2.78806,0.0122383,1,All,#4682B4,0
16,1.5,0,3.26308,-0.242888,0,5.71957e+15,1.26158,0,5.71957e+15,0,0,1.8397,0.812403,1,All,#4682B4,0
16,2,0,1.1713,-0.478156,0,5.71957e+15,0,0,5.71957e+15,0,0,1.15086,-0.198848,1,All,#4682B4,0
16,2.5,0.828232,0.371771,-0.178113,0,5.71957e+15,0,0,5.71957e+15,0,0.828232,0.635426,0.304094,1,All,#4682B4,0
16,3,1.6665,0.00252798,-0.634504,0.220899,11.7709,0.348504,0.087911,33.3268,-0.785561,1.6665,0.221199,-0.266087,1,All,#4682B4,0
16,3.5,2.12541,-0.248468,-0.386677,0.747613,1.73181,-0.297258,0.641873,2.42541,-0.769124,2.12541,-0.142032,-0.209174,1,All,#4682B4,0
16,4,2.41139,-0.514096,-0.767433,1.14481,0.27103,0.243674,1.06082,0.488732,-0.419161,2.41139,-0.440852,-0.676781,1,All,#4682B4,0
16,4.5,2.5806,-0.030842,-0.030842,1.45305,1.17175,1.17175,1.38712,1.34525,1.34525,2.5806,0.0358509,0.0358509,0,All,#4682B4,0
16,5,2.64959,-0.443634,-0.443634,1.68868,0.0606476,0.0606476,1.63931,0.13711,0.13711,2.64959,-0.443826,-0.443826,0,All,#4682B4,0
16,5.5,2.63392,-0.348947,-0.348947,1.85255,0.0233525,0.0233525,1.81961,0.0686353,0.0686353,2.63392,-0.311266,-0.311266,0,All,#4682B4,0
16,6,2.55992,0.388432,0.388432,1.94335,1.15631,1.15631,1.92582,1.18941,1.18941,2.55992,0.435339,0.435339,0,All,#4682B4,0
16,6.5,2.45317,0.421954,0.421954,1.96774,0.947519,0.947519,1.96257,0.956537,0.956537,2.45317,0.440609,0.440609,0,All,#4682B4,0
16,7,2.31279,0.425618,0.425618,1.94438,0.899442,0.899442,1.94788,0.893378,0.893378,2.31279,0.512276,0.512276,0,All,#4682B4,0
16,7.5,2.13551,0.830442,0.830442,1.8942,1.35529,1.35529,1.90315,1.33727,1.33727,2.13551,0.852083,0.852083,0,All,#4682B4,0
16,8,1.91923,0.402378,0.402378,1.83023,0.663238,0.663238,1.84345,0.64072,0.64072,1.91923,0.503326,0.503326,0,All,#4682B4,0
16,8.5,1.66154,0.216068,0.216068,1.75816,0.397308,0.397308,1.77569,0.368917,0.368917,1.66154,0.472505,0.472505,0,All,#4682B4,0
16,9,1.36571,-0.352278,-0.888942,1.6799,-0.604759,-1.06716,1.70226,-0.629372,-1.4169,1.36571,-0.262343,-1.01176,1,All,#4682B4,0
16,9.5,1.04922,-0.234132,-0.80388,1.59587,-0.506094,-1.18349,1.62375,-0.53996,-0.821999,1.04922,-0.117738,-0.822018,1,All,#4682B4,0
16,10,0.74266,-0.114033,-0.498304,1.50599,-0.388379,-1.59932,1.54017,-0.43476,-0.60648,0.74266,0.0363268,-0.362285,1,All,#4682B4,0
16,10.5,0.47783,0.0592615,-0.706149,1.41006,-0.246187,-1.04941,1.45137,-0.309728,-0.459539,0.47783,0.240477,-0.642329,1,All,#4682B4,0
16,11,0.271827,0.174545,-0.990486,1.30787,-0.0717686,-1.77932,1.3572,-0.159244,-1.7587,0.271827,0.435252,-1.02422,1,All,#4682B4,0
16,11.5,0.115939,0.334256,-0.976058,1.19925,0.146209,-2.29082,1.2575,0.0246295,-1.79944,0.115939,0.569467,-1.08007,1,All,#4682B4,0
16,12,0,0.545309,-1.01062,1.08412,0.424958,0.159175,1.1522,0.253408,-0.395015,0,0.650715,-0.92787,1,All,#4682B4,0
16,12.5,0,0.611102,-0.785469,0.962502,0.791823,0.658493,1.04122,0.544571,-0.799683,0,0.864416,-0.804161,1,All,#4682B4,0
16,13,0,0.874055,-0.736759,0.834559,1.29318,-0.472804,0.924776,0.925233,-1.14545,0,0.956899,-0.620984,1,All,#4682B4,0
16,13.5,0,0.910563,-0.626388,0.700647,2.01404,-1.10962,0.803069,1.44107,0.344241,0,1.19495,-0.514042,1,All,#4682B4,0
16,14,0,1.18557,-0.592974,0.561579,3.12656,0.129253,0.676239,2.17619,1.40401,0,1.23217,-0.541147,1,All,#4682B4,0
16,14.5,0,1.15752,-0.532199,0.41781,5.05526,0.318791,0.545166,3.29531,-0.496633,0,1.26363,-0.166811,1,All,#4682B4,0
16,15,0,1.39737,-0.517259,0.271386,9.12002,0.418268,0.410976,5.18053,-1.15739,0,1.37411,0.0467625,1,All,#4682B4,0
16,15.5,0,1.41782,-0.507633,0.123622,22.9836,0.540529,0.274563,8.98581,-0.903923,0,1.28911,0.178393,1,All,#4682B4,0
16,16,0,1.58998,-0.464659,0,5.71957e+15,0,0.134986,20.8401,1.79283,0,1.37311,-0.375835,1,All,#4682B4,0
16,16.5,0,1.54102,-0.433226,0,5.71957e+15,1.03648,0.000106375,29587.8,0.0953508,0,1.44683,0.0497127,1,All,#4682B4,0
16,17,0,1.62534,-0.41944,0,5.71957e+15,2.47802,0,5.71957e+15,0,0,1.49127,-0.0616963,1,All,#4682B4,0
17,1,0,26.8356,-0.0498038,0,5.71957e+15,1.55345,0,5.71957e+15,1.11724,0,2.7802,0.988688,1,All,#4682B4,0
17,1.5,0,3.99889,-0.225143,0,5.71957e+15,0,0,5.71957e+15,0,0,2.14332,1.13944,1,All,#4682B4,0
17,2,0,1.15794,-0.428815,0,5.71957e+15,0,0,5.71957e+15,0,0,1.27854,0.383892,1,All,#4682B4,0
17,2.5,0.828232,0.518133,0.0412532,0,5.71957e+15,0,0,5.71957e+15,0,0.828232,0.671884,0.35398,1,All,#4682B4,0
17,3,1.6665,0.00527985,-0.0644012,0.291855,8.30657,-0.785561,0.000647594,4858.09,0.531023,1.6665,0.151198,0.107533,1,All,#4682B4,0
17,3.5,2.12541,-0.324568,-0.538289,1.51068,-0.39487,-0.705849,1.35257,-0.151306,-1.53882,2.12541,-0.222014,-0.370478,1,All,#4682B4,0
17,4,2.41139,-0.196772,-0.196772,2.12096,-0.410121,-0.410121,2.00743,-0.293147,-0.293147,2.41139,-0.144051,-0.144051,0,All,#4682B4,0
17,4.5,2.5806,-0.0871847,-0.0871847,2.49772,-0.384731,-0.384731,2.40986,-0.308402,-0.308402,2.5806,-0.0791353,-0.0791353,0,All,#4682B4,0
17,5,2.64959,-0.0440704,-0.0440704,2.74471,-0.428664,-0.428664,2.67665,-0.376547,-0.376547,2.64959,0.027227,0.027227,0,All,#4682B4,0
17,5.5,2.63392,0.707075,0.707075,2.89029,0.342759,0.342759,2.84428,0.388392,0.388392,2.63392,0.734009,0.734009,0,All,#4682B4,0
17,6,2.55992,0.316316,0.316316,2.93547,-0.173484,-0.173484,2.91541,-0.157622,-0.157622,2.55992,0.53836,0.53836,0,All,#4682B4,0
17,6.5,2.45317,1.10537,1.10537,2.88937,0.703928,0.703928,2.89717,0.695362,0.695362,2.45317,1.03781,1.03781,0,All,#4682B4,0
17,7,2.31279,2.12909,2.12909,2.77186,1.6883,1.6883,2.80835,1.63416,1.63416,2.31279,1.90797,1.90797,0,All,#4682B4,0
17,7.5,2.13551,1.83947,1.83947,2.59896,1.70802,1.70802,2.66673,1.60163,1.60163,2.13551,1.66592,1.66592,0,All,#4682B4,0
17,8,1.91923,1.54526,1.54526,2.37739,1.26418,1.26418,2.48187,1.10662,1.10662,1.91923,1.40213,1.40213,0,All,#4682B4,0
17,8.5,1.66154,-0.0339467,-0.0339467,2.1072,-0.420139,-0.420139,2.25595,-0.555856,-0.555856,1.66154,0.133178,0.133178,0,All,#4682B4,0
17,9,1.36571,-0.32407,-0.779675,1.78749,-0.717535,-0.860061,1.9878,-0.894987,-1.83675,1.36571,-0.153221,-0.802634,1,All,#4682B4,0
17,9.5,1.04922,-0.214279,-1.1291,1.42238,-0.265525,-0.325452,1.67732,-0.601871,-1.14964,1.04922,-0.0523126,-1.23244,1,All,#4682B4,0
17,10,0.74266,-0.0519414,-1.06091,1.03298,0.568706,-0.16346,1.32989,-0.111622,-0.446839,0.74266,0.158461,-1.23063,1,All,#4682B4,0
17,10.5,0.47783,0.0901865,-0.978689,0.662631,2.27179,2.20571,0.968382,0.771963,0.0043852,0.47783,0.336307,-1.0184,1,All,#4682B4,0
17,11,0.271827,0.275729,-0.933918,0.357795,6.31894,0.0471125,0.633535,2.48995,-0.259558,0.271827,0.458527,-0.933411,1,All,#4682B4,0
17,11.5,0.115939,0.389577,-0.916802,0.123346,23.0406,1.30905,0.362872,6.19587,1.17278,0.115939,0.586244,-0.832507,1,All,#4682B4,0
17,12,0,0.517323,-0.93574,0,5.71957e+15,0,0.15433,17.9172,-2.0777,0,0.705542,-1.34639,1,All,#4682B4,0
17,12.5,0,0.884939,-0.846689,0,5.71957e+15,1.05349,5.1197e-05,61479.2,1.62511,0,0.980986,-0.619535,1,All,#4682B4,0
17,13,0,1.0058,-0.737536,0,5.71957e+15,0,0,5.71957e+15,1.26745,0,1.09125,-0.6939,1,All,#4682B4,0
17,13.5,0,1.20203,-0.619092,0,5.71957e+15,0,0,5.71957e+15,0,0,1.28732,-0.495678,1,All,#4682B4,0
17,14,0,1.29822,-0.565114,0,5.71957e+15,0,0,5.71957e+15,0,0,1.22689,-0.102487,1,All,#4682B4,0
17,14.5,0,1.36047,-0.53608,0,5.71957e+15,0,0,5.71957e+15,0,0,1.26397,-0.0533279,1,All,#4682B4,0
17,15,0,1.50584,-0.496733,0,5.71957e+15,0,0,5.71957e+15,0,0,1.39916,-0.0413044,1,All,#4682B4,0
17,15.5,0,1.60736,-0.491978,0,5.71957e+15,0,0,5.71957e+15,0,0,1.3646,-0.415714,1,All,#4682B4,0
18,1,0,7.32034,-0.0709917,0,5.71957e+15,1.11724,0,5.71957e+15,0,0,2.46257,0.828858,1,All,#4682B4,0
18,1.5,0,2.7999,-0.250195,0,5.71957e+15,0,0,5.71957e+15,0,0,1.85692,0.877949,1,All,#4682B4,0
18,2,0,1.07778,-0.486361,0,5.71957e+15,0,0,5.71957e+15,1.12633,0,1.08265,-0.195232,1,All,#4682B4,0
18,2.5,0.828232,0.37501,-0.67843,0,5.71957e+15,0,0,5.71957e+15,0,0.828232,0.582558,-0.0811129,1,All,#4682B4,0
18,3,1.6665,0.948229,0.948229,1.82423,0.986058,0.986058,1.64403,1.36581,1.36581,1.6665,0.940801,0.940801,0,All,#4682B4,0
18,3.5,2.12541,0.597856,0.597856,2.52741,0.0025356,0.0025356,2.44301,0.0882554,0.0882554,2.12541,0.636264,0.636264,0,All,#4682B4,0
18,4,2.41139,0.179455,0.179455,2.83897,-0.487991,-0.487991,2.78117,-0.446627,-0.446627,2.41139,0.229576,0.229576,0,All,#4682B4,0
18,4.5,2.5806,1.00597,1.00597,3.01154,0.508993,0.508993,2.96892,0.551876,0.551876,2.5806,1.04421,1.04421,0,All,#4682B4,0
18,5,2.64959,0.91962,0.91962,3.08908,0.36981,0.36981,3.06328,0.393804,0.393804,2.64959,0.961438,0.961438,0,All,#4682B4,0
18,5.5,2.63392,1.24945,1.24945,3.08274,0.64903,0.64903,3.08024,0.651567,0.651567,2.63392,1.22935,1.22935,0,All,#4682B4,0
18,6,2.55992,1.69577,1.69577,2.99428,1.18013,1.18013,3.02476,1.14326,1.14326,2.55992,1.69328,1.69328,0,All,#4682B4,0
18,6.5,2.45317,1.30735,1.30735,2.82236,0.849746,0.849746,2.89546,0.765714,0.765714,2.45317,1.30476,1.30476,0,All,#4682B4,0
18,7,2.31279,1.05626,1.05626,2.5665,0.804919,0.804919,2.68746,0.65713,0.65713,2.31279,1.03603,1.03603,0,All,#4682B4,0
18,7.5,2.13551,-0.693964,-0.727764,2.236,-1.07076,-1.48257,2.40093,-1.16746,-1.27371,2.13551,-0.655377,-0.683799,1,All,#4682B4,0
18,8,1.91923,-0.629667,-1.2112,1.88692,-0.810333,-1.40348,2.05932,-0.949981,-1.15218,1.91923,-0.562366,-1.40027,1,All,#4682B4,0
18,8.5,1.66154,-0.502472,-0.665425,1.5808,-0.487298,-0.85937,1.72728,-0.656152,-1.3876,1.66154,-0.447991,-0.636438,1,All,#4682B4,0
18,9,1.36571,-0.348132,-1.26509,1.33512,-0.120896,-1.06686,1.45362,-0.313074,-0.449446,1.36571,-0.254417,-1.46189,1,All,#4682B4,0
18,9.5,1.04922,-0.229135,-0.576924,1.14022,0.282092,-0.64836,1.23629,0.0675762,-2.06524,1.04922,-0.0684711,-0.524611,1,All,#4682B4,0
18,10,0.74266,0.348065,0.348065,0.982693,1.6326,1.6326,1.06531,1.31377,1.31377,0.74266,0.589977,0.589977,0,All,#4682B4,0
18,10.5,0.47783,-0.0118639,-0.597541,0.849889,1.22515,-2.3761,0.926418,0.9192,-2.10715,0.47783,0.216423,-0.520859,1,All,#4682B4,0
18,11,0.271827,0.180859,-0.767051,0.731962,1.82184,1.41323,0.808038,1.41697,0.889717,0.271827,0.377006,-0.650558,1,All,#4682B4,0
18,11.5,0.115939,0.337504,-0.942358,0.621549,2.58576,-1.65936,0.700939,2.01217,0.789205,0.115939,0.57519,-0.978437,1,All,#4682B4,0
18,12,0,0.359621,-0.911783,0.515381,3.62899,0.398583,0.599034,2.7761,0.399549,0,0.583117,-1.11426,1,All,#4682B4,0
18,12.5,0,0.627773,-0.815341,0.410914,5.1817,1.01568,0.499879,3.8184,0.451168,0,0.813583,-0.648028,1,All,#4682B4,0
18,13,0,0.706666,-0.703649,0.306893,7.77812,-0.663975,0.40149,5.36151,-1.63898,0,1.06581,-0.70331,1,All,#4682B4,0
18,13.5,0,0.846051,-0.619573,0.202638,13.055,1.03779,0.302584,7.92416,-1.55501,0,1.05722,-0.771219,1,All,#4682B4,0
18,14,0,1.03915,-0.600832,0.0978633,29.6855,0.566084,0.203781,12.9679,-0.65993,0,1.16361,-0.135645,1,All,#4682B4,0
18,14.5,0,1.10407,-0.569066,0,5.71957e+15,0,0.104044,27.7747,0.649378,0,1.13552,-0.375482,1,All,#4682B4,0
18,15,0,1.23618,-0.522428,0,5.71957e+15,1.23988,0.00324331,968.036,1.01,0,1.27407,0.00786978,1,All,#4682B4,0
