time_pwRes,time_pwRes_spline,time_iwRes,time_iwRes_spline,time_npde,time_npde_spline,prediction_pwRes,prediction_pwRes_spline,prediction_iwRes,prediction_iwRes_spline,prediction_npde,prediction_npde_spline,split
1,0.163733,1,0.209793,1,0.519888,2.22045e-16,-0.490254,2.22045e-16,0.262677,2.22045e-16,-0.205144,All
1.06121,0.155827,1.06121,0.220144,1.06121,0.514626,4.65559e-16,-0.490254,4.67243e-16,0.262677,4.65559e-16,-0.205144,All
1.12616,0.147437,1.12616,0.231129,1.12616,0.509041,9.76135e-16,-0.490254,9.83208e-16,0.262677,9.76135e-16,-0.205144,All
1.19509,0.138533,1.19509,0.242786,1.19509,0.503114,2.04665e-15,-0.490254,2.06894e-15,0.262677,2.04665e-15,-0.205144,All
1.26824,0.129085,1.26824,0.255156,1.26824,0.496825,4.29121e-15,-0.490254,4.35362e-15,0.262677,4.29121e-15,-0.205144,All
1.34587,0.119058,1.34587,0.268284,1.34587,0.490151,8.99734e-15,-0.490254,9.16121e-15,0.262677,8.99734e-15,-0.205144,All
1.37,0.115941,1.37,0.272364,1.37,0.488076,1.88647e-14,-0.490254,1.92777e-14,0.262677,1.88647e-14,-0.205144,All
1.42825,0.108417,1.42825,0.282215,1.42825,0.483068,3.95534e-14,-0.490254,4.05656e-14,0.262677,3.95534e-14,-0.205144,All
1.51567,0.101226,1.51567,0.290251,1.51567,0.47343,8.29313e-14,-0.490254,8.53612e-14,0.262677,8.29313e-14,-0.205144,All
1.60844,0.113525,1.60844,0.265995,1.60844,0.452892,1.73881e-13,-0.490254,1.79623e-13,0.262677,1.73881e-13,-0.205144,All
1.70689,0.126576,1.70689,0.240255,1.70689,0.431097,3.64576e-13,-0.490254,3.77977e-13,0.262677,3.64576e-13,-0.205144,All
1.74,0.130965,1.74,0.231599,1.74,0.423768,7.64404e-13,-0.490254,7.95368e-13,0.262677,7.64404e-13,-0.205144,All
1.81137,0.140426,1.81137,0.212939,1.81137,0.407968,1.60272e-12,-0.490254,1.67367e-12,0.262677,1.60272e-12,-0.205144,All
1.92224,0.155124,1.92224,0.183951,1.92224,0.383424,3.36041e-12,-0.490254,3.52187e-12,0.262677,3.36041e-12,-0.205144,All
2.0399,0.168642,2.0399,0.152229,2.0399,0.367794,7.04575e-12,-0.490254,7.41098e-12,0.262677,7.04575e-12,-0.205144,All
2.11,0.174282,2.11,0.132213,2.11,0.370579,1.47728e-11,-0.490254,1.55947e-11,0.262677,1.47728e-11,-0.205144,All
2.16476,0.178687,2.16476,0.11658,2.16476,0.372754,3.0974e-11,-0.490254,3.28156e-11,0.262677,3.0974e-11,-0.205144,All
2.29726,0.189347,2.29726,0.0787493,2.29726,0.378017,6.49429e-11,-0.490254,6.90531e-11,0.262677,6.49429e-11,-0.205144,All
2.43787,0.20066,2.43787,0.038603,2.43787,0.383602,1.36165e-10,-0.490254,1.45307e-10,0.262677,1.36165e-10,-0.205144,All
2.48,0.204049,2.48,0.0265741,2.48,0.385275,2.85497e-10,-0.490254,3.05765e-10,0.262677,2.85497e-10,-0.205144,All
2.58709,0.206581,2.58709,0.0372298,2.58709,0.381616,5.98599e-10,-0.490254,6.43414e-10,0.262677,5.98599e-10,-0.205144,All
2.74544,0.20826,2.74544,0.0669881,2.74544,0.373517,1.25508e-09,-0.490254,1.35392e-09,0.262677,1.25508e-09,-0.205144,All
2.85,0.209369,2.85,0.0866377,2.85,0.368169,2.63151e-09,-0.490254,2.84902e-09,0.262677,2.63151e-09,-0.205144,All
2.91348,0.210042,2.91348,0.0985678,2.91348,0.364922,5.51747e-09,-0.490254,5.99512e-09,0.262677,5.51747e-09,-0.205144,All
3.09181,0.198661,3.09181,0.116304,3.09181,0.346623,1.15684e-08,-0.490254,1.26154e-08,0.262677,1.15684e-08,-0.205144,All
3.22,0.181492,3.22,0.118366,3.22,0.327253,2.42555e-08,-0.490254,2.65463e-08,0.262676,2.42555e-08,-0.205144,All
3.28106,0.173314,3.28106,0.119349,3.28106,0.318026,5.08563e-08,-0.490254,5.58606e-08,0.262676,5.08563e-08,-0.205144,All
3.48189,0.146415,3.48189,0.12258,3.48189,0.287679,1.0663e-07,-0.490254,1.17546e-07,0.262676,1.0663e-07,-0.205144,All
3.59,0.127789,3.59,0.112048,3.59,0.269874,2.2357e-07,-0.490254,2.47349e-07,0.262675,2.2357e-07,-0.205144,All
3.69501,0.108888,3.69501,0.0994205,3.69501,0.252294,4.68758e-07,-0.490254,5.20491e-07,0.262673,4.68758e-07,-0.205144,All
3.92117,0.0681788,3.92117,0.0722229,3.92117,0.21443,9.82842e-07,-0.490254,1.09526e-06,0.262668,9.82842e-07,-0.205145,All
3.96,0.0611899,3.96,0.0675536,3.96,0.207929,2.06072e-06,-0.490255,2.30472e-06,0.262658,2.06072e-06,-0.205147,All
4.16118,0.037266,4.16118,0.058363,4.16118,0.183464,4.32069e-06,-0.490256,4.84977e-06,0.262638,4.32069e-06,-0.205149,All
4.33,0.0197495,4.33,0.0537749,4.33,0.164853,9.05916e-06,-0.490258,1.02052e-05,0.262595,9.05916e-06,-0.205156,All
4.41588,0.0108386,4.41588,0.051441,4.41588,0.155386,1.89943e-05,-0.490263,2.14746e-05,0.262505,1.89943e-05,-0.205169,All
4.68617,0.000267531,4.68617,0.0566319,4.68617,0.140936,3.98252e-05,-0.490272,4.51886e-05,0.262315,3.98252e-05,-0.205196,All
4.7,0.000130622,4.7,0.0571874,4.7,0.140551,8.35011e-05,-0.490292,9.50891e-05,0.261917,8.35011e-05,-0.205252,All
4.973,-0.00257186,4.973,0.0681519,4.973,0.13296,0.000175076,-0.490335,0.000200094,0.261089,0.000175076,-0.205372,All
5.07,0.00058052,5.07,0.0712644,5.07,0.134897,0.000367081,-0.490424,0.000421052,0.259358,0.000367081,-0.205621,All
5.27739,0.010712,5.27739,0.0772732,5.27739,0.142861,0.000769656,-0.49061,0.00088601,0.255868,0.000769656,-0.206145,All
5.44,0.0186557,5.44,0.0819846,5.44,0.149105,0.00161373,-0.491,0.00186441,0.248884,0.00161373,-0.207243,All
5.60041,0.0217483,5.60041,0.0839125,5.60041,0.151611,0.0033835,-0.491819,0.00392323,0.236152,0.0033835,-0.209546,All
5.81,0.0220855,5.81,0.084308,5.81,0.152033,0.00709416,-0.493535,0.00825555,0.217189,0.00709416,-0.214374,All
5.94321,0.0222998,5.94321,0.0845594,5.94321,0.152301,0.0148743,-0.497133,0.017372,0.209388,0.0148743,-0.224496,All
6.18,0.0157806,6.18,0.0926668,6.18,0.14503,0.0311868,-0.504677,0.0365554,0.246024,0.0311868,-0.245719,All
6.30698,0.0111172,6.30698,0.0983106,6.30698,0.139819,0.0529919,-0.514762,0.0634741,0.271468,0.0529919,-0.274088,All
6.55,0.00164042,6.55,0.112516,6.55,0.128587,0.0653891,-0.520496,0.0769225,0.2652,0.0653891,-0.290217,All
6.69302,-0.0051903,6.69302,0.12861,6.69302,0.119111,0.105984,-0.539271,0.126948,0.156023,0.105984,-0.343031,All
6.92,-0.0160309,6.92,0.154152,6.92,0.104072,0.137101,-0.531043,0.161866,0.0870599,0.137101,-0.342324,All
7.10269,-0.0300594,7.10269,0.158545,7.10269,0.0883964,0.158976,-0.51778,0.190422,0.0658573,0.158976,-0.328204,All
7.29,-0.0486785,7.29,0.150138,7.29,0.0694706,0.211968,-0.485649,0.253896,0.0957994,0.211968,-0.293998,All
7.53743,-0.0768491,7.53743,0.127989,7.53743,0.0420818,0.264959,-0.453517,0.31737,0.138521,0.264959,-0.259793,All
7.66,-0.100738,7.66,0.0863265,7.66,0.0218785,0.287458,-0.449869,0.340611,0.145141,0.287458,-0.258004,All
7.99879,-0.16677,7.99879,-0.0288329,7.99879,-0.0339661,0.317951,-0.450874,0.380844,0.147065,0.317951,-0.26316,All
8.03,-0.174399,8.03,-0.0370447,8.03,-0.0416034,0.370943,-0.452621,0.444318,0.139002,0.370943,-0.272121,All
8.4,-0.265587,8.4,-0.133246,8.4,-0.133334,0.423935,-0.454369,0.507792,0.130269,0.423935,-0.281082,All
8.48838,-0.287369,8.48838,-0.156225,8.48838,-0.155246,0.476927,-0.456116,0.571266,0.123605,0.476927,-0.290044,All
8.77,-0.319554,8.77,-0.163125,8.77,-0.191182,0.529919,-0.409045,0.634741,0.119369,0.529919,-0.242173,All
9.00794,-0.343683,9.00794,-0.164771,9.00794,-0.218449,0.582911,-0.361128,0.698215,0.115431,0.582911,-0.193317,All
9.14,-0.32955,9.14,-0.137212,9.14,-0.203622,0.602712,-0.343223,0.716739,0.113434,0.602712,-0.175062,All
9.51,-0.291421,9.51,-0.0608324,9.51,-0.163564,0.635903,-0.313211,0.761689,0.105432,0.635903,-0.144462,All
9.5593,-0.293391,9.5593,-0.0546676,9.5593,-0.165348,0.688895,-0.265294,0.825163,0.0845264,0.688895,-0.0956064,All
9.88,-0.30621,9.88,-0.0145692,9.88,-0.176951,0.741886,-0.217377,0.888637,0.0559112,0.741886,-0.0467509,All
10.1444,-0.33165,10.1444,0.0110046,10.1444,-0.202239,0.794878,-0.190535,0.952111,0.0255298,0.794878,-0.0214614,All
10.25,-0.346743,10.25,0.0187323,10.25,-0.217555,0.84787,-0.183518,1.01558,-0.00147228,0.84787,-0.0194725,All
10.62,-0.394856,10.62,0.0508969,10.62,-0.267239,0.900862,-0.209641,1.07906,-0.020781,0.900862,-0.0564631,All
10.7653,-0.409848,10.7653,0.0676923,10.7653,-0.283495,0.953854,-0.235763,1.14253,-0.0317305,0.953854,-0.0934538,All
10.99,-0.433022,10.99,0.0936545,10.99,-0.308623,1.00685,-0.261886,1.20601,-0.0375881,1.00685,-0.130444,All
11.36,-0.461719,11.36,0.118183,11.36,-0.348935,1.05984,-0.281051,1.26948,-0.0416349,1.05984,-0.159392,All
11.4243,-0.466657,11.4243,0.122356,11.4243,-0.355932,1.11283,-0.27244,1.33296,-0.0466628,1.11283,-0.156226,All
11.73,-0.491527,11.73,0.108476,11.73,-0.393417,1.16582,-0.263829,1.39643,-0.055115,1.16582,-0.153059,All
12.1,-0.519214,12.1,0.0722533,12.1,-0.429319,1.21881,-0.255218,1.4599,-0.066045,1.21881,-0.149893,All
12.1235,-0.520467,12.1235,0.068922,12.1235,-0.42969,1.2637,-0.247924,1.50822,-0.0750823,1.2637,-0.147211,All
12.47,-0.538919,12.47,0.0198699,12.47,-0.435156,1.27181,-0.246607,1.52338,-0.0779169,1.27181,-0.146727,All
12.84,-0.547634,12.84,0.00189237,12.84,-0.419439,1.3248,-0.237996,1.58685,-0.0891495,1.3248,-0.14356,All
12.8656,-0.54817,12.8656,0.000858898,12.8656,-0.41822,1.37779,-0.224544,1.65033,-0.0970091,1.37779,-0.13486,All
13.21,-0.551373,13.21,0.0279076,13.21,-0.406006,1.43078,-0.194705,1.7138,-0.0932453,1.43078,-0.107426,All
13.58,-0.552467,13.58,0.0842953,13.58,-0.396974,1.48377,-0.164866,1.77727,-0.0690543,1.48377,-0.0799912,All
13.6531,-0.552975,13.6531,0.0948357,13.6531,-0.396057,1.53676,-0.135027,1.84075,-0.0318475,1.53676,-0.0525566,All
13.95,-0.555036,13.95,0.137665,13.95,-0.392333,1.58976,-0.105188,1.90422,-0.00159878,1.58976,-0.025122,All
14.32,-0.564503,14.32,0.137349,14.32,-0.387733,1.64275,-0.0753493,1.9677,0.00105669,1.64275,0.00231257,All
14.4888,-0.569312,14.4888,0.13338,14.4888,-0.385638,1.69574,-0.0575266,2.03117,-0.0323191,1.69574,0.0154099,All
14.69,-0.575587,14.69,0.140873,14.69,-0.387529,1.74873,-0.0474306,2.09464,-0.0849705,1.74873,0.0192939,All
15.06,-0.587156,15.06,0.156628,15.06,-0.39273,1.80172,-0.0373346,2.15812,-0.141729,1.80172,0.023178,All
15.3756,-0.596917,15.3756,0.172916,15.3756,-0.402666,1.85472,-0.0272386,2.22159,-0.184518,1.85472,0.0270621,All
15.43,-0.598599,15.43,0.175725,15.43,-0.404379,1.90771,-0.0171426,2.28507,-0.19544,1.90771,0.0309461,All
15.8,-0.610763,15.8,0.164312,15.8,-0.418808,1.9607,0.00681743,2.34854,-0.174637,1.9607,0.0494699,All
16.17,-0.623695,16.17,0.138776,16.17,-0.433528,2.01369,0.0346298,2.41201,-0.132164,2.01369,0.0720616,All
16.3167,-0.629103,16.3167,0.125383,16.3167,-0.439198,2.06668,0.0624421,2.47549,-0.0825625,2.06668,0.0946532,All
16.54,-0.637486,16.54,0.106636,16.54,-0.447427,2.11968,0.0902544,2.53896,-0.0382363,2.11968,0.117245,All
16.91,-0.652529,16.91,0.0880023,16.91,-0.458027,2.17267,0.117678,2.60244,-0.00718211,2.17267,0.139095,All
17.28,-0.668209,17.28,0.079615,17.28,-0.467459,2.22566,0.140228,2.66591,0.00479645,2.22566,0.156324,All
17.3154,-0.66973,17.3154,0.0791273,17.3154,-0.468326,2.27865,0.162777,2.72938,-0.00856562,2.27865,0.173554,All
17.65,-0.684139,17.65,0.0761189,17.65,-0.477279,2.33164,0.164023,2.79286,-0.033238,2.33164,0.17143,All
18.02,-0.700102,18.02,0.07466,18.02,-0.488506,2.38464,0.126702,2.85633,-0.0452126,2.38464,0.134266,All
18.3753,-0.714869,18.3753,0.0681194,18.3753,-0.504109,2.43763,0.135182,2.91981,-0.0248417,2.43763,0.13876,All
18.39,-0.715481,18.39,0.0678484,18.39,-0.504756,2.49062,0.178975,2.98328,0.0206626,2.49062,0.174936,All
18.76,-0.729913,18.76,0.0503147,18.76,-0.527144,2.54361,0.21804,3.04675,0.0738973,2.54361,0.206629,All
19.13,-0.743216,19.13,0.0195111,19.13,-0.556403,2.5966,0.118646,3.11023,0.117956,2.5966,0.110093,All
19.5,-0.755172,19.5,-0.0274164,19.5,-0.593552,2.64959,0.160969,3.1737,0.136888,2.64959,0.149491,All
