rep,ID,time,prediction_iwRes,iwRes_simulated,iwRes_simulated_simBlq,censored,split,color,filter
1,7,-1,-0.414398,0.442415,0.442415,0,All,#4682B4,0
2,7,-1,-0.15418,-0.0233963,-0.0233963,0,All,#4682B4,0
3,7,-1,-0.201698,0.0616656,0.0616656,0,All,#4682B4,0
4,7,-1,-0.29433,0.227483,0.227483,0,All,#4682B4,0
5,7,-1,-0.244983,0.139149,0.139149,0,All,#4682B4,0
6,7,-1,-0.164736,-0.00450029,-0.00450029,0,All,#4682B4,0
7,7,-1,-0.248727,0.145851,0.145851,0,All,#4682B4,0
8,7,-1,-0.170305,0.00546855,0.00546855,0,All,#4682B4,0
9,7,-1,-0.4804,0.560565,0.560565,0,All,#4682B4,0
10,7,-1,-0.073574,-0.167688,-0.167688,0,All,#4682B4,0
1,7,0,-0.414398,0.186881,-1.39345,1,All,#4682B4,0
2,7,0,-0.15418,-0.278931,-1.25117,1,All,#4682B4,0
3,7,0,-0.201698,-0.193869,-0.299202,1,All,#4682B4,0
4,7,0,-0.29433,-0.0280513,-1.00715,1,All,#4682B4,0
5,7,0,-0.244983,-0.116386,-1.13012,1,All,#4682B4,0
6,7,0,-0.164736,-0.260035,-0.389189,1,All,#4682B4,0
7,7,0,-0.248727,-0.109684,-0.786446,1,All,#4682B4,0
8,7,0,-0.170305,-0.250066,-0.982204,1,All,#4682B4,0
9,7,0,-0.4804,0.30503,-0.683572,1,All,#4682B4,0
10,7,0,-0.073574,-0.423222,-0.992197,1,All,#4682B4,0
1,7,1,-0.414398,0.832881,0.832881,0,All,#4682B4,0
2,7,1,-0.15418,0.367069,0.367069,0,All,#4682B4,0
3,7,1,-0.201698,0.452131,0.452131,0,All,#4682B4,0
4,7,1,-0.29433,0.617949,0.617949,0,All,#4682B4,0
5,7,1,-0.244983,0.529614,0.529614,0,All,#4682B4,0
6,7,1,-0.164736,0.385965,0.385965,0,All,#4682B4,0
7,7,1,-0.248727,0.536316,0.536316,0,All,#4682B4,0
8,7,1,-0.170305,0.395934,0.395934,0,All,#4682B4,0
9,7,1,-0.4804,0.95103,0.95103,0,All,#4682B4,0
10,7,1,-0.073574,0.222778,0.222778,0,All,#4682B4,0
1,7,2,-0.414398,0.219563,0.219563,0,All,#4682B4,0
2,7,2,-0.15418,-0.246249,-0.246249,0,All,#4682B4,0
3,7,2,-0.201698,-0.161187,-0.161187,0,All,#4682B4,0
4,7,2,-0.29433,0.00463022,0.00463022,0,All,#4682B4,0
5,7,2,-0.244983,-0.083704,-0.083704,0,All,#4682B4,0
6,7,2,-0.164736,-0.227353,-0.227353,0,All,#4682B4,0
7,7,2,-0.248727,-0.0770022,-0.0770022,0,All,#4682B4,0
8,7,2,-0.170305,-0.217384,-0.217384,0,All,#4682B4,0
9,7,2,-0.4804,0.337712,0.337712,0,All,#4682B4,0
10,7,2,-0.073574,-0.390541,-0.390541,0,All,#4682B4,0
1,7,3,-0.454678,0.258985,-1.15663,1,All,#4682B4,0
2,7,3,-0.244418,-0.117397,-0.15986,1,All,#4682B4,0
3,7,3,-0.201698,-0.193869,-0.235572,1,All,#4682B4,0
4,7,3,-0.385058,0.134359,-1.09262,1,All,#4682B4,0
5,7,3,-0.253709,-0.100766,-1.1941,1,All,#4682B4,0
6,7,3,-0.358639,0.0870674,-0.392534,1,All,#4682B4,0
7,7,3,-0.354302,0.079305,-0.329608,1,All,#4682B4,0
8,7,3,-0.170305,-0.250066,-0.637454,1,All,#4682B4,0
9,7,3,-0.780217,0.841727,0.26191,1,All,#4682B4,0
10,7,3,-0.322441,0.0222713,-0.855222,1,All,#4682B4,0
1,7,4,-0.801743,1.80277,1.80277,0,All,#4682B4,0
2,7,4,-0.60349,1.44788,1.44788,0,All,#4682B4,0
3,7,4,-0.549505,1.35125,1.35125,0,All,#4682B4,0
4,7,4,-0.78734,1.77699,1.77699,0,All,#4682B4,0
5,7,4,-0.652456,1.53553,1.53553,0,All,#4682B4,0
6,7,4,-0.684742,1.59333,1.59333,0,All,#4682B4,0
7,7,4,-0.704957,1.62952,1.62952,0,All,#4682B4,0
8,7,4,-0.504442,1.27058,1.27058,0,All,#4682B4,0
9,7,4,-1.05454,2.2553,2.2553,0,All,#4682B4,0
10,7,4,-0.693546,1.60909,1.60909,0,All,#4682B4,0
1,7,5,0.096676,0.0585519,0.0585519,0,All,#4682B4,0
2,7,5,-0.057828,0.335127,0.335127,0,All,#4682B4,0
3,7,5,-0.140314,0.482783,0.482783,0,All,#4682B4,0
4,7,5,-0.628969,1.35752,1.35752,0,All,#4682B4,0
5,7,5,-0.265836,0.707478,0.707478,0,All,#4682B4,0
6,7,5,0.0387259,0.162287,0.162287,0,All,#4682B4,0
7,7,5,0.0421848,0.156096,0.156096,0,All,#4682B4,0
8,7,5,-0.321525,0.807166,0.807166,0,All,#4682B4,0
9,7,5,-0.0938868,0.399675,0.399675,0,All,#4682B4,0
10,7,5,-0.142219,0.486193,0.486193,0,All,#4682B4,0
1,7,6,1.05822,-1.19356,-1.19356,0,All,#4682B4,0
2,7,6,0.72529,-0.597587,-0.597587,0,All,#4682B4,0
3,7,6,0.683519,-0.522813,-0.522813,0,All,#4682B4,0
4,7,6,0.476952,-0.153042,-0.153042,0,All,#4682B4,0
5,7,6,0.8004,-0.732041,-0.732041,0,All,#4682B4,0
6,7,6,0.925796,-0.95651,-0.95651,0,All,#4682B4,0
7,7,6,0.988923,-1.06951,-1.06951,0,All,#4682B4,0
8,7,6,0.53181,-0.251241,-0.251241,0,All,#4682B4,0
9,7,6,0.990217,-1.07183,-1.07183,0,All,#4682B4,0
10,7,6,0.953536,-1.00617,-1.00617,0,All,#4682B4,0
1,7,7,1.57715,-0.0860939,-0.0860939,0,All,#4682B4,0
2,7,7,1.21301,0.565744,0.565744,0,All,#4682B4,0
3,7,7,1.1731,0.637193,0.637193,0,All,#4682B4,0
4,7,7,1.3081,0.395532,0.395532,0,All,#4682B4,0
5,7,7,1.48956,0.0706972,0.0706972,0,All,#4682B4,0
6,7,7,1.473,0.100331,0.100331,0,All,#4682B4,0
7,7,7,1.55931,-0.054166,-0.054166,0,All,#4682B4,0
8,7,7,1.1095,0.751029,0.751029,0,All,#4682B4,0
9,7,7,1.66052,-0.235329,-0.235329,0,All,#4682B4,0
10,7,7,1.70597,-0.316691,-0.316691,0,All,#4682B4,0
1,7,8,1.70346,1.54629,1.54629,0,All,#4682B4,0
2,7,8,1.44607,2.00704,2.00704,0,All,#4682B4,0
3,7,8,1.37242,2.13887,2.13887,0,All,#4682B4,0
4,7,8,1.66011,1.62388,1.62388,0,All,#4682B4,0
5,7,8,1.77072,1.42588,1.42588,0,All,#4682B4,0
6,7,8,1.67708,1.59351,1.59351,0,All,#4682B4,0
7,7,8,1.76445,1.43711,1.43711,0,All,#4682B4,0
8,7,8,1.4047,2.08108,2.08108,0,All,#4682B4,0
9,7,8,1.7897,1.39192,1.39192,0,All,#4682B4,0
10,7,8,1.93923,1.12425,1.12425,0,All,#4682B4,0
1,7,9,1.57275,-1.51044,-1.51044,0,All,#4682B4,0
2,7,9,1.45001,-1.29073,-1.29073,0,All,#4682B4,0
3,7,9,1.32183,-1.06128,-1.06128,0,All,#4682B4,0
4,7,9,1.55465,-1.47806,-1.47806,0,All,#4682B4,0
5,7,9,1.72537,-1.78366,-1.78366,0,All,#4682B4,0
6,7,9,1.61456,-1.5853,-1.5853,0,All,#4682B4,0
7,7,9,1.68235,-1.70665,-1.70665,0,All,#4682B4,0
8,7,9,1.44994,-1.29061,-1.29061,0,All,#4682B4,0
9,7,9,1.57623,-1.51668,-1.51668,0,All,#4682B4,0
10,7,9,1.79914,-1.91571,-1.91571,0,All,#4682B4,0
1,7,10,1.32214,0.0148971,0.0148971,0,All,#4682B4,0
2,7,10,1.24957,0.144799,0.144799,0,All,#4682B4,0
3,7,10,1.08233,0.444176,0.444176,0,All,#4682B4,0
4,7,10,1.24539,0.15229,0.15229,0,All,#4682B4,0
5,7,10,1.48193,-0.271141,-0.271141,0,All,#4682B4,0
6,7,10,1.38424,-0.0962707,-0.0962707,0,All,#4682B4,0
7,7,10,1.43729,-0.191238,-0.191238,0,All,#4682B4,0
8,7,10,1.29945,0.0555162,0.0555162,0,All,#4682B4,0
9,7,10,1.25117,0.141932,0.141932,0,All,#4682B4,0
10,7,10,1.49836,-0.300557,-0.300557,0,All,#4682B4,0
1,7,11,1.00651,-0.300582,-0.300582,0,All,#4682B4,0
2,7,11,0.916721,-0.139856,-0.139856,0,All,#4682B4,0
3,7,11,0.72914,0.19593,0.19593,0,All,#4682B4,0
4,7,11,0.879219,-0.0727236,-0.0727236,0,All,#4682B4,0
5,7,11,1.13323,-0.527427,-0.527427,0,All,#4682B4,0
6,7,11,1.05583,-0.388875,-0.388875,0,All,#4682B4,0
7,7,11,1.10223,-0.471934,-0.471934,0,All,#4682B4,0
8,7,11,1.01083,-0.308319,-0.308319,0,All,#4682B4,0
9,7,11,0.89755,-0.105538,-0.105538,0,All,#4682B4,0
10,7,11,1.1294,-0.520567,-0.520567,0,All,#4682B4,0
1,7,12,0.631572,0.749886,0.749886,0,All,#4682B4,0
2,7,12,0.525565,0.939648,0.939648,0,All,#4682B4,0
3,7,12,0.331977,1.28619,1.28619,0,All,#4682B4,0
4,7,12,0.491178,1.0012,1.0012,0,All,#4682B4,0
5,7,12,0.738807,0.557926,0.557926,0,All,#4682B4,0
6,7,12,0.677154,0.66829,0.66829,0,All,#4682B4,0
7,7,12,0.719775,0.591995,0.591995,0,All,#4682B4,0
8,7,12,0.641368,0.73235,0.73235,0,All,#4682B4,0
9,7,12,0.522022,0.945989,0.945989,0,All,#4682B4,0
10,7,12,0.733181,0.567998,0.567998,0,All,#4682B4,0
1,7,13,0.229437,-0.262176,-0.262176,0,All,#4682B4,0
2,7,13,0.119482,-0.0653467,-0.0653467,0,All,#4682B4,0
3,7,13,-0.0752933,0.283317,0.283317,0,All,#4682B4,0
4,7,13,0.0886553,-0.0101647,-0.0101647,0,All,#4682B4,0
5,7,13,0.331522,-0.444917,-0.444917,0,All,#4682B4,0
6,7,13,0.277958,-0.349033,-0.349033,0,All,#4682B4,0
7,7,13,0.317552,-0.419909,-0.419909,0,All,#4682B4,0
8,7,13,0.240108,-0.281278,-0.281278,0,All,#4682B4,0
9,7,13,0.128798,-0.0820236,-0.0820236,0,All,#4682B4,0
10,7,13,0.327767,-0.438194,-0.438194,0,All,#4682B4,0
1,7,14,-0.178868,-0.234737,-0.736125,1,All,#4682B4,0
2,7,14,-0.28931,-0.0370372,-0.150362,1,All,#4682B4,0
3,7,14,-0.484386,0.312166,-0.0400321,1,All,#4682B4,0
4,7,14,-0.319361,0.0167575,-0.687399,1,All,#4682B4,0
5,7,14,-0.0779851,-0.415326,-0.849801,1,All,#4682B4,0
6,7,14,-0.127905,-0.325965,-0.795649,1,All,#4682B4,0
7,7,14,-0.0904945,-0.392933,-1.82039,1,All,#4682B4,0
8,7,14,-0.168296,-0.253663,-0.630896,1,All,#4682B4,0
9,7,14,-0.274414,-0.0637023,-0.589654,1,All,#4682B4,0
10,7,14,-0.0804257,-0.410957,-1.82233,1,All,#4682B4,0
1,8,-1,-0.236498,0.259502,0.259502,0,All,#4682B4,0
2,8,-1,-0.154536,0.112784,0.112784,0,All,#4682B4,0
3,8,-1,-0.0179349,-0.131743,-0.131743,0,All,#4682B4,0
4,8,-1,-0.190773,0.177651,0.177651,0,All,#4682B4,0
5,8,-1,-0.211869,0.215416,0.215416,0,All,#4682B4,0
6,8,-1,-0.293096,0.360819,0.360819,0,All,#4682B4,0
7,8,-1,-0.336627,0.438742,0.438742,0,All,#4682B4,0
8,8,-1,-0.0710944,-0.0365832,-0.0365832,0,All,#4682B4,0
9,8,-1,-0.254707,0.292098,0.292098,0,All,#4682B4,0
10,8,-1,-0.0885097,-0.00540834,-0.00540834,0,All,#4682B4,0
1,8,0,-0.236498,-0.00743654,-0.00743654,0,All,#4682B4,0
2,8,0,-0.154536,-0.154155,-0.154155,0,All,#4682B4,0
3,8,0,-0.0179349,-0.398682,-0.398682,0,All,#4682B4,0
4,8,0,-0.190773,-0.0892878,-0.0892878,0,All,#4682B4,0
5,8,0,-0.211869,-0.0515235,-0.0515235,0,All,#4682B4,0
6,8,0,-0.293096,0.0938797,0.0938797,0,All,#4682B4,0
7,8,0,-0.336627,0.171803,0.171803,0,All,#4682B4,0
8,8,0,-0.0710944,-0.303522,-0.303522,0,All,#4682B4,0
9,8,0,-0.254707,0.025159,0.025159,0,All,#4682B4,0
10,8,0,-0.0885097,-0.272347,-0.272347,0,All,#4682B4,0
1,8,1,-0.236498,0.10079,0.10079,0,All,#4682B4,0
2,8,1,-0.154536,-0.0459287,-0.0459287,0,All,#4682B4,0
3,8,1,-0.0179349,-0.290456,-0.290456,0,All,#4682B4,0
4,8,1,-0.190773,0.0189389,0.0189389,0,All,#4682B4,0
5,8,1,-0.211869,0.0567031,0.0567031,0,All,#4682B4,0
6,8,1,-0.293096,0.202106,0.202106,0,All,#4682B4,0
7,8,1,-0.336627,0.28003,0.28003,0,All,#4682B4,0
8,8,1,-0.0710944,-0.195296,-0.195296,0,All,#4682B4,0
9,8,1,-0.254707,0.133386,0.133386,0,All,#4682B4,0
10,8,1,-0.0885097,-0.164121,-0.164121,0,All,#4682B4,0
1,8,2,-0.236498,-0.131575,-1.30251,1,All,#4682B4,0
2,8,2,-0.154536,-0.278294,-0.974214,1,All,#4682B4,0
3,8,2,-0.086771,-0.399599,-0.631658,1,All,#4682B4,0
4,8,2,-0.190773,-0.213426,-0.883408,1,All,#4682B4,0
5,8,2,-0.211869,-0.175662,-1.32294,1,All,#4682B4,0
6,8,2,-0.341032,0.0555493,-1.22194,1,All,#4682B4,0
7,8,2,-0.336627,0.0476645,-0.0138013,1,All,#4682B4,0
8,8,2,-0.0710944,-0.427661,-1.60908,1,All,#4682B4,0
9,8,2,-0.254707,-0.0989797,-0.419862,1,All,#4682B4,0
10,8,2,-0.0885097,-0.396486,-0.717078,1,All,#4682B4,0
1,8,3,-0.376125,0.118369,-0.173625,1,All,#4682B4,0
2,8,3,-0.281154,-0.0516368,-0.690422,1,All,#4682B4,0
3,8,3,0.014853,-0.581514,-2.30307,1,All,#4682B4,0
4,8,3,-0.305696,-0.00770504,-0.0716851,1,All,#4682B4,0
5,8,3,-0.378632,0.122856,-0.218838,1,All,#4682B4,0
6,8,3,0.170335,-0.85984,-1.22808,1,All,#4682B4,0
7,8,3,-0.450364,0.251263,-1.25352,1,All,#4682B4,0
8,8,3,-0.212706,-0.174164,-2.33364,1,All,#4682B4,0
9,8,3,-0.327308,0.0309833,-1.58336,1,All,#4682B4,0
10,8,3,-0.227549,-0.147595,-0.661479,1,All,#4682B4,0
1,8,4,0.851318,-0.26197,-0.26197,0,All,#4682B4,0
2,8,4,1.06403,-0.642748,-0.642748,0,All,#4682B4,0
3,8,4,0.788124,-0.148847,-0.148847,0,All,#4682B4,0
4,8,4,0.902054,-0.352791,-0.352791,0,All,#4682B4,0
5,8,4,0.873839,-0.302284,-0.302284,0,All,#4682B4,0
6,8,4,1.19888,-0.884138,-0.884138,0,All,#4682B4,0
7,8,4,1.15082,-0.798098,-0.798098,0,All,#4682B4,0
8,8,4,0.842916,-0.24693,-0.24693,0,All,#4682B4,0
9,8,4,1.0797,-0.670797,-0.670797,0,All,#4682B4,0
10,8,4,0.968793,-0.47226,-0.47226,0,All,#4682B4,0
1,8,5,1.55516,0.512809,0.512809,0,All,#4682B4,0
2,8,5,1.75425,0.15641,0.15641,0,All,#4682B4,0
3,8,5,1.21542,1.12097,1.12097,0,All,#4682B4,0
4,8,5,1.54528,0.530491,0.530491,0,All,#4682B4,0
5,8,5,1.67242,0.302898,0.302898,0,All,#4682B4,0
6,8,5,1.65847,0.32786,0.32786,0,All,#4682B4,0
7,8,5,2.05276,-0.377941,-0.377941,0,All,#4682B4,0
8,8,5,1.49142,0.626893,0.626893,0,All,#4682B4,0
9,8,5,1.76274,0.141224,0.141224,0,All,#4682B4,0
10,8,5,1.64773,0.347101,0.347101,0,All,#4682B4,0
1,8,6,1.79533,1.06639,1.06639,0,All,#4682B4,0
2,8,6,1.90889,0.863109,0.863109,0,All,#4682B4,0
3,8,6,1.39905,1.77578,1.77578,0,All,#4682B4,0
4,8,6,1.74369,1.15884,1.15884,0,All,#4682B4,0
5,8,6,1.90483,0.870373,0.870373,0,All,#4682B4,0
6,8,6,1.78064,1.0927,1.0927,0,All,#4682B4,0
7,8,6,2.22025,0.305745,0.305745,0,All,#4682B4,0
8,8,6,1.73371,1.17669,1.17669,0,All,#4682B4,0
9,8,6,1.95135,0.78711,0.78711,0,All,#4682B4,0
10,8,6,1.84443,0.978508,0.978508,0,All,#4682B4,0
1,8,7,1.76263,0.709857,0.709857,0,All,#4682B4,0
2,8,7,1.77603,0.685872,0.685872,0,All,#4682B4,0
3,8,7,1.40296,1.35369,1.35369,0,All,#4682B4,0
4,8,7,1.67909,0.859396,0.859396,0,All,#4682B4,0
5,8,7,1.82877,0.591458,0.591458,0,All,#4682B4,0
6,8,7,1.70524,0.812585,0.812585,0,All,#4682B4,0
7,8,7,2.11275,0.0831055,0.0831055,0,All,#4682B4,0
8,8,7,1.73263,0.763561,0.763561,0,All,#4682B4,0
9,8,7,1.88265,0.49501,0.49501,0,All,#4682B4,0
10,8,7,1.76996,0.69674,0.69674,0,All,#4682B4,0
1,8,8,1.57448,1.35032,1.35032,0,All,#4682B4,0
2,8,8,1.49454,1.49342,1.49342,0,All,#4682B4,0
3,8,8,1.26136,1.91084,1.91084,0,All,#4682B4,0
4,8,8,1.46294,1.55,1.55,0,All,#4682B4,0
5,8,8,1.59893,1.30657,1.30657,0,All,#4682B4,0
6,8,8,1.51037,1.46508,1.46508,0,All,#4682B4,0
7,8,8,1.88509,0.794305,0.794305,0,All,#4682B4,0
8,8,8,1.58177,1.33728,1.33728,0,All,#4682B4,0
9,8,8,1.67695,1.16689,1.16689,0,All,#4682B4,0
10,8,8,1.53926,1.41337,1.41337,0,All,#4682B4,0
1,8,9,1.28441,0.938363,0.938363,0,All,#4682B4,0
2,8,9,1.13084,1.21327,1.21327,0,All,#4682B4,0
3,8,9,0.99837,1.4504,1.4504,0,All,#4682B4,0
4,8,9,1.15096,1.17725,1.17725,0,All,#4682B4,0
5,8,9,1.27899,0.948063,0.948063,0,All,#4682B4,0
6,8,9,1.22844,1.03855,1.03855,0,All,#4682B4,0
7,8,9,1.57932,0.410447,0.410447,0,All,#4682B4,0
8,8,9,1.32204,0.871006,0.871006,0,All,#4682B4,0
9,8,9,1.37692,0.772763,0.772763,0,All,#4682B4,0
10,8,9,1.20699,1.07695,1.07695,0,All,#4682B4,0
1,8,10,0.924862,-1.85955,-1.85955,0,All,#4682B4,0
2,8,10,0.731791,-1.51394,-1.51394,0,All,#4682B4,0
3,8,10,0.646316,-1.36093,-1.36093,0,All,#4682B4,0
4,8,10,0.779575,-1.59948,-1.59948,0,All,#4682B4,0
5,8,10,0.905131,-1.82423,-1.82423,0,All,#4682B4,0
6,8,10,0.880346,-1.77987,-1.77987,0,All,#4682B4,0
7,8,10,1.2186,-2.38538,-2.38538,0,All,#4682B4,0
8,8,10,0.978917,-1.95632,-1.95632,0,All,#4682B4,0
9,8,10,1.01102,-2.01378,-2.01378,0,All,#4682B4,0
10,8,10,0.818409,-1.669,-1.669,0,All,#4682B4,0
1,8,11,0.5287,-1.25268,-1.25268,0,All,#4682B4,0
2,8,11,0.324127,-0.886481,-0.886481,0,All,#4682B4,0
3,8,11,0.251095,-0.755746,-0.755746,0,All,#4682B4,0
4,8,11,0.380294,-0.987024,-0.987024,0,All,#4682B4,0
5,8,11,0.506345,-1.21266,-1.21266,0,All,#4682B4,0
6,8,11,0.491626,-1.18632,-1.18632,0,All,#4682B4,0
7,8,11,0.826028,-1.78492,-1.78492,0,All,#4682B4,0
8,8,11,0.58739,-1.35774,-1.35774,0,All,#4682B4,0
9,8,11,0.612099,-1.40197,-1.40197,0,All,#4682B4,0
10,8,11,0.411891,-1.04359,-1.04359,0,All,#4682B4,0
1,8,12,0.121206,-0.771895,-1.05505,1,All,#4682B4,0
2,8,12,-0.0845936,-0.403496,-1.32529,1,All,#4682B4,0
3,8,12,-0.154792,-0.277834,-0.475585,1,All,#4682B4,0
4,8,12,-0.0269701,-0.506647,-1.00721,1,All,#4682B4,0
5,8,12,0.100217,-0.734324,-1.06211,1,All,#4682B4,0
6,8,12,0.0869217,-0.710523,-0.85202,1,All,#4682B4,0
7,8,12,0.421007,-1.30856,-1.45655,1,All,#4682B4,0
8,8,12,0.180689,-0.878374,-1.83433,1,All,#4682B4,0
9,8,12,0.20403,-0.920156,-1.05387,1,All,#4682B4,0
10,8,12,0.00285864,-0.560043,-0.86511,1,All,#4682B4,0
1,8,13,-0.288055,0.220774,0.220774,0,All,#4682B4,0
2,8,13,-0.492862,0.587397,0.587397,0,All,#4682B4,0
3,8,13,-0.56219,0.711499,0.711499,0,All,#4682B4,0
4,8,13,-0.435385,0.484507,0.484507,0,All,#4682B4,0
5,8,13,-0.306856,0.254429,0.254429,0,All,#4682B4,0
6,8,13,-0.3212,0.280107,0.280107,0,All,#4682B4,0
7,8,13,0.0130925,-0.318305,-0.318305,0,All,#4682B4,0
8,8,13,-0.228032,0.113328,0.113328,0,All,#4682B4,0
9,8,13,-0.205244,0.0725361,0.0725361,0,All,#4682B4,0
10,8,13,-0.406155,0.432184,0.432184,0,All,#4682B4,0
1,8,14,-0.697337,0.693365,0.295955,1,All,#4682B4,0
2,8,14,-0.899735,1.05567,-0.70164,1,All,#4682B4,0
3,8,14,-0.969435,1.18044,-0.213417,1,All,#4682B4,0
4,8,14,-0.843254,0.954569,-1.71714,1,All,#4682B4,0
5,8,14,-0.712566,0.720628,-1.05061,1,All,#4682B4,0
6,8,14,-0.729458,0.750865,-1.61438,1,All,#4682B4,0
7,8,14,-0.394723,0.15166,-0.0554627,1,All,#4682B4,0
8,8,14,-0.636415,0.58431,0.269484,1,All,#4682B4,0
9,8,14,-0.614439,0.544971,-0.416317,1,All,#4682B4,0
10,8,14,-0.814569,0.903221,-1.13286,1,All,#4682B4,0
1,9,-1,-0.501223,0.342305,-0.169834,1,All,#4682B4,0
2,9,-1,-0.63731,0.585913,0.0456045,1,All,#4682B4,0
3,9,-1,-0.490312,0.322773,0.16306,1,All,#4682B4,0
4,9,-1,-0.463975,0.275628,0.101075,1,All,#4682B4,0
5,9,-1,-0.575399,0.475086,-0.241134,1,All,#4682B4,0
6,9,-1,-0.492757,0.32715,-0.694349,1,All,#4682B4,0
7,9,-1,-0.567041,0.460125,-1.86822,1,All,#4682B4,0
8,9,-1,-0.508438,0.35522,-0.849918,1,All,#4682B4,0
9,9,-1,-0.528766,0.391609,0.342266,1,All,#4682B4,0
10,9,-1,-0.40618,0.172171,-2.06712,1,All,#4682B4,0
1,9,0,-0.501223,0.342305,-1.77857,1,All,#4682B4,0
2,9,0,-0.63731,0.585913,0.469742,1,All,#4682B4,0
3,9,0,-0.490312,0.322773,-0.177604,1,All,#4682B4,0
4,9,0,-0.463975,0.275628,0.1868,1,All,#4682B4,0
5,9,0,-0.575399,0.475086,0.0921664,1,All,#4682B4,0
6,9,0,-0.492757,0.32715,-0.396106,1,All,#4682B4,0
7,9,0,-0.567041,0.460125,-1.68011,1,All,#4682B4,0
8,9,0,-0.508438,0.35522,-0.122565,1,All,#4682B4,0
9,9,0,-0.528766,0.391609,0.137025,1,All,#4682B4,0
10,9,0,-0.40618,0.172171,-0.262199,1,All,#4682B4,0
1,9,1,-0.501223,0.342305,-0.267633,1,All,#4682B4,0
2,9,1,-0.63731,0.585913,0.032647,1,All,#4682B4,0
3,9,1,-0.490312,0.322773,-0.854795,1,All,#4682B4,0
4,9,1,-0.463975,0.275628,0.0318532,1,All,#4682B4,0
5,9,1,-0.575399,0.475086,-0.679851,1,All,#4682B4,0
6,9,1,-0.492757,0.32715,-0.725562,1,All,#4682B4,0
7,9,1,-0.567041,0.460125,-0.255043,1,All,#4682B4,0
8,9,1,-0.508438,0.35522,-0.120393,1,All,#4682B4,0
9,9,1,-0.528766,0.391609,-0.642509,1,All,#4682B4,0
10,9,1,-0.40618,0.172171,-0.537207,1,All,#4682B4,0
1,9,2,-0.56722,0.460446,-0.450401,1,All,#4682B4,0
2,9,2,-0.723523,0.74024,0.583884,1,All,#4682B4,0
3,9,2,-0.601976,0.522662,0.0933471,1,All,#4682B4,0
4,9,2,-0.53599,0.404541,-0.380924,1,All,#4682B4,0
5,9,2,-0.742748,0.774656,0.627842,1,All,#4682B4,0
6,9,2,-0.612489,0.54148,-0.515538,1,All,#4682B4,0
7,9,2,-0.723521,0.740238,-0.211884,1,All,#4682B4,0
8,9,2,-0.666709,0.638539,-0.0131,1,All,#4682B4,0
9,9,2,-0.652672,0.613412,-0.374238,1,All,#4682B4,0
10,9,2,-0.543132,0.417325,-0.262743,1,All,#4682B4,0
1,9,3,0.430113,0.0732667,0.0732667,0,All,#4682B4,0
2,9,3,0.500405,-0.0525616,-0.0525616,0,All,#4682B4,0
3,9,3,0.954062,-0.864646,-0.864646,0,All,#4682B4,0
4,9,3,0.607072,-0.243505,-0.243505,0,All,#4682B4,0
5,9,3,0.68504,-0.383073,-0.383073,0,All,#4682B4,0
6,9,3,0.51584,-0.0801927,-0.0801927,0,All,#4682B4,0
7,9,3,0.378784,0.16515,0.16515,0,All,#4682B4,0
8,9,3,0.313428,0.282142,0.282142,0,All,#4682B4,0
9,9,3,0.812966,-0.612072,-0.612072,0,All,#4682B4,0
10,9,3,0.433251,0.0676494,0.0676494,0,All,#4682B4,0
1,9,4,1.46302,0.795022,0.795022,0,All,#4682B4,0
2,9,4,1.57649,0.591909,0.591909,0,All,#4682B4,0
3,9,4,1.73643,0.305603,0.305603,0,All,#4682B4,0
4,9,4,1.60824,0.535068,0.535068,0,All,#4682B4,0
5,9,4,1.79329,0.203817,0.203817,0,All,#4682B4,0
6,9,4,1.45653,0.806647,0.806647,0,All,#4682B4,0
7,9,4,1.51971,0.693551,0.693551,0,All,#4682B4,0
8,9,4,1.12178,1.40588,1.40588,0,All,#4682B4,0
9,9,4,1.74,0.299201,0.299201,0,All,#4682B4,0
10,9,4,1.36089,0.977848,0.977848,0,All,#4682B4,0
1,9,5,1.80187,0.205049,0.205049,0,All,#4682B4,0
2,9,5,1.8963,0.0360071,0.0360071,0,All,#4682B4,0
3,9,5,1.9224,-0.0107168,-0.0107168,0,All,#4682B4,0
4,9,5,1.93496,-0.0331904,-0.0331904,0,All,#4682B4,0
5,9,5,1.96486,-0.0867142,-0.0867142,0,All,#4682B4,0
6,9,5,1.80362,0.201915,0.201915,0,All,#4682B4,0
7,9,5,1.82146,0.16998,0.16998,0,All,#4682B4,0
8,9,5,1.4571,0.822208,0.822208,0,All,#4682B4,0
9,9,5,2.00188,-0.152993,-0.152993,0,All,#4682B4,0
10,9,5,1.64934,0.478086,0.478086,0,All,#4682B4,0
1,9,6,1.75818,0.566683,0.566683,0,All,#4682B4,0
2,9,6,1.81908,0.457663,0.457663,0,All,#4682B4,0
3,9,6,1.79092,0.508069,0.508069,0,All,#4682B4,0
4,9,6,1.9032,0.307078,0.307078,0,All,#4682B4,0
5,9,6,1.72569,0.624839,0.624839,0,All,#4682B4,0
6,9,6,1.79593,0.499104,0.499104,0,All,#4682B4,0
7,9,6,1.64177,0.775071,0.775071,0,All,#4682B4,0
8,9,6,1.47169,1.07952,1.07952,0,All,#4682B4,0
9,9,6,1.92384,0.270133,0.270133,0,All,#4682B4,0
10,9,6,1.5625,0.916975,0.916975,0,All,#4682B4,0
1,9,7,1.52663,-0.246542,-0.246542,0,All,#4682B4,0
2,9,7,1.55906,-0.304601,-0.304601,0,All,#4682B4,0
3,9,7,1.49857,-0.196323,-0.196323,0,All,#4682B4,0
4,9,7,1.69913,-0.555337,-0.555337,0,All,#4682B4,0
5,9,7,1.37887,0.0179541,0.0179541,0,All,#4682B4,0
6,9,7,1.60086,-0.379419,-0.379419,0,All,#4682B4,0
7,9,7,1.30068,0.157928,0.157928,0,All,#4682B4,0
8,9,7,1.25447,0.24065,0.24065,0,All,#4682B4,0
9,9,7,1.69135,-0.541407,-0.541407,0,All,#4682B4,0
10,9,7,1.29843,0.161953,0.161953,0,All,#4682B4,0
1,9,8,1.20248,-1.69412,-1.69412,0,All,#4682B4,0
2,9,8,1.20769,-1.70345,-1.70345,0,All,#4682B4,0
3,9,8,1.12521,-1.5558,-1.5558,0,All,#4682B4,0
4,9,8,1.39601,-2.04055,-2.04055,0,All,#4682B4,0
5,9,8,1.01373,-1.35625,-1.35625,0,All,#4682B4,0
6,9,8,1.30183,-1.87197,-1.87197,0,All,#4682B4,0
7,9,8,0.919974,-1.18842,-1.18842,0,All,#4682B4,0
8,9,8,0.911074,-1.17248,-1.17248,0,All,#4682B4,0
9,9,8,1.37213,-1.99782,-1.99782,0,All,#4682B4,0
10,9,8,0.966967,-1.27254,-1.27254,0,All,#4682B4,0
1,9,9,0.830281,-1.30484,-1.30484,0,All,#4682B4,0
2,9,9,0.816221,-1.27967,-1.27967,0,All,#4682B4,0
3,9,9,0.724219,-1.11498,-1.11498,0,All,#4682B4,0
4,9,9,1.03101,-1.66417,-1.66417,0,All,#4682B4,0
5,9,9,0.658257,-0.9969,-0.9969,0,All,#4682B4,0
6,9,9,0.941475,-1.50388,-1.50388,0,All,#4682B4,0
7,9,9,0.536304,-0.778594,-0.778594,0,All,#4682B4,0
8,9,9,0.521556,-0.752193,-0.752193,0,All,#4682B4,0
9,9,9,1.00129,-1.61096,-1.61096,0,All,#4682B4,0
10,9,9,0.61665,-0.922419,-0.922419,0,All,#4682B4,0
1,9,10,0.435881,-0.65606,-0.65606,0,All,#4682B4,0
2,9,10,0.412629,-0.614437,-0.614437,0,All,#4682B4,0
3,9,10,0.318911,-0.446673,-0.446673,0,All,#4682B4,0
4,9,10,0.635166,-1.0128,-1.0128,0,All,#4682B4,0
5,9,10,0.298986,-0.411006,-0.411006,0,All,#4682B4,0
6,9,10,0.55053,-0.861292,-0.861292,0,All,#4682B4,0
7,9,10,0.16707,-0.174867,-0.174867,0,All,#4682B4,0
8,9,10,0.12166,-0.093578,-0.093578,0,All,#4682B4,0
9,9,10,0.605722,-0.96009,-0.96009,0,All,#4682B4,0
10,9,10,0.254881,-0.332056,-0.332056,0,All,#4682B4,0
1,9,11,0.033925,-0.156004,-0.156004,0,All,#4682B4,0
2,9,11,0.00733249,-0.108401,-0.108401,0,All,#4682B4,0
3,9,11,-0.0846646,0.0562814,0.0562814,0,All,#4682B4,0
4,9,11,0.229699,-0.506456,-0.506456,0,All,#4682B4,0
5,9,11,-0.0747976,0.0386186,0.0386186,0,All,#4682B4,0
6,9,11,0.149409,-0.362729,-0.362729,0,All,#4682B4,0
7,9,11,-0.189299,0.243586,0.243586,0,All,#4682B4,0
8,9,11,-0.278545,0.403344,0.403344,0,All,#4682B4,0
9,9,11,0.202629,-0.457998,-0.457998,0,All,#4682B4,0
10,9,11,-0.118261,0.116422,0.116422,0,All,#4682B4,0
1,9,12,-0.368211,0.644469,0.644469,0,All,#4682B4,0
2,9,12,-0.39572,0.693713,0.693713,0,All,#4682B4,0
3,9,12,-0.482938,0.849841,0.849841,0,All,#4682B4,0
4,9,12,-0.176989,0.302166,0.302166,0,All,#4682B4,0
5,9,12,-0.462654,0.81353,0.81353,0,All,#4682B4,0
6,9,12,-0.252278,0.436939,0.436939,0,All,#4682B4,0
7,9,12,-0.54229,0.956085,0.956085,0,All,#4682B4,0
8,9,12,-0.675067,1.19377,1.19377,0,All,#4682B4,0
9,9,12,-0.200369,0.344018,0.344018,0,All,#4682B4,0
10,9,12,-0.497145,0.875271,0.875271,0,All,#4682B4,0
1,9,13,-0.764655,1.477,1.477,0,All,#4682B4,0
2,9,13,-0.792079,1.5261,1.5261,0,All,#4682B4,0
3,9,13,-0.871781,1.66877,1.66877,0,All,#4682B4,0
4,9,13,-0.581924,1.1499,1.1499,0,All,#4682B4,0
5,9,13,-0.8603,1.64822,1.64822,0,All,#4682B4,0
6,9,13,-0.648631,1.26931,1.26931,0,All,#4682B4,0
7,9,13,-0.900757,1.72064,1.72064,0,All,#4682B4,0
8,9,13,-1.06482,2.01432,2.01432,0,All,#4682B4,0
9,9,13,-0.598252,1.17913,1.17913,0,All,#4682B4,0
10,9,13,-0.878738,1.68122,1.68122,0,All,#4682B4,0
1,9,14,-1.14533,2.4379,2.4379,0,All,#4682B4,0
2,9,14,-1.17475,2.49057,2.49057,0,All,#4682B4,0
3,9,14,-1.24697,2.61984,2.61984,0,All,#4682B4,0
4,9,14,-0.982014,2.14556,2.14556,0,All,#4682B4,0
5,9,14,-1.26391,2.65017,2.65017,0,All,#4682B4,0
6,9,14,-1.03156,2.23424,2.23424,0,All,#4682B4,0
7,9,14,-1.26832,2.65806,2.65806,0,All,#4682B4,0
8,9,14,-1.44465,2.97371,2.97371,0,All,#4682B4,0
9,9,14,-0.983357,2.14796,2.14796,0,All,#4682B4,0
10,9,14,-1.26234,2.64736,2.64736,0,All,#4682B4,0
1,10,-1,-0.828213,0.927644,0.204157,1,All,#4682B4,0
2,10,-1,-0.576416,0.476907,-0.152015,1,All,#4682B4,0
3,10,-1,-0.873186,1.00815,0.589085,1,All,#4682B4,0
4,10,-1,-0.81381,0.901863,0.290117,1,All,#4682B4,0
5,10,-1,-0.82325,0.91876,-0.480571,1,All,#4682B4,0
6,10,-1,-0.74498,0.77865,-0.857864,1,All,#4682B4,0
7,10,-1,-0.675101,0.653562,0.447008,1,All,#4682B4,0
8,10,-1,-0.576005,0.476171,-1.52217,1,All,#4682B4,0
9,10,-1,-0.681595,0.665187,-0.206494,1,All,#4682B4,0
10,10,-1,-0.680908,0.663957,-0.19482,1,All,#4682B4,0
1,10,0,-0.828213,1.18318,1.18318,0,All,#4682B4,0
2,10,0,-0.576416,0.732442,0.732442,0,All,#4682B4,0
3,10,0,-0.873186,1.26369,1.26369,0,All,#4682B4,0
4,10,0,-0.81381,1.1574,1.1574,0,All,#4682B4,0
5,10,0,-0.82325,1.17429,1.17429,0,All,#4682B4,0
6,10,0,-0.74498,1.03418,1.03418,0,All,#4682B4,0
7,10,0,-0.675101,0.909096,0.909096,0,All,#4682B4,0
8,10,0,-0.576005,0.731706,0.731706,0,All,#4682B4,0
9,10,0,-0.681595,0.920721,0.920721,0,All,#4682B4,0
10,10,0,-0.680908,0.919491,0.919491,0,All,#4682B4,0
1,10,1,-0.828213,0.927644,-0.602245,1,All,#4682B4,0
2,10,1,-0.576416,0.476907,-0.598399,1,All,#4682B4,0
3,10,1,-0.873186,1.00815,-0.509553,1,All,#4682B4,0
4,10,1,-0.81381,0.901863,-2.21395,1,All,#4682B4,0
5,10,1,-0.82325,0.91876,-0.330658,1,All,#4682B4,0
6,10,1,-0.74498,0.77865,-0.313232,1,All,#4682B4,0
7,10,1,-0.675101,0.653562,-1.79563,1,All,#4682B4,0
8,10,1,-0.576005,0.476171,-0.704355,1,All,#4682B4,0
9,10,1,-0.681595,0.665187,-0.437689,1,All,#4682B4,0
10,10,1,-0.680908,0.663957,0.0981583,1,All,#4682B4,0
1,10,2,0.221489,-0.550569,-0.550569,0,All,#4682B4,0
2,10,2,0.346786,-0.77486,-0.77486,0,All,#4682B4,0
3,10,2,0.256603,-0.613425,-0.613425,0,All,#4682B4,0
4,10,2,-0.280062,0.34725,0.34725,0,All,#4682B4,0
5,10,2,0.159962,-0.440431,-0.440431,0,All,#4682B4,0
6,10,2,0.33148,-0.747462,-0.747462,0,All,#4682B4,0
7,10,2,-0.20337,0.209964,0.209964,0,All,#4682B4,0
8,10,2,-0.0518947,-0.0611892,-0.0611892,0,All,#4682B4,0
9,10,2,-0.214016,0.229022,0.229022,0,All,#4682B4,0
10,10,2,0.252441,-0.605975,-0.605975,0,All,#4682B4,0
1,10,3,1.76306,1.32325,1.32325,0,All,#4682B4,0
2,10,3,2.28472,0.389434,0.389434,0,All,#4682B4,0
3,10,3,2.13616,0.655375,0.655375,0,All,#4682B4,0
4,10,3,1.75585,1.33616,1.33616,0,All,#4682B4,0
5,10,3,1.95715,0.975811,0.975811,0,All,#4682B4,0
6,10,3,1.95268,0.983812,0.983812,0,All,#4682B4,0
7,10,3,1.64152,1.54082,1.54082,0,All,#4682B4,0
8,10,3,2.0057,0.888897,0.888897,0,All,#4682B4,0
9,10,3,1.46739,1.85252,1.85252,0,All,#4682B4,0
10,10,3,2.1341,0.659057,0.659057,0,All,#4682B4,0
1,10,4,1.81514,0.700937,0.700937,0,All,#4682B4,0
2,10,4,2.11774,0.159255,0.159255,0,All,#4682B4,0
3,10,4,2.14688,0.107091,0.107091,0,All,#4682B4,0
4,10,4,2.04875,0.282763,0.282763,0,All,#4682B4,0
5,10,4,1.98265,0.401084,0.401084,0,All,#4682B4,0
6,10,4,2.06697,0.250145,0.250145,0,All,#4682B4,0
7,10,4,2.07457,0.236531,0.236531,0,All,#4682B4,0
8,10,4,2.29582,-0.159515,-0.159515,0,All,#4682B4,0
9,10,4,1.81595,0.699481,0.699481,0,All,#4682B4,0
10,10,4,2.30856,-0.182324,-0.182324,0,All,#4682B4,0
1,10,5,1.48505,0.529078,0.529078,0,All,#4682B4,0
2,10,5,1.72747,0.0951294,0.0951294,0,All,#4682B4,0
3,10,5,1.79537,-0.0264252,-0.0264252,0,All,#4682B4,0
4,10,5,1.76163,0.033977,0.033977,0,All,#4682B4,0
5,10,5,1.62878,0.271793,0.271793,0,All,#4682B4,0
6,10,5,1.76393,0.0298619,0.0298619,0,All,#4682B4,0
7,10,5,1.92986,-0.267173,-0.267173,0,All,#4682B4,0
8,10,5,2.06165,-0.503082,-0.503082,0,All,#4682B4,0
9,10,5,1.60932,0.306615,0.306615,0,All,#4682B4,0
10,10,5,2.04455,-0.472479,-0.472479,0,All,#4682B4,0
1,10,6,1.10608,0.724152,0.724152,0,All,#4682B4,0
2,10,6,1.32345,0.335053,0.335053,0,All,#4682B4,0
3,10,6,1.40376,0.191287,0.191287,0,All,#4682B4,0
4,10,6,1.37871,0.236134,0.236134,0,All,#4682B4,0
5,10,6,1.23701,0.489783,0.489783,0,All,#4682B4,0
6,10,6,1.38523,0.224458,0.224458,0,All,#4682B4,0
7,10,6,1.61918,-0.194341,-0.194341,0,All,#4682B4,0
8,10,6,1.71597,-0.367587,-0.367587,0,All,#4682B4,0
9,10,6,1.25848,0.45135,0.45135,0,All,#4682B4,0
10,10,6,1.68995,-0.32102,-0.32102,0,All,#4682B4,0
1,10,7,0.756844,0.763595,0.763595,0,All,#4682B4,0
2,10,7,0.924676,0.463163,0.463163,0,All,#4682B4,0
3,10,7,1.02352,0.286222,0.286222,0,All,#4682B4,0
4,10,7,0.990565,0.345215,0.345215,0,All,#4682B4,0
5,10,7,0.862785,0.573954,0.573954,0,All,#4682B4,0
6,10,7,1.00414,0.320907,0.320907,0,All,#4682B4,0
7,10,7,1.26153,-0.13984,-0.13984,0,All,#4682B4,0
8,10,7,1.34624,-0.291469,-0.291469,0,All,#4682B4,0
9,10,7,0.892958,0.51994,0.51994,0,All,#4682B4,0
10,10,7,1.3076,-0.222308,-0.222308,0,All,#4682B4,0
1,10,8,0.476813,0.598934,0.598934,0,All,#4682B4,0
2,10,8,0.540416,0.485079,0.485079,0,All,#4682B4,0
3,10,8,0.69843,0.202221,0.202221,0,All,#4682B4,0
4,10,8,0.628843,0.326786,0.326786,0,All,#4682B4,0
5,10,8,0.532811,0.498693,0.498693,0,All,#4682B4,0
6,10,8,0.663098,0.265468,0.265468,0,All,#4682B4,0
7,10,8,0.883119,-0.128389,-0.128389,0,All,#4682B4,0
8,10,8,0.984672,-0.310177,-0.310177,0,All,#4682B4,0
9,10,8,0.576735,0.420065,0.420065,0,All,#4682B4,0
10,10,8,0.916982,-0.189005,-0.189005,0,All,#4682B4,0
1,10,9,0.204121,-0.384318,-0.384318,0,All,#4682B4,0
2,10,9,0.173538,-0.329573,-0.329573,0,All,#4682B4,0
3,10,9,0.424642,-0.779069,-0.779069,0,All,#4682B4,0
4,10,9,0.306881,-0.568268,-0.568268,0,All,#4682B4,0
5,10,9,0.223453,-0.418924,-0.418924,0,All,#4682B4,0
6,10,9,0.369807,-0.680911,-0.680911,0,All,#4682B4,0
7,10,9,0.495975,-0.906762,-0.906762,0,All,#4682B4,0
8,10,9,0.636683,-1.15864,-1.15864,0,All,#4682B4,0
9,10,9,0.326004,-0.6025,-0.6025,0,All,#4682B4,0
10,10,9,0.530821,-0.969138,-0.969138,0,All,#4682B4,0
1,10,10,-0.0932812,0.112428,0.112428,0,All,#4682B4,0
2,10,10,-0.182485,0.272111,0.272111,0,All,#4682B4,0
3,10,10,0.15333,-0.329025,-0.329025,0,All,#4682B4,0
4,10,10,0.0113156,-0.0748086,-0.0748086,0,All,#4682B4,0
5,10,10,-0.0935712,0.112947,0.112947,0,All,#4682B4,0
6,10,10,0.0810174,-0.199581,-0.199581,0,All,#4682B4,0
7,10,10,0.109716,-0.250954,-0.250954,0,All,#4682B4,0
8,10,10,0.298696,-0.589244,-0.589244,0,All,#4682B4,0
9,10,10,0.0549029,-0.152834,-0.152834,0,All,#4682B4,0
10,10,10,0.156543,-0.334778,-0.334778,0,All,#4682B4,0
1,10,11,-0.416366,0.190403,-0.478637,1,All,#4682B4,0
2,10,11,-0.537875,0.407915,-1.48304,1,All,#4682B4,0
3,10,11,-0.141521,-0.301591,-0.506918,1,All,#4682B4,0
4,10,11,-0.282326,-0.0495383,-2.30077,1,All,#4682B4,0
5,10,11,-0.427846,0.210954,0.121754,1,All,#4682B4,0
6,10,11,-0.227799,-0.147146,-1.27869,1,All,#4682B4,0
7,10,11,-0.27221,-0.067648,-0.295245,1,All,#4682B4,0
8,10,11,-0.0372986,-0.488158,-0.837565,1,All,#4682B4,0
9,10,11,-0.259931,-0.0896275,-1.02213,1,All,#4682B4,0
10,10,11,-0.203623,-0.190424,-0.551569,1,All,#4682B4,0
1,10,12,-0.760089,0.805697,-0.146569,1,All,#4682B4,0
2,10,12,-0.899898,1.05597,0.16084,1,All,#4682B4,0
3,10,12,-0.462238,0.272519,-0.181529,1,All,#4682B4,0
4,10,12,-0.58876,0.499003,-0.882567,1,All,#4682B4,0
5,10,12,-0.7795,0.840445,0.770209,1,All,#4682B4,0
6,10,12,-0.558344,0.444556,-0.392106,1,All,#4682B4,0
7,10,12,-0.650033,0.608687,-2.81585,1,All,#4682B4,0
8,10,12,-0.379432,0.12429,-0.153262,1,All,#4682B4,0
9,10,12,-0.60743,0.532424,-0.358568,1,All,#4682B4,0
10,10,12,-0.553471,0.435834,-1.60029,1,All,#4682B4,0
1,10,13,-1.11991,1.44981,-1.39608,1,All,#4682B4,0
2,10,13,-1.27138,1.72095,-0.863783,1,All,#4682B4,0
3,10,13,-0.804722,0.885594,-0.8401,1,All,#4682B4,0
4,10,13,-0.912368,1.07829,-0.232157,1,All,#4682B4,0
5,10,13,-1.14596,1.49644,-0.373621,1,All,#4682B4,0
6,10,13,-0.90753,1.06963,-0.328519,1,All,#4682B4,0
7,10,13,-1.02586,1.28146,-1.37046,1,All,#4682B4,0
8,10,13,-0.73209,0.755575,-1.57406,1,All,#4682B4,0
9,10,13,-0.976376,1.19287,-0.236995,1,All,#4682B4,0
10,10,13,-0.899989,1.05613,0.280083,1,All,#4682B4,0
1,10,14,-1.49225,2.11632,0.345926,1,All,#4682B4,0
2,10,14,-1.65224,2.40273,-0.0310361,1,All,#4682B4,0
3,10,14,-1.16446,1.52955,0.873336,1,All,#4682B4,0
4,10,14,-1.25286,1.68779,0.611546,1,All,#4682B4,0
5,10,14,-1.52429,2.17368,1.87963,1,All,#4682B4,0
6,10,14,-1.27084,1.71998,-1.14273,1,All,#4682B4,0
7,10,14,-1.40211,1.95497,0.322063,1,All,#4682B4,0
8,10,14,-1.09631,1.40756,0.329282,1,All,#4682B4,0
9,10,14,-1.35953,1.87874,0.726204,1,All,#4682B4,0
10,10,14,-1.24916,1.68118,-0.00621149,1,All,#4682B4,0
1,11,-1,-0.124046,0.293894,0.293894,0,All,#4682B4,0
2,11,-1,-0.168338,0.37318,0.37318,0,All,#4682B4,0
3,11,-1,-0.300599,0.609939,0.609939,0,All,#4682B4,0
4,11,-1,0.0328383,0.0130581,0.0130581,0,All,#4682B4,0
5,11,-1,-0.394125,0.777358,0.777358,0,All,#4682B4,0
6,11,-1,-0.240357,0.502101,0.502101,0,All,#4682B4,0
7,11,-1,-0.370639,0.735316,0.735316,0,All,#4682B4,0
8,11,-1,-0.295133,0.600154,0.600154,0,All,#4682B4,0
9,11,-1,-0.0818028,0.218275,0.218275,0,All,#4682B4,0
10,11,-1,-0.0835898,0.221474,0.221474,0,All,#4682B4,0
1,11,0,-0.124046,0.118976,0.118976,0,All,#4682B4,0
2,11,0,-0.168338,0.198262,0.198262,0,All,#4682B4,0
3,11,0,-0.300599,0.435021,0.435021,0,All,#4682B4,0
4,11,0,0.0328383,-0.16186,-0.16186,0,All,#4682B4,0
5,11,0,-0.394125,0.60244,0.60244,0,All,#4682B4,0
6,11,0,-0.240357,0.327183,0.327183,0,All,#4682B4,0
7,11,0,-0.370639,0.560398,0.560398,0,All,#4682B4,0
8,11,0,-0.295133,0.425236,0.425236,0,All,#4682B4,0
9,11,0,-0.0818028,0.0433573,0.0433573,0,All,#4682B4,0
10,11,0,-0.0835898,0.0465561,0.0465561,0,All,#4682B4,0
1,11,1,-0.124046,-0.332873,-0.338951,1,All,#4682B4,0
2,11,1,-0.168338,-0.253587,-1.2053,1,All,#4682B4,0
3,11,1,-0.300599,-0.016828,-1.90008,1,All,#4682B4,0
4,11,1,0.0328383,-0.613709,-0.926473,1,All,#4682B4,0
5,11,1,-0.394125,0.15059,0.0231268,1,All,#4682B4,0
6,11,1,-0.240357,-0.124666,-0.269452,1,All,#4682B4,0
7,11,1,-0.370639,0.108549,0.0233582,1,All,#4682B4,0
8,11,1,-0.295133,-0.0266134,-1.73392,1,All,#4682B4,0
9,11,1,-0.0818028,-0.408492,-0.688886,1,All,#4682B4,0
10,11,1,-0.0835898,-0.405293,-0.424016,1,All,#4682B4,0
1,11,2,-0.222794,-0.123424,-0.123424,0,All,#4682B4,0
2,11,2,-0.247401,-0.0793763,-0.0793763,0,All,#4682B4,0
3,11,2,-0.362517,0.126691,0.126691,0,All,#4682B4,0
4,11,2,-0.0940084,-0.353961,-0.353961,0,All,#4682B4,0
5,11,2,-0.498076,0.369353,0.369353,0,All,#4682B4,0
6,11,2,-0.330489,0.0693592,0.0693592,0,All,#4682B4,0
7,11,2,-0.446155,0.276411,0.276411,0,All,#4682B4,0
8,11,2,-0.414235,0.219271,0.219271,0,All,#4682B4,0
9,11,2,-0.210403,-0.145606,-0.145606,0,All,#4682B4,0
10,11,2,-0.201006,-0.162426,-0.162426,0,All,#4682B4,0
1,11,3,0.293184,-0.234992,-0.234992,0,All,#4682B4,0
2,11,3,0.294461,-0.237277,-0.237277,0,All,#4682B4,0
3,11,3,0.391206,-0.410459,-0.410459,0,All,#4682B4,0
4,11,3,0.408745,-0.441855,-0.441855,0,All,#4682B4,0
5,11,3,0.448662,-0.513309,-0.513309,0,All,#4682B4,0
6,11,3,0.352269,-0.340759,-0.340759,0,All,#4682B4,0
7,11,3,0.354614,-0.344956,-0.344956,0,All,#4682B4,0
8,11,3,0.546053,-0.687648,-0.687648,0,All,#4682B4,0
9,11,3,0.410723,-0.445395,-0.445395,0,All,#4682B4,0
10,11,3,0.294634,-0.237586,-0.237586,0,All,#4682B4,0
1,11,4,1.16824,-0.093054,-0.093054,0,All,#4682B4,0
2,11,4,1.15133,-0.0627942,-0.0627942,0,All,#4682B4,0
3,11,4,1.32098,-0.366482,-0.366482,0,All,#4682B4,0
4,11,4,1.13412,-0.0319827,-0.0319827,0,All,#4682B4,0
5,11,4,1.3272,-0.377612,-0.377612,0,All,#4682B4,0
6,11,4,1.22618,-0.196781,-0.196781,0,All,#4682B4,0
7,11,4,1.30259,-0.33355,-0.33355,0,All,#4682B4,0
8,11,4,1.35963,-0.435661,-0.435661,0,All,#4682B4,0
9,11,4,1.17536,-0.105801,-0.105801,0,All,#4682B4,0
10,11,4,1.11973,-0.00622996,-0.00622996,0,All,#4682B4,0
1,11,5,1.56413,0.101168,0.101168,0,All,#4682B4,0
2,11,5,1.55264,0.121736,0.121736,0,All,#4682B4,0
3,11,5,1.70875,-0.157705,-0.157705,0,All,#4682B4,0
4,11,5,1.48575,0.241467,0.241467,0,All,#4682B4,0
5,11,5,1.69469,-0.132553,-0.132553,0,All,#4682B4,0
6,11,5,1.61631,0.00776763,0.00776763,0,All,#4682B4,0
7,11,5,1.69095,-0.12585,-0.12585,0,All,#4682B4,0
8,11,5,1.68117,-0.108341,-0.108341,0,All,#4682B4,0
9,11,5,1.51008,0.197914,0.197914,0,All,#4682B4,0
10,11,5,1.50912,0.199632,0.199632,0,All,#4682B4,0
1,11,6,1.65047,0.844094,0.844094,0,All,#4682B4,0
2,11,6,1.66131,0.824684,0.824684,0,All,#4682B4,0
3,11,6,1.78115,0.610152,0.610152,0,All,#4682B4,0
4,11,6,1.58346,0.964049,0.964049,0,All,#4682B4,0
5,11,6,1.74517,0.67456,0.67456,0,All,#4682B4,0
6,11,6,1.70106,0.753537,0.753537,0,All,#4682B4,0
7,11,6,1.72189,0.716234,0.716234,0,All,#4682B4,0
8,11,6,1.70138,0.752951,0.752951,0,All,#4682B4,0
9,11,6,1.55833,1.00903,1.00903,0,All,#4682B4,0
10,11,6,1.597,0.939809,0.939809,0,All,#4682B4,0
1,11,7,1.51719,2.84063,2.84063,0,All,#4682B4,0
2,11,7,1.54786,2.78572,2.78572,0,All,#4682B4,0
3,11,7,1.65403,2.59568,2.59568,0,All,#4682B4,0
4,11,7,1.48363,2.90071,2.90071,0,All,#4682B4,0
5,11,7,1.58082,2.72672,2.72672,0,All,#4682B4,0
6,11,7,1.56593,2.75339,2.75339,0,All,#4682B4,0
7,11,7,1.51699,2.84098,2.84098,0,All,#4682B4,0
8,11,7,1.51914,2.83714,2.83714,0,All,#4682B4,0
9,11,7,1.39141,3.06578,3.06578,0,All,#4682B4,0
10,11,7,1.4575,2.94748,2.94748,0,All,#4682B4,0
1,11,8,1.22448,0.0352879,0.0352879,0,All,#4682B4,0
2,11,8,1.25422,-0.017952,-0.017952,0,All,#4682B4,0
3,11,8,1.38202,-0.246717,-0.246717,0,All,#4682B4,0
4,11,8,1.21733,0.0480841,0.0480841,0,All,#4682B4,0
5,11,8,1.26853,-0.0435673,-0.0435673,0,All,#4682B4,0
6,11,8,1.26208,-0.0320132,-0.0320132,0,All,#4682B4,0
7,11,8,1.1708,0.131382,0.131382,0,All,#4682B4,0
8,11,8,1.19657,0.085247,0.085247,0,All,#4682B4,0
9,11,8,1.06732,0.316629,0.316629,0,All,#4682B4,0
10,11,8,1.15186,0.16528,0.16528,0,All,#4682B4,0
1,11,9,0.840671,0.17716,0.17716,0,All,#4682B4,0
2,11,9,0.861566,0.139757,0.139757,0,All,#4682B4,0
3,11,9,1.01193,-0.129399,-0.129399,0,All,#4682B4,0
4,11,9,0.840571,0.177339,0.177339,0,All,#4682B4,0
5,11,9,0.878054,0.110243,0.110243,0,All,#4682B4,0
6,11,9,0.868697,0.126992,0.126992,0,All,#4682B4,0
7,11,9,0.769951,0.303756,0.303756,0,All,#4682B4,0
8,11,9,0.802718,0.2451,0.2451,0,All,#4682B4,0
9,11,9,0.671171,0.48058,0.48058,0,All,#4682B4,0
10,11,9,0.761098,0.319603,0.319603,0,All,#4682B4,0
1,11,10,0.433057,-1.14291,-1.14291,0,All,#4682B4,0
2,11,10,0.452373,-1.17748,-1.17748,0,All,#4682B4,0
3,11,10,0.606293,-1.45301,-1.45301,0,All,#4682B4,0
4,11,10,0.433152,-1.14308,-1.14308,0,All,#4682B4,0
5,11,10,0.469924,-1.2089,-1.2089,0,All,#4682B4,0
6,11,10,0.459517,-1.19027,-1.19027,0,All,#4682B4,0
7,11,10,0.36095,-1.01383,-1.01383,0,All,#4682B4,0
8,11,10,0.393967,-1.07293,-1.07293,0,All,#4682B4,0
9,11,10,0.262747,-0.838037,-0.838037,0,All,#4682B4,0
10,11,10,0.352887,-0.999395,-0.999395,0,All,#4682B4,0
1,11,11,0.0234495,-0.479648,-0.479648,0,All,#4682B4,0
2,11,11,0.0425557,-0.51385,-0.51385,0,All,#4682B4,0
3,11,11,0.196695,-0.789773,-0.789773,0,All,#4682B4,0
4,11,11,0.0235314,-0.479795,-0.479795,0,All,#4682B4,0
5,11,11,0.0604944,-0.545962,-0.545962,0,All,#4682B4,0
6,11,11,0.0497228,-0.52668,-0.52668,0,All,#4682B4,0
7,11,11,-0.0485363,-0.350788,-0.350788,0,All,#4682B4,0
8,11,11,-0.0157383,-0.409499,-0.409499,0,All,#4682B4,0
9,11,11,-0.14658,-0.175282,-0.175282,0,All,#4682B4,0
10,11,11,-0.0566001,-0.336353,-0.336353,0,All,#4682B4,0
1,11,12,-0.38628,0.136548,0.109865,1,All,#4682B4,0
2,11,12,-0.367261,0.102501,-0.213689,1,All,#4682B4,0
3,11,12,-0.213056,-0.173538,-0.493717,1,All,#4682B4,0
4,11,12,-0.386216,0.136432,-0.310491,1,All,#4682B4,0
5,11,12,-0.348938,0.0697027,-0.521367,1,All,#4682B4,0
6,11,12,-0.360096,0.089676,-3.18812,1,All,#4682B4,0
7,11,12,-0.457948,0.264839,-0.0221191,1,All,#4682B4,0
8,11,12,-0.425581,0.206899,-0.368022,1,All,#4682B4,0
9,11,12,-0.555968,0.440304,-0.793174,1,All,#4682B4,0
10,11,12,-0.466183,0.279581,-0.578506,1,All,#4682B4,0
1,11,13,-0.795983,0.869951,-1.37904,1,All,#4682B4,0
2,11,13,-0.77709,0.83613,-1.10071,1,All,#4682B4,0
3,11,13,-0.622752,0.559853,0.040375,1,All,#4682B4,0
4,11,13,-0.795968,0.869922,-0.128054,1,All,#4682B4,0
5,11,13,-0.758188,0.802294,-1.85987,1,All,#4682B4,0
6,11,13,-0.769899,0.823258,-0.345302,1,All,#4682B4,0
7,11,13,-0.86715,0.997346,-1.31412,1,All,#4682B4,0
8,11,13,-0.835831,0.941281,-0.235932,1,All,#4682B4,0
9,11,13,-0.965289,1.17302,-0.395588,1,All,#4682B4,0
10,11,13,-0.875773,1.01278,-0.153878,1,All,#4682B4,0
1,11,14,-1.20595,1.60382,0.528432,1,All,#4682B4,0
2,11,14,-1.18706,1.57,0.405798,1,All,#4682B4,0
3,11,14,-1.03234,1.29304,-0.427009,1,All,#4682B4,0
4,11,14,-1.20576,1.60348,-0.126577,1,All,#4682B4,0
5,11,14,-1.16723,1.53451,-2.30984,1,All,#4682B4,0
6,11,14,-1.17969,1.55681,0.834307,1,All,#4682B4,0
7,11,14,-1.27607,1.72935,1.49014,1,All,#4682B4,0
8,11,14,-1.24604,1.67558,-0.80442,1,All,#4682B4,0
9,11,14,-1.37451,1.90557,0.580485,1,All,#4682B4,0
10,11,14,-1.28546,1.74616,-1.38012,1,All,#4682B4,0
1,12,-1,-0.684536,0.734081,0.734081,0,All,#4682B4,0
2,12,-1,-0.687475,0.739343,0.739343,0,All,#4682B4,0
3,12,-1,-0.552113,0.497033,0.497033,0,All,#4682B4,0
4,12,-1,-0.482332,0.372119,0.372119,0,All,#4682B4,0
5,12,-1,-0.58581,0.557353,0.557353,0,All,#4682B4,0
6,12,-1,-0.63734,0.649596,0.649596,0,All,#4682B4,0
7,12,-1,-0.559754,0.51071,0.51071,0,All,#4682B4,0
8,12,-1,-0.546659,0.487269,0.487269,0,All,#4682B4,0
9,12,-1,-0.701725,0.76485,0.76485,0,All,#4682B4,0
10,12,-1,-0.609655,0.600038,0.600038,0,All,#4682B4,0
1,12,0,-0.684536,0.79459,0.79459,0,All,#4682B4,0
2,12,0,-0.687475,0.799851,0.799851,0,All,#4682B4,0
3,12,0,-0.552113,0.557541,0.557541,0,All,#4682B4,0
4,12,0,-0.482332,0.432628,0.432628,0,All,#4682B4,0
5,12,0,-0.58581,0.617862,0.617862,0,All,#4682B4,0
6,12,0,-0.63734,0.710104,0.710104,0,All,#4682B4,0
7,12,0,-0.559754,0.571218,0.571218,0,All,#4682B4,0
8,12,0,-0.546659,0.547778,0.547778,0,All,#4682B4,0
9,12,0,-0.701725,0.825358,0.825358,0,All,#4682B4,0
10,12,0,-0.609655,0.660547,0.660547,0,All,#4682B4,0
1,12,1,-0.684536,0.670451,0.26218,1,All,#4682B4,0
2,12,1,-0.687475,0.675713,-0.668419,1,All,#4682B4,0
3,12,1,-0.552113,0.433402,-0.406717,1,All,#4682B4,0
4,12,1,-0.482332,0.308489,0.117295,1,All,#4682B4,0
5,12,1,-0.58581,0.493723,-0.475123,1,All,#4682B4,0
6,12,1,-0.63734,0.585966,0.173639,1,All,#4682B4,0
7,12,1,-0.559754,0.44708,-0.792742,1,All,#4682B4,0
8,12,1,-0.546659,0.423639,-0.515297,1,All,#4682B4,0
9,12,1,-0.701725,0.70122,-0.489555,1,All,#4682B4,0
10,12,1,-0.609655,0.536408,0.443948,1,All,#4682B4,0
1,12,2,-0.684536,0.670451,-1.53315,1,All,#4682B4,0
2,12,2,-0.687475,0.675713,0.125603,1,All,#4682B4,0
3,12,2,-0.552113,0.433402,0.233909,1,All,#4682B4,0
4,12,2,-0.482332,0.308489,-1.46466,1,All,#4682B4,0
5,12,2,-0.58581,0.493723,-0.41069,1,All,#4682B4,0
6,12,2,-0.63734,0.585966,0.298456,1,All,#4682B4,0
7,12,2,-0.559754,0.44708,-0.388507,1,All,#4682B4,0
8,12,2,-0.546659,0.423639,0.110857,1,All,#4682B4,0
9,12,2,-0.701725,0.70122,-0.235497,1,All,#4682B4,0
10,12,2,-0.609655,0.536408,-0.224235,1,All,#4682B4,0
1,12,3,-0.684536,0.670451,-0.457702,1,All,#4682B4,0
2,12,3,-0.687475,0.675713,-0.478783,1,All,#4682B4,0
3,12,3,-0.552113,0.433402,-2.2771,1,All,#4682B4,0
4,12,3,-0.482332,0.308489,0.154538,1,All,#4682B4,0
5,12,3,-0.58581,0.493723,-2.18913,1,All,#4682B4,0
6,12,3,-0.63734,0.585966,-0.436114,1,All,#4682B4,0
7,12,3,-0.559754,0.44708,-1.39586,1,All,#4682B4,0
8,12,3,-0.546659,0.423639,-0.591879,1,All,#4682B4,0
9,12,3,-0.701725,0.70122,0.233817,1,All,#4682B4,0
10,12,3,-0.609655,0.536408,0.0714382,1,All,#4682B4,0
1,12,4,-0.757283,0.800673,-1.17251,1,All,#4682B4,0
2,12,4,-0.748973,0.785797,0.0160177,1,All,#4682B4,0
3,12,4,-0.552113,0.433402,0.112436,1,All,#4682B4,0
4,12,4,-0.482332,0.308489,-0.111725,1,All,#4682B4,0
5,12,4,-0.58581,0.493723,-0.24056,1,All,#4682B4,0
6,12,4,-0.645461,0.600504,-0.00392521,1,All,#4682B4,0
7,12,4,-0.559754,0.44708,-0.410321,1,All,#4682B4,0
8,12,4,-0.546659,0.423639,0.351014,1,All,#4682B4,0
9,12,4,-0.70297,0.70345,-1.83802,1,All,#4682B4,0
10,12,4,-0.609655,0.536408,0.344183,1,All,#4682B4,0
1,12,5,-0.545626,0.421791,-1.0417,1,All,#4682B4,0
2,12,5,-0.613877,0.543965,-0.90694,1,All,#4682B4,0
3,12,5,-0.199882,-0.19712,-1.14933,1,All,#4682B4,0
4,12,5,-0.455035,0.259625,-0.38771,1,All,#4682B4,0
5,12,5,-0.549738,0.429151,-0.0883388,1,All,#4682B4,0
6,12,5,-0.398238,0.157953,-0.617808,1,All,#4682B4,0
7,12,5,-0.386538,0.13701,-0.468619,1,All,#4682B4,0
8,12,5,-0.579588,0.482586,-0.977485,1,All,#4682B4,0
9,12,5,-0.187072,-0.220051,-0.319922,1,All,#4682B4,0
10,12,5,-0.417535,0.192497,-0.303486,1,All,#4682B4,0
1,12,6,0.848988,-2.07469,-2.09427,1,All,#4682B4,0
2,12,6,0.759721,-1.91489,-2.03757,1,All,#4682B4,0
3,12,6,1.19854,-2.7004,-2.97164,1,All,#4682B4,0
4,12,6,1.19404,-2.69236,-2.86153,1,All,#4682B4,0
5,12,6,1.02088,-2.38238,-2.71034,1,All,#4682B4,0
6,12,6,0.973587,-2.29773,-3.19787,1,All,#4682B4,0
7,12,6,1.06676,-2.46452,-2.79181,1,All,#4682B4,0
8,12,6,0.937804,-2.23367,-2.46178,1,All,#4682B4,0
9,12,6,1.17101,-2.65113,-2.7321,1,All,#4682B4,0
10,12,6,1.20029,-2.70355,-2.97888,1,All,#4682B4,0
1,12,7,1.48945,-1.34085,-1.34085,0,All,#4682B4,0
2,12,7,1.42413,-1.22391,-1.22391,0,All,#4682B4,0
3,12,7,1.71291,-1.74086,-1.74086,0,All,#4682B4,0
4,12,7,1.76607,-1.83602,-1.83602,0,All,#4682B4,0
5,12,7,1.62112,-1.57655,-1.57655,0,All,#4682B4,0
6,12,7,1.4923,-1.34594,-1.34594,0,All,#4682B4,0
7,12,7,1.63703,-1.60503,-1.60503,0,All,#4682B4,0
8,12,7,1.59685,-1.5331,-1.5331,0,All,#4682B4,0
9,12,7,1.68011,-1.68214,-1.68214,0,All,#4682B4,0
10,12,7,1.74377,-1.7961,-1.7961,0,All,#4682B4,0
1,12,8,1.55794,1.53685,1.53685,0,All,#4682B4,0
2,12,8,1.54253,1.56443,1.56443,0,All,#4682B4,0
3,12,8,1.69472,1.29199,1.29199,0,All,#4682B4,0
4,12,8,1.65771,1.35825,1.35825,0,All,#4682B4,0
5,12,8,1.62559,1.41575,1.41575,0,All,#4682B4,0
6,12,8,1.47819,1.6796,1.6796,0,All,#4682B4,0
7,12,8,1.61645,1.43211,1.43211,0,All,#4682B4,0
8,12,8,1.60324,1.45576,1.45576,0,All,#4682B4,0
9,12,8,1.68413,1.31095,1.31095,0,All,#4682B4,0
10,12,8,1.64772,1.37613,1.37613,0,All,#4682B4,0
1,12,9,1.30274,1.93358,1.93358,0,All,#4682B4,0
2,12,9,1.32535,1.89311,1.89311,0,All,#4682B4,0
3,12,9,1.42219,1.71977,1.71977,0,All,#4682B4,0
4,12,9,1.3044,1.93062,1.93062,0,All,#4682B4,0
5,12,9,1.33898,1.86871,1.86871,0,All,#4682B4,0
6,12,9,1.19564,2.1253,2.1253,0,All,#4682B4,0
7,12,9,1.31168,1.91759,1.91759,0,All,#4682B4,0
8,12,9,1.29697,1.94391,1.94391,0,All,#4682B4,0
9,12,9,1.43095,1.70408,1.70408,0,All,#4682B4,0
10,12,9,1.29343,1.95025,1.95025,0,All,#4682B4,0
1,12,10,0.935889,0.905104,0.905104,0,All,#4682B4,0
2,12,10,0.97452,0.83595,0.83595,0,All,#4682B4,0
3,12,10,1.05759,0.687249,0.687249,0,All,#4682B4,0
4,12,10,0.90297,0.964032,0.964032,0,All,#4682B4,0
5,12,10,0.957603,0.866234,0.866234,0,All,#4682B4,0
6,12,10,0.824408,1.10466,1.10466,0,All,#4682B4,0
7,12,10,0.924329,0.925797,0.925797,0,All,#4682B4,0
8,12,10,0.908016,0.954999,0.954999,0,All,#4682B4,0
9,12,10,1.0752,0.655731,0.655731,0,All,#4682B4,0
10,12,10,0.89049,0.986371,0.986371,0,All,#4682B4,0
1,12,11,0.540587,0.97666,0.97666,0,All,#4682B4,0
2,12,11,0.585977,0.895409,0.895409,0,All,#4682B4,0
3,12,11,0.663953,0.755826,0.755826,0,All,#4682B4,0
4,12,11,0.495033,1.05821,1.05821,0,All,#4682B4,0
5,12,11,0.554962,0.950927,0.950927,0,All,#4682B4,0
6,12,11,0.430907,1.173,1.173,0,All,#4682B4,0
7,12,11,0.520573,1.01249,1.01249,0,All,#4682B4,0
8,12,11,0.504137,1.04191,1.04191,0,All,#4682B4,0
9,12,11,0.683563,0.720721,0.720721,0,All,#4682B4,0
10,12,11,0.482372,1.08087,1.08087,0,All,#4682B4,0
1,12,12,0.139465,-0.804579,-1.1344,1,All,#4682B4,0
2,12,12,0.189506,-0.894157,-1.91119,1,All,#4682B4,0
3,12,12,0.262698,-1.02518,-1.4058,1,All,#4682B4,0
4,12,12,0.0863902,-0.709572,-0.9368,1,All,#4682B4,0
5,12,12,0.148672,-0.821061,-1.60342,1,All,#4682B4,0
6,12,12,0.0340723,-0.615918,-1.86979,1,All,#4682B4,0
7,12,12,0.1143,-0.759533,-1.09572,1,All,#4682B4,0
8,12,12,0.0981128,-0.730556,-3.13673,1,All,#4682B4,0
9,12,12,0.281223,-1.05834,-1.94374,1,All,#4682B4,0
10,12,12,0.0739975,-0.687388,-0.933419,1,All,#4682B4,0
1,12,13,-0.260293,-0.0889789,-0.31214,1,All,#4682B4,0
2,12,13,-0.204625,-0.188629,-0.723645,1,All,#4682B4,0
3,12,13,-0.138314,-0.307333,-1.20214,1,All,#4682B4,0
4,12,13,-0.32158,0.0207297,-0.803179,1,All,#4682B4,0
5,12,13,-0.257244,-0.0944378,-1.09953,1,All,#4682B4,0
6,12,13,-0.357593,0.0851954,-1.37302,1,All,#4682B4,0
7,12,13,-0.29096,-0.0340827,-0.875116,1,All,#4682B4,0
8,12,13,-0.30647,-0.00631849,-0.473314,1,All,#4682B4,0
9,12,13,-0.123099,-0.334569,-1.85469,1,All,#4682B4,0
10,12,13,-0.333414,0.0419128,-1.66792,1,All,#4682B4,0
1,12,14,-0.651357,0.611057,-0.243987,1,All,#4682B4,0
2,12,14,-0.586058,0.494166,0.361328,1,All,#4682B4,0
3,12,14,-0.532223,0.397797,0.263771,1,All,#4682B4,0
4,12,14,-0.726966,0.746404,-0.607989,1,All,#4682B4,0
5,12,14,-0.659918,0.626382,0.181812,1,All,#4682B4,0
6,12,14,-0.732243,0.755849,-1.03567,1,All,#4682B4,0
7,12,14,-0.691808,0.683469,-0.253669,1,All,#4682B4,0
8,12,14,-0.705087,0.707239,-0.359062,1,All,#4682B4,0
9,12,14,-0.525074,0.385,-1.47341,1,All,#4682B4,0
10,12,14,-0.738493,0.767038,-1.84727,1,All,#4682B4,0
1,13,-1,-0.823678,0.919527,-2.08212,1,All,#4682B4,0
2,13,-1,-0.675053,0.653476,-0.5349,1,All,#4682B4,0
3,13,-1,-0.687605,0.675945,-0.860359,1,All,#4682B4,0
4,13,-1,-0.627321,0.568031,-0.586628,1,All,#4682B4,0
5,13,-1,-0.582918,0.488547,-2.79083,1,All,#4682B4,0
6,13,-1,-0.610367,0.537683,0.124013,1,All,#4682B4,0
7,13,-1,-0.703315,0.704067,-0.219349,1,All,#4682B4,0
8,13,-1,-0.85753,0.980125,-0.811742,1,All,#4682B4,0
9,13,-1,-0.846907,0.961109,-2.06468,1,All,#4682B4,0
10,13,-1,-0.505792,0.350485,0.0686541,1,All,#4682B4,0
1,13,0,-0.823678,1.02899,1.02899,0,All,#4682B4,0
2,13,0,-0.675053,0.762934,0.762934,0,All,#4682B4,0
3,13,0,-0.687605,0.785403,0.785403,0,All,#4682B4,0
4,13,0,-0.627321,0.677489,0.677489,0,All,#4682B4,0
5,13,0,-0.582918,0.598005,0.598005,0,All,#4682B4,0
6,13,0,-0.610367,0.647141,0.647141,0,All,#4682B4,0
7,13,0,-0.703315,0.813525,0.813525,0,All,#4682B4,0
8,13,0,-0.85753,1.08958,1.08958,0,All,#4682B4,0
9,13,0,-0.846907,1.07057,1.07057,0,All,#4682B4,0
10,13,0,-0.505792,0.459943,0.459943,0,All,#4682B4,0
1,13,1,-0.950124,1.14587,-1.26979,1,All,#4682B4,0
2,13,1,-0.832222,0.934821,-1.83553,1,All,#4682B4,0
3,13,1,-0.751443,0.79022,-0.0786177,1,All,#4682B4,0
4,13,1,-0.679834,0.662034,-0.104571,1,All,#4682B4,0
5,13,1,-0.727301,0.747003,-1.84879,1,All,#4682B4,0
6,13,1,-0.670196,0.644781,0.0841983,1,All,#4682B4,0
7,13,1,-0.756101,0.798559,-0.96141,1,All,#4682B4,0
8,13,1,-0.994946,1.22611,-0.815902,1,All,#4682B4,0
9,13,1,-0.895069,1.04732,-0.424116,1,All,#4682B4,0
10,13,1,-0.643368,0.596756,-0.998379,1,All,#4682B4,0
1,13,2,-1.23612,1.65784,-1.05979,1,All,#4682B4,0
2,13,2,-1.13186,1.4712,-0.687694,1,All,#4682B4,0
3,13,2,-1.10775,1.42803,-1.0363,1,All,#4682B4,0
4,13,2,-1.06077,1.34395,0.490484,1,All,#4682B4,0
5,13,2,-1.06351,1.34884,-1.08753,1,All,#4682B4,0
6,13,2,-1.05711,1.33739,0.732181,1,All,#4682B4,0
7,13,2,-1.13643,1.47937,-1.0851,1,All,#4682B4,0
8,13,2,-1.28274,1.74129,-0.399831,1,All,#4682B4,0
9,13,2,-1.27562,1.72855,1.07559,1,All,#4682B4,0
10,13,2,-0.979789,1.19898,0.753642,1,All,#4682B4,0
1,13,3,0.0015729,-0.557741,-2.07731,1,All,#4682B4,0
2,13,3,0.103295,-0.739833,-2.60736,1,All,#4682B4,0
3,13,3,-0.0835116,-0.405433,-0.882862,1,All,#4682B4,0
4,13,3,-0.118197,-0.343344,-0.383212,1,All,#4682B4,0
5,13,3,0.0171301,-0.58559,-1.49677,1,All,#4682B4,0
6,13,3,-0.156588,-0.27462,-1.06152,1,All,#4682B4,0
7,13,3,-0.147321,-0.291209,-1.07734,1,All,#4682B4,0
8,13,3,0.0401829,-0.626857,-1.8447,1,All,#4682B4,0
9,13,3,-0.222788,-0.156118,-2.48597,1,All,#4682B4,0
10,13,3,0.100447,-0.734734,-0.795741,1,All,#4682B4,0
1,13,4,1.16689,-0.214391,-0.214391,0,All,#4682B4,0
2,13,4,1.34685,-0.536545,-0.536545,0,All,#4682B4,0
3,13,4,1.09925,-0.0933087,-0.0933087,0,All,#4682B4,0
4,13,4,1.23406,-0.334642,-0.334642,0,All,#4682B4,0
5,13,4,1.22728,-0.322496,-0.322496,0,All,#4682B4,0
6,13,4,1.31066,-0.471744,-0.471744,0,All,#4682B4,0
7,13,4,1.27419,-0.40646,-0.40646,0,All,#4682B4,0
8,13,4,1.33013,-0.506612,-0.506612,0,All,#4682B4,0
9,13,4,1.30904,-0.468849,-0.468849,0,All,#4682B4,0
10,13,4,1.30184,-0.455958,-0.455958,0,All,#4682B4,0
1,13,5,1.71257,-0.93793,-0.93793,0,All,#4682B4,0
2,13,5,1.86084,-1.20334,-1.20334,0,All,#4682B4,0
3,13,5,1.6639,-0.850817,-0.850817,0,All,#4682B4,0
4,13,5,1.82781,-1.14423,-1.14423,0,All,#4682B4,0
5,13,5,1.71357,-0.939726,-0.939726,0,All,#4682B4,0
6,13,5,1.94131,-1.3474,-1.3474,0,All,#4682B4,0
7,13,5,1.89272,-1.26042,-1.26042,0,All,#4682B4,0
8,13,5,1.88646,-1.24921,-1.24921,0,All,#4682B4,0
9,13,5,1.95501,-1.37192,-1.37192,0,All,#4682B4,0
10,13,5,1.81587,-1.12285,-1.12285,0,All,#4682B4,0
1,13,6,1.64977,-0.0335504,-0.0335504,0,All,#4682B4,0
2,13,6,1.71396,-0.148453,-0.148453,0,All,#4682B4,0
3,13,6,1.63173,-0.00125869,-0.00125869,0,All,#4682B4,0
4,13,6,1.69873,-0.121195,-0.121195,0,All,#4682B4,0
5,13,6,1.55511,0.135891,0.135891,0,All,#4682B4,0
6,13,6,1.7791,-0.265065,-0.265065,0,All,#4682B4,0
7,13,6,1.74203,-0.198703,-0.198703,0,All,#4682B4,0
8,13,6,1.75111,-0.21497,-0.21497,0,All,#4682B4,0
9,13,6,1.78451,-0.274751,-0.274751,0,All,#4682B4,0
10,13,6,1.69854,-0.12085,-0.12085,0,All,#4682B4,0
1,13,7,1.34675,-0.70986,-0.70986,0,All,#4682B4,0
2,13,7,1.3754,-0.76115,-0.76115,0,All,#4682B4,0
3,13,7,1.34541,-0.707462,-0.707462,0,All,#4682B4,0
4,13,7,1.35873,-0.731312,-0.731312,0,All,#4682B4,0
5,13,7,1.21145,-0.467673,-0.467673,0,All,#4682B4,0
6,13,7,1.4256,-0.851018,-0.851018,0,All,#4682B4,0
7,13,7,1.38731,-0.782467,-0.782467,0,All,#4682B4,0
8,13,7,1.40791,-0.819345,-0.819345,0,All,#4682B4,0
9,13,7,1.43616,-0.869921,-0.869921,0,All,#4682B4,0
10,13,7,1.37818,-0.766127,-0.766127,0,All,#4682B4,0
1,13,8,0.998245,0.818022,0.818022,0,All,#4682B4,0
2,13,8,1.00792,0.800698,0.800698,0,All,#4682B4,0
3,13,8,1.00789,0.800764,0.800764,0,All,#4682B4,0
4,13,8,0.988362,0.835712,0.835712,0,All,#4682B4,0
5,13,8,0.841099,1.09933,1.09933,0,All,#4682B4,0
6,13,8,1.04901,0.727152,0.727152,0,All,#4682B4,0
7,13,8,1.00449,0.806838,0.806838,0,All,#4682B4,0
8,13,8,1.03045,0.760371,0.760371,0,All,#4682B4,0
9,13,8,1.07092,0.687921,0.687921,0,All,#4682B4,0
10,13,8,1.02746,0.765728,0.765728,0,All,#4682B4,0
1,13,9,0.670277,0.783992,0.783992,0,All,#4682B4,0
2,13,9,0.660334,0.801791,0.801791,0,All,#4682B4,0
3,13,9,0.694807,0.740081,0.740081,0,All,#4682B4,0
4,13,9,0.637835,0.842066,0.842066,0,All,#4682B4,0
5,13,9,0.491006,1.1049,1.1049,0,All,#4682B4,0
6,13,9,0.691008,0.746882,0.746882,0,All,#4682B4,0
7,13,9,0.630769,0.854714,0.854714,0,All,#4682B4,0
8,13,9,0.660202,0.802028,0.802028,0,All,#4682B4,0
9,13,9,0.745573,0.649205,0.649205,0,All,#4682B4,0
10,13,9,0.709849,0.713155,0.713155,0,All,#4682B4,0
1,13,10,0.446559,0.0700693,0.0700693,0,All,#4682B4,0
2,13,10,0.412387,0.131239,0.131239,0,All,#4682B4,0
3,13,10,0.497212,-0.0206032,-0.0206032,0,All,#4682B4,0
4,13,10,0.390289,0.170797,0.170797,0,All,#4682B4,0
5,13,10,0.241115,0.437831,0.437831,0,All,#4682B4,0
6,13,10,0.432194,0.095783,0.095783,0,All,#4682B4,0
7,13,10,0.318953,0.298494,0.298494,0,All,#4682B4,0
8,13,10,0.34609,0.249918,0.249918,0,All,#4682B4,0
9,13,10,0.588526,-0.184064,-0.184064,0,All,#4682B4,0
10,13,10,0.526471,-0.0729793,-0.0729793,0,All,#4682B4,0
1,13,11,0.454153,-1.3679,-1.40021,1,All,#4682B4,0
2,13,11,0.421151,-1.30882,-1.33154,1,All,#4682B4,0
3,13,11,0.493805,-1.43888,-1.48437,1,All,#4682B4,0
4,13,11,0.405567,-1.28093,-1.59367,1,All,#4682B4,0
5,13,11,0.246519,-0.996216,-1.35776,1,All,#4682B4,0
6,13,11,0.455706,-1.37068,-1.92368,1,All,#4682B4,0
7,13,11,0.220678,-0.949959,-2.01091,1,All,#4682B4,0
8,13,11,0.219753,-0.948302,-2.5384,1,All,#4682B4,0
9,13,11,0.748413,-1.89465,-2.00811,1,All,#4682B4,0
10,13,11,0.605214,-1.63831,-2.5429,1,All,#4682B4,0
1,13,12,0.563551,0.427536,0.427536,0,All,#4682B4,0
2,13,12,0.625689,0.316305,0.316305,0,All,#4682B4,0
3,13,12,0.44637,0.6373,0.6373,0,All,#4682B4,0
4,13,12,0.526746,0.49342,0.49342,0,All,#4682B4,0
5,13,12,0.446933,0.636293,0.636293,0,All,#4682B4,0
6,13,12,0.714165,0.157925,0.157925,0,All,#4682B4,0
7,13,12,0.285904,0.924548,0.924548,0,All,#4682B4,0
8,13,12,0.287159,0.922301,0.922301,0,All,#4682B4,0
9,13,12,0.904964,-0.183622,-0.183622,0,All,#4682B4,0
10,13,12,0.831349,-0.0518451,-0.0518451,0,All,#4682B4,0
1,13,13,0.459704,1.73606,1.73606,0,All,#4682B4,0
2,13,13,0.59502,1.49384,1.49384,0,All,#4682B4,0
3,13,13,0.234416,2.13935,2.13935,0,All,#4682B4,0
4,13,13,0.470792,1.71622,1.71622,0,All,#4682B4,0
5,13,13,0.425255,1.79773,1.79773,0,All,#4682B4,0
6,13,13,0.720837,1.26861,1.26861,0,All,#4682B4,0
7,13,13,0.186974,2.22427,2.22427,0,All,#4682B4,0
8,13,13,0.240408,2.12862,2.12862,0,All,#4682B4,0
9,13,13,0.810227,1.1086,1.1086,0,All,#4682B4,0
10,13,13,0.783479,1.15648,1.15648,0,All,#4682B4,0
1,13,14,0.171797,0.63957,0.63957,0,All,#4682B4,0
2,13,14,0.319673,0.374859,0.374859,0,All,#4682B4,0
3,13,14,-0.0913314,1.11059,1.11059,0,All,#4682B4,0
4,13,14,0.240476,0.516628,0.516628,0,All,#4682B4,0
5,13,14,0.172348,0.638584,0.638584,0,All,#4682B4,0
6,13,14,0.457352,0.128402,0.128402,0,All,#4682B4,0
7,13,14,-0.090625,1.10933,1.10933,0,All,#4682B4,0
8,13,14,0.0119419,0.925724,0.925724,0,All,#4682B4,0
9,13,14,0.534054,-0.00890062,-0.00890062,0,All,#4682B4,0
10,13,14,0.480919,0.0862162,0.0862162,0,All,#4682B4,0
1,14,-1,-0.454918,0.259416,-1.78027,1,All,#4682B4,0
2,14,-1,-0.495406,0.331892,-0.902047,1,All,#4682B4,0
3,14,-1,-0.416647,0.190907,-0.306462,1,All,#4682B4,0
4,14,-1,-0.474666,0.294765,0.28909,1,All,#4682B4,0
5,14,-1,-0.4037,0.167732,-0.603291,1,All,#4682B4,0
6,14,-1,-0.479562,0.303529,-0.120675,1,All,#4682B4,0
7,14,-1,-0.41424,0.186598,-0.0874632,1,All,#4682B4,0
8,14,-1,-0.526193,0.387004,-1.0969,1,All,#4682B4,0
9,14,-1,-0.435171,0.224067,-0.534505,1,All,#4682B4,0
10,14,-1,-0.452036,0.254256,-0.869885,1,All,#4682B4,0
1,14,0,-0.454918,0.528694,0.528694,0,All,#4682B4,0
2,14,0,-0.495406,0.601171,0.601171,0,All,#4682B4,0
3,14,0,-0.416647,0.460186,0.460186,0,All,#4682B4,0
4,14,0,-0.474666,0.564044,0.564044,0,All,#4682B4,0
5,14,0,-0.4037,0.43701,0.43701,0,All,#4682B4,0
6,14,0,-0.479562,0.572808,0.572808,0,All,#4682B4,0
7,14,0,-0.41424,0.455876,0.455876,0,All,#4682B4,0
8,14,0,-0.526193,0.656282,0.656282,0,All,#4682B4,0
9,14,0,-0.435171,0.493346,0.493346,0,All,#4682B4,0
10,14,0,-0.452036,0.523535,0.523535,0,All,#4682B4,0
1,14,1,-0.454918,0.274273,0.274273,0,All,#4682B4,0
2,14,1,-0.495406,0.34675,0.34675,0,All,#4682B4,0
3,14,1,-0.416647,0.205765,0.205765,0,All,#4682B4,0
4,14,1,-0.474666,0.309623,0.309623,0,All,#4682B4,0
5,14,1,-0.4037,0.182589,0.182589,0,All,#4682B4,0
6,14,1,-0.479562,0.318387,0.318387,0,All,#4682B4,0
7,14,1,-0.41424,0.201455,0.201455,0,All,#4682B4,0
8,14,1,-0.526193,0.401861,0.401861,0,All,#4682B4,0
9,14,1,-0.435171,0.238925,0.238925,0,All,#4682B4,0
10,14,1,-0.452036,0.269114,0.269114,0,All,#4682B4,0
1,14,2,-0.517031,0.370603,-0.350418,1,All,#4682B4,0
2,14,2,-0.59735,0.514381,-0.213668,1,All,#4682B4,0
3,14,2,-0.536236,0.404981,-0.609668,1,All,#4682B4,0
4,14,2,-0.551802,0.432847,0.301161,1,All,#4682B4,0
5,14,2,-0.541904,0.415128,0.374995,1,All,#4682B4,0
6,14,2,-0.559849,0.447251,-0.213001,1,All,#4682B4,0
7,14,2,-0.513968,0.36512,-1.64014,1,All,#4682B4,0
8,14,2,-0.611202,0.539177,-0.160991,1,All,#4682B4,0
9,14,2,-0.420579,0.197946,-0.0365561,1,All,#4682B4,0
10,14,2,-0.544692,0.420118,-0.397316,1,All,#4682B4,0
1,14,3,1.54631,-2.13125,-2.13125,0,All,#4682B4,0
2,14,3,1.26121,-1.62091,-1.62091,0,All,#4682B4,0
3,14,3,1.29486,-1.68113,-1.68113,0,All,#4682B4,0
4,14,3,1.0578,-1.25677,-1.25677,0,All,#4682B4,0
5,14,3,1.15188,-1.42519,-1.42519,0,All,#4682B4,0
6,14,3,0.900354,-0.974936,-0.974936,0,All,#4682B4,0
7,14,3,1.19104,-1.49529,-1.49529,0,All,#4682B4,0
8,14,3,1.33186,-1.74737,-1.74737,0,All,#4682B4,0
9,14,3,1.49623,-2.0416,-2.0416,0,All,#4682B4,0
10,14,3,1.0728,-1.28363,-1.28363,0,All,#4682B4,0
1,14,4,2.24072,-0.24668,-0.24668,0,All,#4682B4,0
2,14,4,2.02716,0.135606,0.135606,0,All,#4682B4,0
3,14,4,2.0774,0.0456683,0.0456683,0,All,#4682B4,0
4,14,4,1.93198,0.30598,0.30598,0,All,#4682B4,0
5,14,4,2.04331,0.106697,0.106697,0,All,#4682B4,0
6,14,4,1.77423,0.588375,0.588375,0,All,#4682B4,0
7,14,4,1.9661,0.244906,0.244906,0,All,#4682B4,0
8,14,4,2.11239,-0.0169688,-0.0169688,0,All,#4682B4,0
9,14,4,2.11026,-0.0131561,-0.0131561,0,All,#4682B4,0
10,14,4,2.09813,0.00856381,0.00856381,0,All,#4682B4,0
1,14,5,2.25668,0.984988,0.984988,0,All,#4682B4,0
2,14,5,2.05769,1.34119,1.34119,0,All,#4682B4,0
3,14,5,2.07959,1.30199,1.30199,0,All,#4682B4,0
4,14,5,2.00836,1.42951,1.42951,0,All,#4682B4,0
5,14,5,2.12112,1.22765,1.22765,0,All,#4682B4,0
6,14,5,1.94767,1.53814,1.53814,0,All,#4682B4,0
7,14,5,2.02535,1.39909,1.39909,0,All,#4682B4,0
8,14,5,2.1087,1.24988,1.24988,0,All,#4682B4,0
9,14,5,2.0843,1.29357,1.29357,0,All,#4682B4,0
10,14,5,2.22016,1.05037,1.05037,0,All,#4682B4,0
1,14,6,2.03942,0.362285,0.362285,0,All,#4682B4,0
2,14,6,1.81237,0.768712,0.768712,0,All,#4682B4,0
3,14,6,1.81303,0.767526,0.767526,0,All,#4682B4,0
4,14,6,1.74563,0.888189,0.888189,0,All,#4682B4,0
5,14,6,1.87538,0.655926,0.655926,0,All,#4682B4,0
6,14,6,1.78051,0.825743,0.825743,0,All,#4682B4,0
7,14,6,1.80437,0.783034,0.783034,0,All,#4682B4,0
8,14,6,1.8307,0.735905,0.735905,0,All,#4682B4,0
9,14,6,1.80696,0.778405,0.778405,0,All,#4682B4,0
10,14,6,1.99437,0.442915,0.442915,0,All,#4682B4,0
1,14,7,1.71093,-0.231391,-0.231391,0,All,#4682B4,0
2,14,7,1.44699,0.241092,0.241092,0,All,#4682B4,0
3,14,7,1.44435,0.245824,0.245824,0,All,#4682B4,0
4,14,7,1.36539,0.387163,0.387163,0,All,#4682B4,0
5,14,7,1.51273,0.123418,0.123418,0,All,#4682B4,0
6,14,7,1.44044,0.252817,0.252817,0,All,#4682B4,0
7,14,7,1.45838,0.220709,0.220709,0,All,#4682B4,0
8,14,7,1.45542,0.226,0.226,0,All,#4682B4,0
9,14,7,1.42797,0.275144,0.275144,0,All,#4682B4,0
10,14,7,1.63136,-0.0889535,-0.0889535,0,All,#4682B4,0
1,14,8,1.32626,-0.00941544,-0.00941544,0,All,#4682B4,0
2,14,8,1.04433,0.495263,0.495263,0,All,#4682B4,0
3,14,8,1.04318,0.497328,0.497328,0,All,#4682B4,0
4,14,8,0.95927,0.647528,0.647528,0,All,#4682B4,0
5,14,8,1.11293,0.372464,0.372464,0,All,#4682B4,0
6,14,8,1.0404,0.502293,0.502293,0,All,#4682B4,0
7,14,8,1.06302,0.461801,0.461801,0,All,#4682B4,0
8,14,8,1.05177,0.481945,0.481945,0,All,#4682B4,0
9,14,8,1.02284,0.533742,0.533742,0,All,#4682B4,0
10,14,8,1.22763,0.167143,0.167143,0,All,#4682B4,0
1,14,9,0.922292,-0.12307,-0.12307,0,All,#4682B4,0
2,14,9,0.636447,0.388616,0.388616,0,All,#4682B4,0
3,14,9,0.635986,0.389442,0.389442,0,All,#4682B4,0
4,14,9,0.550748,0.542024,0.542024,0,All,#4682B4,0
5,14,9,0.706076,0.263975,0.263975,0,All,#4682B4,0
6,14,9,0.632114,0.396373,0.396373,0,All,#4682B4,0
7,14,9,0.65635,0.352989,0.352989,0,All,#4682B4,0
8,14,9,0.6436,0.375811,0.375811,0,All,#4682B4,0
9,14,9,0.61505,0.426918,0.426918,0,All,#4682B4,0
10,14,9,0.818661,0.0624376,0.0624376,0,All,#4682B4,0
1,14,10,0.515,0.282387,0.282387,0,All,#4682B4,0
2,14,10,0.22869,0.794906,0.794906,0,All,#4682B4,0
3,14,10,0.228792,0.794723,0.794723,0,All,#4682B4,0
4,14,10,0.142786,0.948682,0.948682,0,All,#4682B4,0
5,14,10,0.299021,0.669009,0.669009,0,All,#4682B4,0
6,14,10,0.22351,0.80418,0.80418,0,All,#4682B4,0
7,14,10,0.248834,0.758847,0.758847,0,All,#4682B4,0
8,14,10,0.235717,0.782327,0.782327,0,All,#4682B4,0
9,14,10,0.2082,0.831586,0.831586,0,All,#4682B4,0
10,14,10,0.40937,0.471474,0.471474,0,All,#4682B4,0
1,14,11,0.108487,-0.749127,-1.46133,1,All,#4682B4,0
2,14,11,-0.177502,-0.237183,-0.800771,1,All,#4682B4,0
3,14,11,-0.175869,-0.240106,-0.690396,1,All,#4682B4,0
4,14,11,-0.263194,-0.083786,-0.248791,1,All,#4682B4,0
5,14,11,-0.1056,-0.365892,-0.38476,1,All,#4682B4,0
6,14,11,-0.184448,-0.224749,-1.61716,1,All,#4682B4,0
7,14,11,-0.15697,-0.273936,-2.87055,1,All,#4682B4,0
8,14,11,-0.16967,-0.251203,-0.48104,1,All,#4682B4,0
9,14,11,-0.195983,-0.204099,-2.22428,1,All,#4682B4,0
10,14,11,0.000356558,-0.555564,-2.20315,1,All,#4682B4,0
1,14,12,-0.294549,-0.0276593,-0.543139,1,All,#4682B4,0
2,14,12,-0.580782,0.484722,-0.40917,1,All,#4682B4,0
3,14,12,-0.574453,0.473392,-0.532925,1,All,#4682B4,0
4,14,12,-0.665554,0.636471,-0.153462,1,All,#4682B4,0
5,14,12,-0.504399,0.347991,0.0589077,1,All,#4682B4,0
6,14,12,-0.59134,0.503622,-0.15794,1,All,#4682B4,0
7,14,12,-0.558522,0.444875,0.19651,1,All,#4682B4,0
8,14,12,-0.569453,0.464443,-0.834233,1,All,#4682B4,0
9,14,12,-0.596184,0.512294,-0.0501823,1,All,#4682B4,0
10,14,12,-0.408062,0.175539,-0.753034,1,All,#4682B4,0
1,14,13,-0.690009,0.680248,-0.992419,1,All,#4682B4,0
2,14,13,-0.980085,1.19951,0.719492,1,All,#4682B4,0
3,14,13,-0.961626,1.16646,-0.827342,1,All,#4682B4,0
4,14,13,-1.06258,1.34718,-0.171874,1,All,#4682B4,0
5,14,13,-0.89252,1.04276,-0.939026,1,All,#4682B4,0
6,14,13,-0.996956,1.22971,-0.488163,1,All,#4682B4,0
7,14,13,-0.952241,1.14967,0.417327,1,All,#4682B4,0
8,14,13,-0.958208,1.16035,-0.0878762,1,All,#4682B4,0
9,14,13,-0.990308,1.21781,-0.358749,1,All,#4682B4,0
10,14,13,-0.81579,0.905406,-0.127213,1,All,#4682B4,0
1,14,14,-1.0722,1.3644,-0.0698729,1,All,#4682B4,0
2,14,14,-1.37436,1.9053,0.517452,1,All,#4682B4,0
3,14,14,-1.33064,1.82703,1.15854,1,All,#4682B4,0
4,14,14,-1.45213,2.04451,0.983285,1,All,#4682B4,0
5,14,14,-1.264,1.70774,0.303973,1,All,#4682B4,0
6,14,14,-1.40124,1.95341,-1.77587,1,All,#4682B4,0
7,14,14,-1.33414,1.83329,0.614133,1,All,#4682B4,0
8,14,14,-1.32799,1.82229,1.12285,1,All,#4682B4,0
9,14,14,-1.37669,1.90947,-0.809675,1,All,#4682B4,0
10,14,14,-1.22289,1.63415,0.535956,1,All,#4682B4,0
1,15,-1,-0.527374,0.389118,-0.154006,1,All,#4682B4,0
2,15,-1,-0.570655,0.466593,-0.900665,1,All,#4682B4,0
3,15,-1,-0.594399,0.509098,-0.927269,1,All,#4682B4,0
4,15,-1,-0.767852,0.819594,0.573248,1,All,#4682B4,0
5,15,-1,-0.73768,0.765583,-1.57964,1,All,#4682B4,0
6,15,-1,-0.462919,0.273737,-0.490134,1,All,#4682B4,0
7,15,-1,-0.538208,0.408512,0.363045,1,All,#4682B4,0
8,15,-1,-0.748458,0.784877,-2.45035,1,All,#4682B4,0
9,15,-1,-0.562523,0.452037,-0.832243,1,All,#4682B4,0
10,15,-1,-0.615852,0.547501,-1.62983,1,All,#4682B4,0
1,15,0,-0.527374,0.389118,-1.24912,1,All,#4682B4,0
2,15,0,-0.570655,0.466593,-1.30535,1,All,#4682B4,0
3,15,0,-0.594399,0.509098,-1.13755,1,All,#4682B4,0
4,15,0,-0.767852,0.819594,0.246593,1,All,#4682B4,0
5,15,0,-0.73768,0.765583,-0.0766283,1,All,#4682B4,0
6,15,0,-0.462919,0.273737,-2.02893,1,All,#4682B4,0
7,15,0,-0.538208,0.408512,-1.4639,1,All,#4682B4,0
8,15,0,-0.748458,0.784877,0.705146,1,All,#4682B4,0
9,15,0,-0.562523,0.452037,-1.09426,1,All,#4682B4,0
10,15,0,-0.615852,0.547501,-0.764424,1,All,#4682B4,0
1,15,1,-0.527374,0.39579,0.39579,0,All,#4682B4,0
2,15,1,-0.570655,0.473265,0.473265,0,All,#4682B4,0
3,15,1,-0.594399,0.51577,0.51577,0,All,#4682B4,0
4,15,1,-0.767852,0.826265,0.826265,0,All,#4682B4,0
5,15,1,-0.73768,0.772254,0.772254,0,All,#4682B4,0
6,15,1,-0.462919,0.280409,0.280409,0,All,#4682B4,0
7,15,1,-0.538208,0.415184,0.415184,0,All,#4682B4,0
8,15,1,-0.748458,0.791548,0.791548,0,All,#4682B4,0
9,15,1,-0.562523,0.458709,0.458709,0,All,#4682B4,0
10,15,1,-0.615852,0.554172,0.554172,0,All,#4682B4,0
1,15,2,-0.527374,0.389118,0.065799,1,All,#4682B4,0
2,15,2,-0.570655,0.466593,0.149359,1,All,#4682B4,0
3,15,2,-0.784931,0.850166,-1.33757,1,All,#4682B4,0
4,15,2,-0.858119,0.981178,-0.0174207,1,All,#4682B4,0
5,15,2,-0.829073,0.929185,-0.602856,1,All,#4682B4,0
6,15,2,-0.607749,0.532996,-0.00559875,1,All,#4682B4,0
7,15,2,-0.630463,0.573656,-0.933123,1,All,#4682B4,0
8,15,2,-1.05477,1.33319,-0.867117,1,All,#4682B4,0
9,15,2,-0.661404,0.629043,-0.70903,1,All,#4682B4,0
10,15,2,-0.665382,0.636164,-1.35602,1,All,#4682B4,0
1,15,3,-0.81661,0.906874,-0.807093,1,All,#4682B4,0
2,15,3,-0.883845,1.02723,-0.718409,1,All,#4682B4,0
3,15,3,-1.16915,1.53795,0.156501,1,All,#4682B4,0
4,15,3,-1.14913,1.50211,-1.25578,1,All,#4682B4,0
5,15,3,-1.19985,1.5929,-0.549696,1,All,#4682B4,0
6,15,3,-0.932122,1.11365,0.562899,1,All,#4682B4,0
7,15,3,-0.975554,1.1914,-0.813752,1,All,#4682B4,0
8,15,3,-1.31308,1.79559,0.681633,1,All,#4682B4,0
9,15,3,-1.02337,1.27699,-0.0238774,1,All,#4682B4,0
10,15,3,-1.01381,1.25988,-0.892106,1,All,#4682B4,0
1,15,4,0.126243,-0.780911,-2.29124,1,All,#4682B4,0
2,15,4,-0.248638,-0.109843,-0.830962,1,All,#4682B4,0
3,15,4,-0.226799,-0.148937,-2.07126,1,All,#4682B4,0
4,15,4,-0.00115982,-0.55285,-0.625591,1,All,#4682B4,0
5,15,4,-0.218155,-0.16441,-2.1724,1,All,#4682B4,0
6,15,4,0.14344,-0.811696,-1.23577,1,All,#4682B4,0
7,15,4,0.174188,-0.866737,-1.11669,1,All,#4682B4,0
8,15,4,-0.11772,-0.344198,-1.20232,1,All,#4682B4,0
9,15,4,-0.0148587,-0.528328,-1.01183,1,All,#4682B4,0
10,15,4,0.0733328,-0.686198,-1.37504,1,All,#4682B4,0
1,15,5,1.41872,-2.83971,-2.83971,0,All,#4682B4,0
2,15,5,1.06861,-2.21297,-2.21297,0,All,#4682B4,0
3,15,5,1.51488,-3.01185,-3.01185,0,All,#4682B4,0
4,15,5,0.96736,-2.03173,-2.03173,0,All,#4682B4,0
5,15,5,1.07614,-2.22645,-2.22645,0,All,#4682B4,0
6,15,5,1.255,-2.54664,-2.54664,0,All,#4682B4,0
7,15,5,1.39819,-2.80294,-2.80294,0,All,#4682B4,0
8,15,5,1.16406,-2.38384,-2.38384,0,All,#4682B4,0
9,15,5,1.20288,-2.45333,-2.45333,0,All,#4682B4,0
10,15,5,1.17254,-2.39902,-2.39902,0,All,#4682B4,0
1,15,6,1.74792,1.27456,1.27456,0,All,#4682B4,0
2,15,6,1.60989,1.52163,1.52163,0,All,#4682B4,0
3,15,6,1.91354,0.978085,0.978085,0,All,#4682B4,0
4,15,6,1.3552,1.97755,1.97755,0,All,#4682B4,0
5,15,6,1.57873,1.57743,1.57743,0,All,#4682B4,0
6,15,6,1.69184,1.37494,1.37494,0,All,#4682B4,0
7,15,6,1.85057,1.0908,1.0908,0,All,#4682B4,0
8,15,6,1.70645,1.34879,1.34879,0,All,#4682B4,0
9,15,6,1.65808,1.43537,1.43537,0,All,#4682B4,0
10,15,6,1.59557,1.54727,1.54727,0,All,#4682B4,0
1,15,7,1.50826,3.35562,3.35562,0,All,#4682B4,0
2,15,7,1.5029,3.36521,3.36521,0,All,#4682B4,0
3,15,7,1.62113,3.15358,3.15358,0,All,#4682B4,0
4,15,7,1.29388,3.73938,3.73938,0,All,#4682B4,0
5,15,7,1.42328,3.50774,3.50774,0,All,#4682B4,0
6,15,7,1.55492,3.27209,3.27209,0,All,#4682B4,0
7,15,7,1.68529,3.03872,3.03872,0,All,#4682B4,0
8,15,7,1.55407,3.27362,3.27362,0,All,#4682B4,0
9,15,7,1.49075,3.38697,3.38697,0,All,#4682B4,0
10,15,7,1.46738,3.4288,3.4288,0,All,#4682B4,0
1,15,8,1.15062,0.167311,0.167311,0,All,#4682B4,0
2,15,8,1.18561,0.10467,0.10467,0,All,#4682B4,0
3,15,8,1.2532,-0.0163187,-0.0163187,0,All,#4682B4,0
4,15,8,1.04682,0.353122,0.353122,0,All,#4682B4,0
5,15,8,1.09282,0.27078,0.27078,0,All,#4682B4,0
6,15,8,1.23221,0.0212495,0.0212495,0,All,#4682B4,0
7,15,8,1.35432,-0.197331,-0.197331,0,All,#4682B4,0
8,15,8,1.22722,0.0301932,0.0301932,0,All,#4682B4,0
9,15,8,1.15613,0.157438,0.157438,0,All,#4682B4,0
10,15,8,1.14378,0.179547,0.179547,0,All,#4682B4,0
1,15,9,0.788675,0.764374,0.764374,0,All,#4682B4,0
2,15,9,0.838125,0.675854,0.675854,0,All,#4682B4,0
3,15,9,0.883257,0.595062,0.595062,0,All,#4682B4,0
4,15,9,0.769426,0.798831,0.798831,0,All,#4682B4,0
5,15,9,0.740204,0.85114,0.85114,0,All,#4682B4,0
6,15,9,0.883273,0.595035,0.595035,0,All,#4682B4,0
7,15,9,1.00727,0.373069,0.373069,0,All,#4682B4,0
8,15,9,0.881806,0.59766,0.59766,0,All,#4682B4,0
9,15,9,0.802449,0.739716,0.739716,0,All,#4682B4,0
10,15,9,0.785685,0.769725,0.769725,0,All,#4682B4,0
1,15,10,0.486693,-1.09368,-1.09368,0,All,#4682B4,0
2,15,10,0.531162,-1.17328,-1.17328,0,All,#4682B4,0
3,15,10,0.552302,-1.21112,-1.21112,0,All,#4682B4,0
4,15,10,0.547434,-1.20241,-1.20241,0,All,#4682B4,0
5,15,10,0.423703,-0.98092,-0.98092,0,All,#4682B4,0
6,15,10,0.572472,-1.24723,-1.24723,0,All,#4682B4,0
7,15,10,0.712971,-1.49873,-1.49873,0,All,#4682B4,0
8,15,10,0.580979,-1.26246,-1.26246,0,All,#4682B4,0
9,15,10,0.491775,-1.10277,-1.10277,0,All,#4682B4,0
10,15,10,0.448502,-1.02531,-1.02531,0,All,#4682B4,0
1,15,11,0.385935,-1.24578,-1.47908,1,All,#4682B4,0
2,15,11,0.375427,-1.22697,-1.83484,1,All,#4682B4,0
3,15,11,0.353555,-1.18782,-1.24897,1,All,#4682B4,0
4,15,11,0.460525,-1.3793,-2.23721,1,All,#4682B4,0
5,15,11,0.239013,-0.982779,-2.34637,1,All,#4682B4,0
6,15,11,0.406095,-1.28187,-1.99596,1,All,#4682B4,0
7,15,11,0.59774,-1.62493,-2.11775,1,All,#4682B4,0
8,15,11,0.430406,-1.32539,-1.44118,1,All,#4682B4,0
9,15,11,0.337334,-1.15878,-1.32451,1,All,#4682B4,0
10,15,11,0.21187,-0.934191,-1.49365,1,All,#4682B4,0
1,15,12,0.500773,0.446374,0.446374,0,All,#4682B4,0
2,15,12,0.28895,0.825554,0.825554,0,All,#4682B4,0
3,15,12,0.365634,0.688284,0.688284,0,All,#4682B4,0
4,15,12,0.448578,0.539806,0.539806,0,All,#4682B4,0
5,15,12,0.242191,0.909257,0.909257,0,All,#4682B4,0
6,15,12,0.455294,0.527785,0.527785,0,All,#4682B4,0
7,15,12,0.574879,0.313717,0.313717,0,All,#4682B4,0
8,15,12,0.449597,0.537982,0.537982,0,All,#4682B4,0
9,15,12,0.371407,0.677949,0.677949,0,All,#4682B4,0
10,15,12,0.130183,1.10976,1.10976,0,All,#4682B4,0
1,15,13,0.215994,-0.666874,-0.666874,0,All,#4682B4,0
2,15,13,-0.0334304,-0.220384,-0.220384,0,All,#4682B4,0
3,15,13,0.0798173,-0.423107,-0.423107,0,All,#4682B4,0
4,15,13,0.120743,-0.496367,-0.496367,0,All,#4682B4,0
5,15,13,0.0113414,-0.300529,-0.300529,0,All,#4682B4,0
6,15,13,0.200435,-0.639022,-0.639022,0,All,#4682B4,0
7,15,13,0.245481,-0.719659,-0.719659,0,All,#4682B4,0
8,15,13,0.216595,-0.66795,-0.66795,0,All,#4682B4,0
9,15,13,0.112911,-0.482347,-0.482347,0,All,#4682B4,0
10,15,13,-0.183085,0.047511,0.047511,0,All,#4682B4,0
1,15,14,-0.189202,-0.216238,-0.959065,1,All,#4682B4,0
2,15,14,-0.433429,0.220948,-1.03195,1,All,#4682B4,0
3,15,14,-0.326123,0.0288612,-0.178452,1,All,#4682B4,0
4,15,14,-0.285474,-0.0439028,-1.01885,1,All,#4682B4,0
5,15,14,-0.374899,0.116175,-0.2795,1,All,#4682B4,0
6,15,14,-0.201006,-0.195108,-1.45379,1,All,#4682B4,0
7,15,14,-0.159638,-0.269161,-1.42846,1,All,#4682B4,0
8,15,14,-0.168041,-0.254118,-0.95167,1,All,#4682B4,0
9,15,14,-0.282648,-0.048963,-0.315005,1,All,#4682B4,0
10,15,14,-0.58702,0.49589,-0.428763,1,All,#4682B4,0
1,16,-1,-0.264399,-0.0816297,-0.938227,1,All,#4682B4,0
2,16,-1,-0.471908,0.289828,-0.623944,1,All,#4682B4,0
3,16,-1,-0.0987349,-0.378182,-1.57709,1,All,#4682B4,0
4,16,-1,-0.0949045,-0.385039,-0.791604,1,All,#4682B4,0
5,16,-1,-0.321071,0.0198172,-0.0904224,1,All,#4682B4,0
6,16,-1,-0.175635,-0.240525,-0.474424,1,All,#4682B4,0
7,16,-1,-0.205859,-0.186422,-0.639976,1,All,#4682B4,0
8,16,-1,0.057432,-0.657734,-0.884713,1,All,#4682B4,0
9,16,-1,-0.194029,-0.207599,-0.945412,1,All,#4682B4,0
10,16,-1,-0.258049,-0.092997,-0.425568,1,All,#4682B4,0
1,16,0,-0.264399,-0.074958,-0.074958,0,All,#4682B4,0
2,16,0,-0.471908,0.2965,0.2965,0,All,#4682B4,0
3,16,0,-0.0987349,-0.371511,-0.371511,0,All,#4682B4,0
4,16,0,-0.0949045,-0.378367,-0.378367,0,All,#4682B4,0
5,16,0,-0.321071,0.0264888,0.0264888,0,All,#4682B4,0
6,16,0,-0.175635,-0.233853,-0.233853,0,All,#4682B4,0
7,16,0,-0.205859,-0.17975,-0.17975,0,All,#4682B4,0
8,16,0,0.057432,-0.651062,-0.651062,0,All,#4682B4,0
9,16,0,-0.194029,-0.200927,-0.200927,0,All,#4682B4,0
10,16,0,-0.258049,-0.0863253,-0.0863253,0,All,#4682B4,0
1,16,1,-0.264399,-0.074958,-0.074958,0,All,#4682B4,0
2,16,1,-0.471908,0.2965,0.2965,0,All,#4682B4,0
3,16,1,-0.0987349,-0.371511,-0.371511,0,All,#4682B4,0
4,16,1,-0.0949045,-0.378367,-0.378367,0,All,#4682B4,0
5,16,1,-0.321071,0.0264888,0.0264888,0,All,#4682B4,0
6,16,1,-0.175635,-0.233853,-0.233853,0,All,#4682B4,0
7,16,1,-0.205859,-0.17975,-0.17975,0,All,#4682B4,0
8,16,1,0.057432,-0.651062,-0.651062,0,All,#4682B4,0
9,16,1,-0.194029,-0.200927,-0.200927,0,All,#4682B4,0
10,16,1,-0.258049,-0.0863253,-0.0863253,0,All,#4682B4,0
1,16,2,-0.396526,0.154889,-1.69156,1,All,#4682B4,0
2,16,2,-0.587703,0.497111,-2.07891,1,All,#4682B4,0
3,16,2,-0.145226,-0.29496,-0.762113,1,All,#4682B4,0
4,16,2,-0.0949045,-0.385039,-1.23525,1,All,#4682B4,0
5,16,2,-0.60309,0.524656,-1.40575,1,All,#4682B4,0
6,16,2,-0.514485,0.366045,-0.307845,1,All,#4682B4,0
7,16,2,-0.241081,-0.123371,-0.272149,1,All,#4682B4,0
8,16,2,-0.198805,-0.199049,-1.8928,1,All,#4682B4,0
9,16,2,-0.408106,0.175618,0.0947348,1,All,#4682B4,0
10,16,2,-0.469504,0.285525,-0.437285,1,All,#4682B4,0
1,16,3,-0.756073,2.17176,2.17176,0,All,#4682B4,0
2,16,3,-0.657858,1.99594,1.99594,0,All,#4682B4,0
3,16,3,-0.473498,1.66592,1.66592,0,All,#4682B4,0
4,16,3,-0.35436,1.45266,1.45266,0,All,#4682B4,0
5,16,3,-0.55305,1.80833,1.80833,0,All,#4682B4,0
6,16,3,-0.525178,1.75843,1.75843,0,All,#4682B4,0
7,16,3,-0.599279,1.89108,1.89108,0,All,#4682B4,0
8,16,3,-0.400453,1.53517,1.53517,0,All,#4682B4,0
9,16,3,-0.547789,1.79891,1.79891,0,All,#4682B4,0
10,16,3,-0.780217,2.21498,2.21498,0,All,#4682B4,0
1,16,4,-0.0116447,1.0517,1.0517,0,All,#4682B4,0
2,16,4,0.469911,0.189671,0.189671,0,All,#4682B4,0
3,16,4,0.290043,0.511649,0.511649,0,All,#4682B4,0
4,16,4,0.569618,0.0111869,0.0111869,0,All,#4682B4,0
5,16,4,0.409126,0.298481,0.298481,0,All,#4682B4,0
6,16,4,0.483706,0.164975,0.164975,0,All,#4682B4,0
7,16,4,0.17521,0.71721,0.71721,0,All,#4682B4,0
8,16,4,0.511953,0.114412,0.114412,0,All,#4682B4,0
9,16,4,0.418935,0.280921,0.280921,0,All,#4682B4,0
10,16,4,-0.00879979,1.0466,1.0466,0,All,#4682B4,0
1,16,5,1.04897,-1.03282,-1.03282,0,All,#4682B4,0
2,16,5,1.24379,-1.38156,-1.38156,0,All,#4682B4,0
3,16,5,1.08421,-1.0959,-1.0959,0,All,#4682B4,0
4,16,5,1.27067,-1.42968,-1.42968,0,All,#4682B4,0
5,16,5,1.10962,-1.14138,-1.14138,0,All,#4682B4,0
6,16,5,1.26963,-1.42782,-1.42782,0,All,#4682B4,0
7,16,5,1.10451,-1.13223,-1.13223,0,All,#4682B4,0
8,16,5,1.31457,-1.50827,-1.50827,0,All,#4682B4,0
9,16,5,1.18952,-1.2844,-1.2844,0,All,#4682B4,0
10,16,5,0.910843,-0.785555,-0.785555,0,All,#4682B4,0
1,16,6,1.71883,-0.852958,-0.852958,0,All,#4682B4,0
2,16,6,1.66177,-0.750807,-0.750807,0,All,#4682B4,0
3,16,6,1.54105,-0.53471,-0.53471,0,All,#4682B4,0
4,16,6,1.63141,-0.696456,-0.696456,0,All,#4682B4,0
5,16,6,1.53229,-0.519033,-0.519033,0,All,#4682B4,0
6,16,6,1.71947,-0.854091,-0.854091,0,All,#4682B4,0
7,16,6,1.64522,-0.721186,-0.721186,0,All,#4682B4,0
8,16,6,1.75478,-0.917306,-0.917306,0,All,#4682B4,0
9,16,6,1.63366,-0.70048,-0.70048,0,All,#4682B4,0
10,16,6,1.5205,-0.497931,-0.497931,0,All,#4682B4,0
1,16,7,1.97459,-1.59819,-1.59819,0,All,#4682B4,0
2,16,7,1.80314,-1.29128,-1.29128,0,All,#4682B4,0
3,16,7,1.73119,-1.16249,-1.16249,0,All,#4682B4,0
4,16,7,1.75237,-1.20041,-1.20041,0,All,#4682B4,0
5,16,7,1.72283,-1.14752,-1.14752,0,All,#4682B4,0
6,16,7,1.86876,-1.40875,-1.40875,0,All,#4682B4,0
7,16,7,1.85587,-1.38568,-1.38568,0,All,#4682B4,0
8,16,7,1.8832,-1.4346,-1.4346,0,All,#4682B4,0
9,16,7,1.80372,-1.29233,-1.29233,0,All,#4682B4,0
10,16,7,1.80942,-1.30253,-1.30253,0,All,#4682B4,0
1,16,8,1.96928,0.50557,0.50557,0,All,#4682B4,0
2,16,8,1.77586,0.851823,0.851823,0,All,#4682B4,0
3,16,8,1.74163,0.913094,0.913094,0,All,#4682B4,0
4,16,8,1.72967,0.934493,0.934493,0,All,#4682B4,0
5,16,8,1.75499,0.889168,0.889168,0,All,#4682B4,0
6,16,8,1.84182,0.733746,0.733746,0,All,#4682B4,0
7,16,8,1.86028,0.700699,0.700699,0,All,#4682B4,0
8,16,8,1.83547,0.745102,0.745102,0,All,#4682B4,0
9,16,8,1.79999,0.808625,0.808625,0,All,#4682B4,0
10,16,8,1.85185,0.715796,0.715796,0,All,#4682B4,0
1,16,9,1.8596,0.107448,0.107448,0,All,#4682B4,0
2,16,9,1.66411,0.457407,0.457407,0,All,#4682B4,0
3,16,9,1.65141,0.480135,0.480135,0,All,#4682B4,0
4,16,9,1.62859,0.520989,0.520989,0,All,#4682B4,0
5,16,9,1.70105,0.391277,0.391277,0,All,#4682B4,0
6,16,9,1.73534,0.329884,0.329884,0,All,#4682B4,0
7,16,9,1.76853,0.270484,0.270484,0,All,#4682B4,0
8,16,9,1.70592,0.382554,0.382554,0,All,#4682B4,0
9,16,9,1.71017,0.374942,0.374942,0,All,#4682B4,0
10,16,9,1.76811,0.271226,0.271226,0,All,#4682B4,0
1,16,10,1.69637,1.82946,1.82946,0,All,#4682B4,0
2,16,10,1.50477,2.17242,2.17242,0,All,#4682B4,0
3,16,10,1.49997,2.18102,2.18102,0,All,#4682B4,0
4,16,10,1.47783,2.22066,2.22066,0,All,#4682B4,0
5,16,10,1.59196,2.01635,2.01635,0,All,#4682B4,0
6,16,10,1.58404,2.03052,2.03052,0,All,#4682B4,0
7,16,10,1.6285,1.95093,1.95093,0,All,#4682B4,0
8,16,10,1.53152,2.12454,2.12454,0,All,#4682B4,0
9,16,10,1.57458,2.04746,2.04746,0,All,#4682B4,0
10,16,10,1.62304,1.96071,1.96071,0,All,#4682B4,0
1,16,11,1.48795,1.8606,1.8606,0,All,#4682B4,0
2,16,11,1.31221,2.1752,2.1752,0,All,#4682B4,0
3,16,11,1.30229,2.19295,2.19295,0,All,#4682B4,0
4,16,11,1.28773,2.21901,2.21901,0,All,#4682B4,0
5,16,11,1.43764,1.95067,1.95067,0,All,#4682B4,0
6,16,11,1.40078,2.01665,2.01665,0,All,#4682B4,0
7,16,11,1.45824,1.91378,1.91378,0,All,#4682B4,0
8,16,11,1.32616,2.15023,2.15023,0,All,#4682B4,0
9,16,11,1.40889,2.00213,2.00213,0,All,#4682B4,0
10,16,11,1.44214,1.9426,1.9426,0,All,#4682B4,0
1,16,12,1.23755,0.371033,0.371033,0,All,#4682B4,0
2,16,12,1.09233,0.630989,0.630989,0,All,#4682B4,0
3,16,12,1.06369,0.682251,0.682251,0,All,#4682B4,0
4,16,12,1.06118,0.68674,0.68674,0,All,#4682B4,0
5,16,12,1.23885,0.36871,0.36871,0,All,#4682B4,0
6,16,12,1.19126,0.453897,0.453897,0,All,#4682B4,0
7,16,12,1.26501,0.321875,0.321875,0,All,#4682B4,0
8,16,12,1.09537,0.625543,0.625543,0,All,#4682B4,0
9,16,12,1.21929,0.403713,0.403713,0,All,#4682B4,0
10,16,12,1.23642,0.373051,0.373051,0,All,#4682B4,0
1,16,13,0.948964,0.491793,0.491793,0,All,#4682B4,0
2,16,13,0.84825,0.67208,0.67208,0,All,#4682B4,0
3,16,13,0.787061,0.781613,0.781613,0,All,#4682B4,0
4,16,13,0.799581,0.759202,0.759202,0,All,#4682B4,0
5,16,13,0.993596,0.411898,0.411898,0,All,#4682B4,0
6,16,13,0.959148,0.473564,0.473564,0,All,#4682B4,0
7,16,13,1.05211,0.307154,0.307154,0,All,#4682B4,0
8,16,13,0.842252,0.682816,0.682816,0,All,#4682B4,0
9,16,13,1.00839,0.385411,0.385411,0,All,#4682B4,0
10,16,13,1.01193,0.379078,0.379078,0,All,#4682B4,0
1,16,14,0.628873,0.618537,0.618537,0,All,#4682B4,0
2,16,14,0.582785,0.701038,0.701038,0,All,#4682B4,0
3,16,14,0.476002,0.892189,0.892189,0,All,#4682B4,0
4,16,14,0.505188,0.839944,0.839944,0,All,#4682B4,0
5,16,14,0.701191,0.489082,0.489082,0,All,#4682B4,0
6,16,14,0.708093,0.476726,0.476726,0,All,#4682B4,0
7,16,14,0.821401,0.273896,0.273896,0,All,#4682B4,0
8,16,14,0.568825,0.726028,0.726028,0,All,#4682B4,0
9,16,14,0.777465,0.352545,0.352545,0,All,#4682B4,0
10,16,14,0.773337,0.359933,0.359933,0,All,#4682B4,0
1,17,-1,-0.204132,0.594706,0.594706,0,All,#4682B4,0
2,17,-1,-0.232762,0.645957,0.645957,0,All,#4682B4,0
3,17,-1,-0.161487,0.518369,0.518369,0,All,#4682B4,0
4,17,-1,-0.301346,0.768727,0.768727,0,All,#4682B4,0
5,17,-1,-0.434983,1.00795,1.00795,0,All,#4682B4,0
6,17,-1,-0.0750688,0.363673,0.363673,0,All,#4682B4,0
7,17,-1,-0.162384,0.519974,0.519974,0,All,#4682B4,0
8,17,-1,-0.181309,0.553852,0.553852,0,All,#4682B4,0
9,17,-1,-0.178346,0.548548,0.548548,0,All,#4682B4,0
10,17,-1,-0.17271,0.53846,0.53846,0,All,#4682B4,0
1,17,0,-0.204132,0.211328,0.211328,0,All,#4682B4,0
2,17,0,-0.232762,0.262579,0.262579,0,All,#4682B4,0
3,17,0,-0.161487,0.13499,0.13499,0,All,#4682B4,0
4,17,0,-0.301346,0.385349,0.385349,0,All,#4682B4,0
5,17,0,-0.434983,0.624572,0.624572,0,All,#4682B4,0
6,17,0,-0.0750688,-0.0197056,-0.0197056,0,All,#4682B4,0
7,17,0,-0.162384,0.136595,0.136595,0,All,#4682B4,0
8,17,0,-0.181309,0.170473,0.170473,0,All,#4682B4,0
9,17,0,-0.178346,0.16517,0.16517,0,All,#4682B4,0
10,17,0,-0.17271,0.155081,0.155081,0,All,#4682B4,0
1,17,1,-0.204132,-0.182841,-0.182841,0,All,#4682B4,0
2,17,1,-0.232762,-0.131591,-0.131591,0,All,#4682B4,0
3,17,1,-0.161487,-0.259179,-0.259179,0,All,#4682B4,0
4,17,1,-0.301346,-0.00882057,-0.00882057,0,All,#4682B4,0
5,17,1,-0.434983,0.230402,0.230402,0,All,#4682B4,0
6,17,1,-0.0750688,-0.413875,-0.413875,0,All,#4682B4,0
7,17,1,-0.162384,-0.257574,-0.257574,0,All,#4682B4,0
8,17,1,-0.181309,-0.223696,-0.223696,0,All,#4682B4,0
9,17,1,-0.178346,-0.228999,-0.228999,0,All,#4682B4,0
10,17,1,-0.17271,-0.239088,-0.239088,0,All,#4682B4,0
1,17,2,-0.204132,0.18445,0.18445,0,All,#4682B4,0
2,17,2,-0.232762,0.2357,0.2357,0,All,#4682B4,0
3,17,2,-0.161487,0.108112,0.108112,0,All,#4682B4,0
4,17,2,-0.301346,0.358471,0.358471,0,All,#4682B4,0
5,17,2,-0.434983,0.597693,0.597693,0,All,#4682B4,0
6,17,2,-0.0750688,-0.0465837,-0.0465837,0,All,#4682B4,0
7,17,2,-0.162384,0.109717,0.109717,0,All,#4682B4,0
8,17,2,-0.181309,0.143595,0.143595,0,All,#4682B4,0
9,17,2,-0.178346,0.138292,0.138292,0,All,#4682B4,0
10,17,2,-0.17271,0.128203,0.128203,0,All,#4682B4,0
1,17,3,-0.435162,0.992334,0.992334,0,All,#4682B4,0
2,17,3,-0.318295,0.783132,0.783132,0,All,#4682B4,0
3,17,3,-0.242315,0.647123,0.647123,0,All,#4682B4,0
4,17,3,-0.662496,1.39928,1.39928,0,All,#4682B4,0
5,17,3,-0.565553,1.22575,1.22575,0,All,#4682B4,0
6,17,3,-0.201921,0.574813,0.574813,0,All,#4682B4,0
7,17,3,-0.338271,0.818891,0.818891,0,All,#4682B4,0
8,17,3,-0.226203,0.618281,0.618281,0,All,#4682B4,0
9,17,3,-0.430879,0.984668,0.984668,0,All,#4682B4,0
10,17,3,-0.254233,0.668456,0.668456,0,All,#4682B4,0
1,17,4,0.0687233,0.910019,0.910019,0,All,#4682B4,0
2,17,4,0.0668765,0.913325,0.913325,0,All,#4682B4,0
3,17,4,0.245028,0.594418,0.594418,0,All,#4682B4,0
4,17,4,-0.00834118,1.04797,1.04797,0,All,#4682B4,0
5,17,4,0.13695,0.787887,0.787887,0,All,#4682B4,0
6,17,4,0.443983,0.238272,0.238272,0,All,#4682B4,0
7,17,4,-0.26602,1.50924,1.50924,0,All,#4682B4,0
8,17,4,0.175347,0.719153,0.719153,0,All,#4682B4,0
9,17,4,0.159952,0.746712,0.746712,0,All,#4682B4,0
10,17,4,0.179734,0.711301,0.711301,0,All,#4682B4,0
1,17,5,1.10596,-0.196377,-0.196377,0,All,#4682B4,0
2,17,5,1.21632,-0.393943,-0.393943,0,All,#4682B4,0
3,17,5,1.30995,-0.561539,-0.561539,0,All,#4682B4,0
4,17,5,1.20724,-0.37768,-0.37768,0,All,#4682B4,0
5,17,5,1.3297,-0.596891,-0.596891,0,All,#4682B4,0
6,17,5,1.47808,-0.862516,-0.862516,0,All,#4682B4,0
7,17,5,1.01826,-0.0393821,-0.0393821,0,All,#4682B4,0
8,17,5,1.30729,-0.556782,-0.556782,0,All,#4682B4,0
9,17,5,1.4753,-0.857532,-0.857532,0,All,#4682B4,0
10,17,5,1.28796,-0.52218,-0.52218,0,All,#4682B4,0
1,17,6,1.63091,0.732852,0.732852,0,All,#4682B4,0
2,17,6,1.731,0.553682,0.553682,0,All,#4682B4,0
3,17,6,1.74704,0.52497,0.52497,0,All,#4682B4,0
4,17,6,1.85519,0.331374,0.331374,0,All,#4682B4,0
5,17,6,1.82225,0.39034,0.39034,0,All,#4682B4,0
6,17,6,1.86261,0.318097,0.318097,0,All,#4682B4,0
7,17,6,1.74189,0.534179,0.534179,0,All,#4682B4,0
8,17,6,1.74206,0.533875,0.533875,0,All,#4682B4,0
9,17,6,2.06212,-0.0390569,-0.0390569,0,All,#4682B4,0
10,17,6,1.74131,0.535219,0.535219,0,All,#4682B4,0
1,17,7,1.7643,1.34468,1.34468,0,All,#4682B4,0
2,17,7,1.79143,1.29612,1.29612,0,All,#4682B4,0
3,17,7,1.78031,1.31602,1.31602,0,All,#4682B4,0
4,17,7,1.94295,1.02487,1.02487,0,All,#4682B4,0
5,17,7,1.85752,1.1778,1.1778,0,All,#4682B4,0
6,17,7,1.82739,1.23173,1.23173,0,All,#4682B4,0
7,17,7,1.89734,1.10653,1.10653,0,All,#4682B4,0
8,17,7,1.73639,1.39464,1.39464,0,All,#4682B4,0
9,17,7,2.08245,0.775154,0.775154,0,All,#4682B4,0
10,17,7,1.7632,1.34663,1.34663,0,All,#4682B4,0
1,17,8,1.6365,0.179277,0.179277,0,All,#4682B4,0
2,17,8,1.59322,0.256757,0.256757,0,All,#4682B4,0
3,17,8,1.57874,0.282679,0.282679,0,All,#4682B4,0
4,17,8,1.73543,0.00218355,0.00218355,0,All,#4682B4,0
5,17,8,1.6675,0.12378,0.12378,0,All,#4682B4,0
6,17,8,1.56385,0.309334,0.309334,0,All,#4682B4,0
7,17,8,1.73287,0.00677139,0.00677139,0,All,#4682B4,0
8,17,8,1.49066,0.440352,0.440352,0,All,#4682B4,0
9,17,8,1.85756,-0.216436,-0.216436,0,All,#4682B4,0
10,17,8,1.54796,0.337778,0.337778,0,All,#4682B4,0
1,17,9,1.3281,-0.433443,-0.433443,0,All,#4682B4,0
2,17,9,1.26296,-0.316833,-0.316833,0,All,#4682B4,0
3,17,9,1.24683,-0.287963,-0.287963,0,All,#4682B4,0
4,17,9,1.4074,-0.575392,-0.575392,0,All,#4682B4,0
5,17,9,1.35247,-0.477055,-0.477055,0,All,#4682B4,0
6,17,9,1.19359,-0.192657,-0.192657,0,All,#4682B4,0
7,17,9,1.42182,-0.60121,-0.60121,0,All,#4682B4,0
8,17,9,1.13164,-0.0817568,-0.0817568,0,All,#4682B4,0
9,17,9,1.52193,-0.780412,-0.780412,0,All,#4682B4,0
10,17,9,1.21495,-0.230896,-0.230896,0,All,#4682B4,0
1,17,10,0.936545,0.606562,0.606562,0,All,#4682B4,0
2,17,10,0.874747,0.717186,0.717186,0,All,#4682B4,0
3,17,10,0.854882,0.752746,0.752746,0,All,#4682B4,0
4,17,10,1.0282,0.442498,0.442498,0,All,#4682B4,0
5,17,10,0.97207,0.54297,0.54297,0,All,#4682B4,0
6,17,10,0.789839,0.869179,0.869179,0,All,#4682B4,0
7,17,10,1.03815,0.424676,0.424676,0,All,#4682B4,0
8,17,10,0.731938,0.972825,0.972825,0,All,#4682B4,0
9,17,10,1.13462,0.252,0.252,0,All,#4682B4,0
10,17,10,0.828528,0.799922,0.799922,0,All,#4682B4,0
1,17,11,0.528781,0.756984,0.756984,0,All,#4682B4,0
2,17,11,0.469956,0.862286,0.862286,0,All,#4682B4,0
3,17,11,0.44742,0.902627,0.902627,0,All,#4682B4,0
4,17,11,0.629408,0.576853,0.576853,0,All,#4682B4,0
5,17,11,0.568974,0.685034,0.685034,0,All,#4682B4,0
6,17,11,0.380987,1.02155,1.02155,0,All,#4682B4,0
7,17,11,0.632569,0.571194,0.571194,0,All,#4682B4,0
8,17,11,0.323717,1.12407,1.12407,0,All,#4682B4,0
9,17,11,0.729749,0.397234,0.397234,0,All,#4682B4,0
10,17,11,0.424314,0.943988,0.943988,0,All,#4682B4,0
1,17,12,0.119372,-0.468062,-0.468062,0,All,#4682B4,0
2,17,12,0.0624332,-0.366137,-0.366137,0,All,#4682B4,0
3,17,12,0.0380777,-0.322539,-0.322539,0,All,#4682B4,0
4,17,12,0.224395,-0.656062,-0.656062,0,All,#4682B4,0
5,17,12,0.161152,-0.542851,-0.542851,0,All,#4682B4,0
6,17,12,-0.0282906,-0.203734,-0.203734,0,All,#4682B4,0
7,17,12,0.223393,-0.654268,-0.654268,0,All,#4682B4,0
8,17,12,-0.0855328,-0.101265,-0.101265,0,All,#4682B4,0
9,17,12,0.321067,-0.829112,-0.829112,0,All,#4682B4,0
10,17,12,0.0163611,-0.283664,-0.283664,0,All,#4682B4,0
1,17,13,-0.290301,0.27478,0.27478,0,All,#4682B4,0
2,17,13,-0.344801,0.37234,0.37234,0,All,#4682B4,0
3,17,13,-0.371394,0.419943,0.419943,0,All,#4682B4,0
4,17,13,-0.182283,0.0814179,0.0814179,0,All,#4682B4,0
5,17,13,-0.247316,0.197833,0.197833,0,All,#4682B4,0
6,17,13,-0.437384,0.53807,0.53807,0,All,#4682B4,0
7,17,13,-0.1863,0.0886086,0.0886086,0,All,#4682B4,0
8,17,13,-0.494824,0.640894,0.640894,0,All,#4682B4,0
9,17,13,-0.0883204,-0.0867826,-0.0867826,0,All,#4682B4,0
10,17,13,-0.391955,0.456749,0.456749,0,All,#4682B4,0
1,17,14,-0.700134,0.698373,-0.85278,1,All,#4682B4,0
2,17,14,-0.750373,0.788304,-0.601894,1,All,#4682B4,0
3,17,14,-0.780673,0.842543,-0.883142,1,All,#4682B4,0
4,17,14,-0.588916,0.499284,-1.60434,1,All,#4682B4,0
5,17,14,-0.655517,0.618504,0.0328532,1,All,#4682B4,0
6,17,14,-0.846096,0.959656,-0.976363,1,All,#4682B4,0
7,17,14,-0.5961,0.512144,-0.954429,1,All,#4682B4,0
8,17,14,-0.904089,1.06347,-1.13859,1,All,#4682B4,0
9,17,14,-0.497829,0.33623,-0.914187,1,All,#4682B4,0
10,17,14,-0.799423,0.876109,-1.65107,1,All,#4682B4,0
1,18,-1,-0.388796,0.334616,0.334616,0,All,#4682B4,0
2,18,-1,-0.324578,0.219661,0.219661,0,All,#4682B4,0
3,18,-1,-0.312978,0.198895,0.198895,0,All,#4682B4,0
4,18,-1,-0.287017,0.152425,0.152425,0,All,#4682B4,0
5,18,-1,-0.573934,0.666029,0.666029,0,All,#4682B4,0
6,18,-1,-0.191522,-0.0185205,-0.0185205,0,All,#4682B4,0
7,18,-1,-0.561245,0.643315,0.643315,0,All,#4682B4,0
8,18,-1,-0.311873,0.196919,0.196919,0,All,#4682B4,0
9,18,-1,-0.213007,0.0199391,0.0199391,0,All,#4682B4,0
10,18,-1,-0.391096,0.338735,0.338735,0,All,#4682B4,0
1,18,0,-0.388796,0.542291,0.542291,0,All,#4682B4,0
2,18,0,-0.324578,0.427335,0.427335,0,All,#4682B4,0
3,18,0,-0.312978,0.40657,0.40657,0,All,#4682B4,0
4,18,0,-0.287017,0.360099,0.360099,0,All,#4682B4,0
5,18,0,-0.573934,0.873704,0.873704,0,All,#4682B4,0
6,18,0,-0.191522,0.189154,0.189154,0,All,#4682B4,0
7,18,0,-0.561245,0.85099,0.85099,0,All,#4682B4,0
8,18,0,-0.311873,0.404594,0.404594,0,All,#4682B4,0
9,18,0,-0.213007,0.227614,0.227614,0,All,#4682B4,0
10,18,0,-0.391096,0.546409,0.546409,0,All,#4682B4,0
1,18,1,-0.388796,0.155909,0.155909,0,All,#4682B4,0
2,18,1,-0.324578,0.0409531,0.0409531,0,All,#4682B4,0
3,18,1,-0.312978,0.0201877,0.0201877,0,All,#4682B4,0
4,18,1,-0.287017,-0.0262831,-0.0262831,0,All,#4682B4,0
5,18,1,-0.573934,0.487321,0.487321,0,All,#4682B4,0
6,18,1,-0.191522,-0.197228,-0.197228,0,All,#4682B4,0
7,18,1,-0.561245,0.464608,0.464608,0,All,#4682B4,0
8,18,1,-0.311873,0.0182112,0.0182112,0,All,#4682B4,0
9,18,1,-0.213007,-0.158769,-0.158769,0,All,#4682B4,0
10,18,1,-0.391096,0.160027,0.160027,0,All,#4682B4,0
1,18,2,-0.388796,0.141051,-1.55345,1,All,#4682B4,0
2,18,2,-0.324578,0.0260954,-1.46895,1,All,#4682B4,0
3,18,2,-0.312978,0.00533004,-0.520284,1,All,#4682B4,0
4,18,2,-0.287017,-0.0411408,-0.184083,1,All,#4682B4,0
5,18,2,-0.573934,0.472464,0.243512,1,All,#4682B4,0
6,18,2,-0.191522,-0.212086,-0.715613,1,All,#4682B4,0
7,18,2,-0.561245,0.44975,-1.5452,1,All,#4682B4,0
8,18,2,-0.311873,0.00335352,-1.0718,1,All,#4682B4,0
9,18,2,-0.213007,-0.173626,-0.23473,1,All,#4682B4,0
10,18,2,-0.391096,0.145169,-0.61337,1,All,#4682B4,0
1,18,3,-0.489068,0.320547,-0.303933,1,All,#4682B4,0
2,18,3,-0.487229,0.317255,-0.323301,1,All,#4682B4,0
3,18,3,-0.482079,0.308036,-0.159712,1,All,#4682B4,0
4,18,3,-0.402976,0.166434,-0.556913,1,All,#4682B4,0
5,18,3,-0.66611,0.637467,0.383178,1,All,#4682B4,0
6,18,3,-0.385381,0.134939,-0.718723,1,All,#4682B4,0
7,18,3,-0.685693,0.672523,-0.320878,1,All,#4682B4,0
8,18,3,-0.443703,0.239339,0.220961,1,All,#4682B4,0
9,18,3,-0.330962,0.0375235,-2.47592,1,All,#4682B4,0
10,18,3,-0.432961,0.22011,-2.02252,1,All,#4682B4,0
1,18,4,0.498231,0.413656,0.413656,0,All,#4682B4,0
2,18,4,0.593291,0.243492,0.243492,0,All,#4682B4,0
3,18,4,0.515431,0.382866,0.382866,0,All,#4682B4,0
4,18,4,0.788233,-0.105471,-0.105471,0,All,#4682B4,0
5,18,4,0.740423,-0.0198873,-0.0198873,0,All,#4682B4,0
6,18,4,0.721522,0.0139465,0.0139465,0,All,#4682B4,0
7,18,4,1.00977,-0.502046,-0.502046,0,All,#4682B4,0
8,18,4,0.702317,0.048326,0.048326,0,All,#4682B4,0
9,18,4,0.95332,-0.40099,-0.40099,0,All,#4682B4,0
10,18,4,1.07265,-0.614594,-0.614594,0,All,#4682B4,0
1,18,5,1.35753,-0.249149,-0.249149,0,All,#4682B4,0
2,18,5,1.40483,-0.333831,-0.333831,0,All,#4682B4,0
3,18,5,1.18259,0.0640013,0.0640013,0,All,#4682B4,0
4,18,5,1.50464,-0.512499,-0.512499,0,All,#4682B4,0
5,18,5,1.51196,-0.5256,-0.5256,0,All,#4682B4,0
6,18,5,1.40122,-0.327357,-0.327357,0,All,#4682B4,0
7,18,5,1.81309,-1.06464,-1.06464,0,All,#4682B4,0
8,18,5,1.4487,-0.412355,-0.412355,0,All,#4682B4,0
9,18,5,1.59855,-0.680602,-0.680602,0,All,#4682B4,0
10,18,5,1.69282,-0.849356,-0.849356,0,All,#4682B4,0
1,18,6,1.58746,0.50918,0.50918,0,All,#4682B4,0
2,18,6,1.61124,0.466626,0.466626,0,All,#4682B4,0
3,18,6,1.4264,0.7975,0.7975,0,All,#4682B4,0
4,18,6,1.61731,0.455761,0.455761,0,All,#4682B4,0
5,18,6,1.66169,0.376316,0.376316,0,All,#4682B4,0
6,18,6,1.57239,0.536162,0.536162,0,All,#4682B4,0
7,18,6,1.84067,0.0559241,0.0559241,0,All,#4682B4,0
8,18,6,1.60844,0.471638,0.471638,0,All,#4682B4,0
9,18,6,1.71433,0.282083,0.282083,0,All,#4682B4,0
10,18,6,1.78266,0.159762,0.159762,0,All,#4682B4,0
1,18,7,1.40385,0.116749,0.116749,0,All,#4682B4,0
2,18,7,1.42746,0.0744955,0.0744955,0,All,#4682B4,0
3,18,7,1.30181,0.299411,0.299411,0,All,#4682B4,0
4,18,7,1.36835,0.180304,0.180304,0,All,#4682B4,0
5,18,7,1.47959,-0.018823,-0.018823,0,All,#4682B4,0
6,18,7,1.40539,0.114002,0.114002,0,All,#4682B4,0
7,18,7,1.55344,-0.151018,-0.151018,0,All,#4682B4,0
8,18,7,1.41193,0.102281,0.102281,0,All,#4682B4,0
9,18,7,1.50978,-0.0728712,-0.0728712,0,All,#4682B4,0
10,18,7,1.56737,-0.17596,-0.17596,0,All,#4682B4,0
1,18,8,1.02781,0.016824,0.016824,0,All,#4682B4,0
2,18,8,1.06302,-0.0462178,-0.0462178,0,All,#4682B4,0
3,18,8,0.94713,0.161241,0.161241,0,All,#4682B4,0
4,18,8,0.979993,0.102414,0.102414,0,All,#4682B4,0
5,18,8,1.11622,-0.141436,-0.141436,0,All,#4682B4,0
6,18,8,1.06264,-0.0455351,-0.0455351,0,All,#4682B4,0
7,18,8,1.16132,-0.222177,-0.222177,0,All,#4682B4,0
8,18,8,1.0488,-0.020752,-0.020752,0,All,#4682B4,0
9,18,8,1.14902,-0.200151,-0.200151,0,All,#4682B4,0
10,18,8,1.19579,-0.283877,-0.283877,0,All,#4682B4,0
1,18,9,0.620642,0.523941,0.523941,0,All,#4682B4,0
2,18,9,0.658289,0.456549,0.456549,0,All,#4682B4,0
3,18,9,0.543352,0.662297,0.662297,0,All,#4682B4,0
4,18,9,0.572119,0.610802,0.610802,0,All,#4682B4,0
5,18,9,0.711007,0.36218,0.36218,0,All,#4682B4,0
6,18,9,0.664211,0.44595,0.44595,0,All,#4682B4,0
7,18,9,0.754084,0.285068,0.285068,0,All,#4682B4,0
8,18,9,0.645104,0.480152,0.480152,0,All,#4682B4,0
9,18,9,0.744641,0.301974,0.301974,0,All,#4682B4,0
10,18,9,0.789574,0.22154,0.22154,0,All,#4682B4,0
1,18,10,0.2113,1.01902,1.01902,0,All,#4682B4,0
2,18,10,0.249453,0.950726,0.950726,0,All,#4682B4,0
3,18,10,0.134792,1.15598,1.15598,0,All,#4682B4,0
4,18,10,0.162782,1.10587,1.10587,0,All,#4682B4,0
5,18,10,0.302228,0.856254,0.856254,0,All,#4682B4,0
6,18,10,0.256527,0.938063,0.938063,0,All,#4682B4,0
7,18,10,0.34558,0.77865,0.77865,0,All,#4682B4,0
8,18,10,0.236571,0.973785,0.973785,0,All,#4682B4,0
9,18,10,0.335455,0.796776,0.796776,0,All,#4682B4,0
10,18,10,0.380767,0.715664,0.715664,0,All,#4682B4,0
1,18,11,-0.198334,-0.199892,-0.650315,1,All,#4682B4,0
2,18,11,-0.159855,-0.268773,-3.02362,1,All,#4682B4,0
3,18,11,-0.274539,-0.0634779,-0.403718,1,All,#4682B4,0
4,18,11,-0.24675,-0.113222,-0.192194,1,All,#4682B4,0
5,18,11,-0.106883,-0.363596,-0.810535,1,All,#4682B4,0
6,18,11,-0.152379,-0.282155,-0.555484,1,All,#4682B4,0
7,18,11,-0.0629555,-0.44223,-0.911587,1,All,#4682B4,0
8,18,11,-0.17252,-0.246101,-1.04438,1,All,#4682B4,0
9,18,11,-0.0740514,-0.422368,-1.1972,1,All,#4682B4,0
10,18,11,-0.0281279,-0.504575,-1.42472,1,All,#4682B4,0
1,18,12,-0.608046,0.533527,0.485456,1,All,#4682B4,0
2,18,12,-0.56918,0.463954,0.153666,1,All,#4682B4,0
3,18,12,-0.684135,0.669732,-2.52641,1,All,#4682B4,0
4,18,12,-0.656313,0.61993,0.532299,1,All,#4682B4,0
5,18,12,-0.515962,0.368689,-0.920545,1,All,#4682B4,0
6,18,12,-0.561414,0.450052,-1.21612,1,All,#4682B4,0
7,18,12,-0.471364,0.288854,-0.597047,1,All,#4682B4,0
8,18,12,-0.58161,0.486204,-0.0864344,1,All,#4682B4,0
9,18,12,-0.483477,0.310539,-1.26111,1,All,#4682B4,0
10,18,12,-0.437225,0.227743,0.218718,1,All,#4682B4,0
1,18,13,-1.01796,1.2673,-0.788091,1,All,#4682B4,0
2,18,13,-0.978427,1.19654,0.487747,1,All,#4682B4,0
3,18,13,-1.09407,1.40354,-0.59202,1,All,#4682B4,0
4,18,13,-1.06591,1.35314,-0.463517,1,All,#4682B4,0
5,18,13,-0.924944,1.1008,0.838146,1,All,#4682B4,0
6,18,13,-0.97029,1.18197,-0.598301,1,All,#4682B4,0
7,18,13,-0.880033,1.02041,-0.373956,1,All,#4682B4,0
8,18,13,-0.990543,1.21823,0.585473,1,All,#4682B4,0
9,18,13,-0.892698,1.04308,1.03278,1,All,#4682B4,0
10,18,13,-0.845726,0.958995,0.201616,1,All,#4682B4,0
1,18,14,-1.42773,2.00083,0.785561,1,All,#4682B4,0
2,18,14,-1.38779,1.92934,0.162893,1,All,#4682B4,0
3,18,14,-1.50372,2.13686,1.05651,1,All,#4682B4,0
4,18,14,-1.47561,2.08654,1.55243,1,All,#4682B4,0
5,18,14,-1.33403,1.8331,-0.390602,1,All,#4682B4,0
6,18,14,-1.37886,1.91335,0.800367,1,All,#4682B4,0
7,18,14,-1.28941,1.75322,-0.3049,1,All,#4682B4,0
8,18,14,-1.39924,1.94982,-0.108854,1,All,#4682B4,0
9,18,14,-1.30162,1.77508,0.00997646,1,All,#4682B4,0
10,18,14,-1.25385,1.68956,-1.41549,1,All,#4682B4,0
