time,empiricalCumulatedFrequencies,median,piLower,piUpper,split
-1,0.5,0.583333,0.333333,0.75,All
-0.924623,0.5,0.583333,0.333333,0.75,All
-0.849246,0.5,0.583333,0.333333,0.75,All
-0.773869,0.5,0.583333,0.333333,0.75,All
-0.698492,0.5,0.583333,0.333333,0.75,All
-0.623116,0.5,0.583333,0.333333,0.75,All
-0.547739,0.5,0.583333,0.333333,0.75,All
-0.472362,0.5,0.583333,0.333333,0.75,All
-0.396985,0.5,0.583333,0.333333,0.75,All
-0.321608,0.5,0.583333,0.333333,0.75,All
-0.246231,0.5,0.583333,0.333333,0.75,All
-0.170854,0.5,0.583333,0.333333,0.75,All
-0.0954774,0.5,0.583333,0.333333,0.75,All
-0.0201005,0.5,0.583333,0.333333,0.75,All
0.0552764,0.375,0.541667,0.375,0.75,All
0.130653,0.375,0.541667,0.375,0.75,All
0.20603,0.375,0.541667,0.375,0.75,All
0.281407,0.375,0.541667,0.375,0.75,All
0.356784,0.375,0.541667,0.375,0.75,All
0.432161,0.375,0.541667,0.375,0.75,All
0.507538,0.375,0.541667,0.375,0.75,All
0.582915,0.375,0.541667,0.375,0.75,All
0.658291,0.375,0.541667,0.375,0.75,All
0.733668,0.375,0.541667,0.375,0.75,All
0.809045,0.375,0.541667,0.375,0.75,All
0.884422,0.375,0.541667,0.375,0.75,All
0.959799,0.375,0.541667,0.375,0.75,All
1.03518,0.388889,0.555556,0.416667,0.694444,All
1.11055,0.388889,0.555556,0.416667,0.694444,All
1.18593,0.388889,0.555556,0.416667,0.694444,All
1.26131,0.388889,0.555556,0.416667,0.694444,All
1.33668,0.388889,0.555556,0.416667,0.694444,All
1.41206,0.388889,0.555556,0.416667,0.694444,All
1.48744,0.388889,0.555556,0.416667,0.694444,All
1.56281,0.388889,0.555556,0.416667,0.694444,All
1.63819,0.388889,0.555556,0.416667,0.694444,All
1.71357,0.388889,0.555556,0.416667,0.694444,All
1.78894,0.388889,0.555556,0.416667,0.694444,All
1.86432,0.388889,0.555556,0.416667,0.694444,All
1.9397,0.388889,0.555556,0.416667,0.694444,All
2.01508,0.458333,0.5625,0.427083,0.6875,All
2.09045,0.458333,0.5625,0.427083,0.6875,All
2.16583,0.458333,0.5625,0.427083,0.6875,All
2.24121,0.458333,0.5625,0.427083,0.6875,All
2.31658,0.458333,0.5625,0.427083,0.6875,All
2.39196,0.458333,0.5625,0.427083,0.6875,All
2.46734,0.458333,0.5625,0.427083,0.6875,All
2.54271,0.458333,0.5625,0.427083,0.6875,All
2.61809,0.458333,0.5625,0.427083,0.6875,All
2.69347,0.458333,0.5625,0.427083,0.6875,All
2.76884,0.458333,0.5625,0.427083,0.6875,All
2.84422,0.458333,0.5625,0.427083,0.6875,All
2.9196,0.458333,0.5625,0.427083,0.6875,All
2.99497,0.458333,0.5625,0.427083,0.6875,All
3.07035,0.466667,0.533333,0.4,0.633333,All
3.14573,0.466667,0.533333,0.4,0.633333,All
3.22111,0.466667,0.533333,0.4,0.633333,All
3.29648,0.466667,0.533333,0.4,0.633333,All
3.37186,0.466667,0.533333,0.4,0.633333,All
3.44724,0.466667,0.533333,0.4,0.633333,All
3.52261,0.466667,0.533333,0.4,0.633333,All
3.59799,0.466667,0.533333,0.4,0.633333,All
3.67337,0.466667,0.533333,0.4,0.633333,All
3.74874,0.466667,0.533333,0.4,0.633333,All
3.82412,0.466667,0.533333,0.4,0.633333,All
3.8995,0.466667,0.533333,0.4,0.633333,All
3.97487,0.466667,0.533333,0.4,0.633333,All
4.05025,0.416667,0.472222,0.361111,0.569444,All
4.12563,0.416667,0.472222,0.361111,0.569444,All
4.20101,0.416667,0.472222,0.361111,0.569444,All
4.27638,0.416667,0.472222,0.361111,0.569444,All
4.35176,0.416667,0.472222,0.361111,0.569444,All
4.42714,0.416667,0.472222,0.361111,0.569444,All
4.50251,0.416667,0.472222,0.361111,0.569444,All
4.57789,0.416667,0.472222,0.361111,0.569444,All
4.65327,0.416667,0.472222,0.361111,0.569444,All
4.72864,0.416667,0.472222,0.361111,0.569444,All
4.80402,0.416667,0.472222,0.361111,0.569444,All
4.8794,0.416667,0.472222,0.361111,0.569444,All
4.95477,0.416667,0.472222,0.361111,0.569444,All
5.03015,0.369048,0.416667,0.321429,0.5,All
5.10553,0.369048,0.416667,0.321429,0.5,All
5.1809,0.369048,0.416667,0.321429,0.5,All
5.25628,0.369048,0.416667,0.321429,0.5,All
5.33166,0.369048,0.416667,0.321429,0.5,All
5.40704,0.369048,0.416667,0.321429,0.5,All
5.48241,0.369048,0.416667,0.321429,0.5,All
5.55779,0.369048,0.416667,0.321429,0.5,All
5.63317,0.369048,0.416667,0.321429,0.5,All
5.70854,0.369048,0.416667,0.321429,0.5,All
5.78392,0.369048,0.416667,0.321429,0.5,All
5.8593,0.369048,0.416667,0.321429,0.5,All
5.93467,0.369048,0.416667,0.321429,0.5,All
6.01005,0.333333,0.369792,0.28125,0.447917,All
6.08543,0.333333,0.369792,0.28125,0.447917,All
6.1608,0.333333,0.369792,0.28125,0.447917,All
6.23618,0.333333,0.369792,0.28125,0.447917,All
6.31156,0.333333,0.369792,0.28125,0.447917,All
6.38693,0.333333,0.369792,0.28125,0.447917,All
6.46231,0.333333,0.369792,0.28125,0.447917,All
6.53769,0.333333,0.369792,0.28125,0.447917,All
6.61307,0.333333,0.369792,0.28125,0.447917,All
6.68844,0.333333,0.369792,0.28125,0.447917,All
6.76382,0.333333,0.369792,0.28125,0.447917,All
6.8392,0.333333,0.369792,0.28125,0.447917,All
6.91457,0.333333,0.369792,0.28125,0.447917,All
6.98995,0.333333,0.369792,0.28125,0.447917,All
7.06533,0.296296,0.333333,0.259259,0.407407,All
7.1407,0.296296,0.333333,0.259259,0.407407,All
7.21608,0.296296,0.333333,0.259259,0.407407,All
7.29146,0.296296,0.333333,0.259259,0.407407,All
7.36683,0.296296,0.333333,0.259259,0.407407,All
7.44221,0.296296,0.333333,0.259259,0.407407,All
7.51759,0.296296,0.333333,0.259259,0.407407,All
7.59296,0.296296,0.333333,0.259259,0.407407,All
7.66834,0.296296,0.333333,0.259259,0.407407,All
7.74372,0.296296,0.333333,0.259259,0.407407,All
7.8191,0.296296,0.333333,0.259259,0.407407,All
7.89447,0.296296,0.333333,0.259259,0.407407,All
7.96985,0.296296,0.333333,0.259259,0.407407,All
8.04523,0.266667,0.3,0.233333,0.375,All
8.1206,0.266667,0.3,0.233333,0.375,All
8.19598,0.266667,0.3,0.233333,0.375,All
8.27136,0.266667,0.3,0.233333,0.375,All
8.34673,0.266667,0.3,0.233333,0.375,All
8.42211,0.266667,0.3,0.233333,0.375,All
8.49749,0.266667,0.3,0.233333,0.375,All
8.57286,0.266667,0.3,0.233333,0.375,All
8.64824,0.266667,0.3,0.233333,0.375,All
8.72362,0.266667,0.3,0.233333,0.375,All
8.79899,0.266667,0.3,0.233333,0.375,All
8.87437,0.266667,0.3,0.233333,0.375,All
8.94975,0.266667,0.3,0.233333,0.375,All
9.02513,0.242424,0.280303,0.212121,0.348485,All
9.1005,0.242424,0.280303,0.212121,0.348485,All
9.17588,0.242424,0.280303,0.212121,0.348485,All
9.25126,0.242424,0.280303,0.212121,0.348485,All
9.32663,0.242424,0.280303,0.212121,0.348485,All
9.40201,0.242424,0.280303,0.212121,0.348485,All
9.47739,0.242424,0.280303,0.212121,0.348485,All
9.55276,0.242424,0.280303,0.212121,0.348485,All
9.62814,0.242424,0.280303,0.212121,0.348485,All
9.70352,0.242424,0.280303,0.212121,0.348485,All
9.77889,0.242424,0.280303,0.212121,0.348485,All
9.85427,0.242424,0.280303,0.212121,0.348485,All
9.92965,0.242424,0.280303,0.212121,0.348485,All
10.005,0.222222,0.256944,0.201389,0.333333,All
10.0804,0.222222,0.256944,0.201389,0.333333,All
10.1558,0.222222,0.256944,0.201389,0.333333,All
10.2312,0.222222,0.256944,0.201389,0.333333,All
10.3065,0.222222,0.256944,0.201389,0.333333,All
10.3819,0.222222,0.256944,0.201389,0.333333,All
10.4573,0.222222,0.256944,0.201389,0.333333,All
10.5327,0.222222,0.256944,0.201389,0.333333,All
10.608,0.222222,0.256944,0.201389,0.333333,All
10.6834,0.222222,0.256944,0.201389,0.333333,All
10.7588,0.222222,0.256944,0.201389,0.333333,All
10.8342,0.222222,0.256944,0.201389,0.333333,All
10.9095,0.222222,0.256944,0.201389,0.333333,All
10.9849,0.222222,0.256944,0.201389,0.333333,All
11.0603,0.237179,0.25641,0.192308,0.320513,All
11.1357,0.237179,0.25641,0.192308,0.320513,All
11.2111,0.237179,0.25641,0.192308,0.320513,All
11.2864,0.237179,0.25641,0.192308,0.320513,All
11.3618,0.237179,0.25641,0.192308,0.320513,All
11.4372,0.237179,0.25641,0.192308,0.320513,All
11.5126,0.237179,0.25641,0.192308,0.320513,All
11.5879,0.237179,0.25641,0.192308,0.320513,All
11.6633,0.237179,0.25641,0.192308,0.320513,All
11.7387,0.237179,0.25641,0.192308,0.320513,All
11.8141,0.237179,0.25641,0.192308,0.320513,All
11.8894,0.237179,0.25641,0.192308,0.320513,All
11.9648,0.237179,0.25641,0.192308,0.320513,All
12.0402,0.255952,0.255952,0.196429,0.327381,All
12.1156,0.255952,0.255952,0.196429,0.327381,All
12.191,0.255952,0.255952,0.196429,0.327381,All
12.2663,0.255952,0.255952,0.196429,0.327381,All
12.3417,0.255952,0.255952,0.196429,0.327381,All
12.4171,0.255952,0.255952,0.196429,0.327381,All
12.4925,0.255952,0.255952,0.196429,0.327381,All
12.5678,0.255952,0.255952,0.196429,0.327381,All
12.6432,0.255952,0.255952,0.196429,0.327381,All
12.7186,0.255952,0.255952,0.196429,0.327381,All
12.794,0.255952,0.255952,0.196429,0.327381,All
12.8693,0.255952,0.255952,0.196429,0.327381,All
12.9447,0.255952,0.255952,0.196429,0.327381,All
13.0201,0.266667,0.272222,0.213889,0.338889,All
13.0955,0.266667,0.272222,0.213889,0.338889,All
13.1709,0.266667,0.272222,0.213889,0.338889,All
13.2462,0.266667,0.272222,0.213889,0.338889,All
13.3216,0.266667,0.272222,0.213889,0.338889,All
13.397,0.266667,0.272222,0.213889,0.338889,All
13.4724,0.266667,0.272222,0.213889,0.338889,All
13.5477,0.266667,0.272222,0.213889,0.338889,All
13.6231,0.266667,0.272222,0.213889,0.338889,All
13.6985,0.266667,0.272222,0.213889,0.338889,All
13.7739,0.266667,0.272222,0.213889,0.338889,All
13.8492,0.266667,0.272222,0.213889,0.338889,All
13.9246,0.266667,0.272222,0.213889,0.338889,All
14,0.296875,0.302083,0.234375,0.359375,All
