iteration,E_beta_exp,sd_beta_exp,E_delta0,sd_delta0,E_p,sd_p,E_td,sd_td,E_b_exp,sd_b_exp,E_h_0,sd_h_0,E_tc,sd_tc,E_sigma,sd_sigma,E_rho_exp,sd_rho_exp,E_alpha_exp,sd_alpha_exp
1,-3.56091,0.283855,1.68401,0.492319,2.75369,0.251556,1.88378,0.200018,-2.57305,0.600073,0.657583,0.132248,5.7688,0.75806,0.492772,0.289681,-2.13436,0.425197,-3.70051,0.308906
2,-3.55885,0.248191,1.70921,0.434995,2.75799,0.22058,1.88898,0.174983,-2.57462,0.52433,0.6574,0.11571,5.79622,0.696589,0.498119,0.258752,-2.1343,0.368439,-3.68724,0.272857
3,-3.55405,0.236125,1.73517,0.406402,2.75873,0.212063,1.88864,0.169994,-2.57661,0.492745,0.657613,0.109738,5.84401,0.669794,0.500292,0.245427,-2.13734,0.35472,-3.6863,0.256577
4,-3.54929,0.230944,1.76284,0.385795,2.75785,0.212293,1.88779,0.164944,-2.57757,0.476069,0.657295,0.107025,5.86057,0.630608,0.501128,0.237441,-2.13824,0.35463,-3.69196,0.255887
5,-3.54724,0.233335,1.76783,0.373515,2.75419,0.214521,1.8872,0.162492,-2.57869,0.469828,0.657677,0.105537,5.88557,0.605904,0.500752,0.232341,-2.13965,0.34876,-3.69935,0.249406
6,-3.54309,0.238815,1.77712,0.375216,2.75155,0.215818,1.88838,0.156948,-2.5795,0.465699,0.658287,0.104847,5.90984,0.590079,0.50262,0.232371,-2.13745,0.34809,-3.7024,0.245435
7,-3.53757,0.24006,1.78686,0.378184,2.74632,0.216319,1.88896,0.153593,-2.5826,0.462271,0.658837,0.103681,5.92359,0.58658,0.502477,0.229654,-2.13505,0.348756,-3.70624,0.244064
8,-3.53348,0.241523,1.7954,0.382966,2.74232,0.214133,1.89075,0.153099,-2.5847,0.459775,0.6594,0.102154,5.92546,0.58361,0.502783,0.228314,-2.13141,0.346834,-3.71408,0.243841
9,-3.52915,0.242638,1.8053,0.386205,2.73934,0.211454,1.89188,0.151877,-2.58703,0.458402,0.659931,0.101247,5.92762,0.586858,0.503509,0.230001,-2.12953,0.344882,-3.71893,0.240936
10,-3.52508,0.243303,1.82506,0.389477,2.73818,0.211474,1.88844,0.151587,-2.59292,0.457365,0.660426,0.100103,5.93173,0.583592,0.503103,0.228627,-2.12773,0.34024,-3.72435,0.23891
11,-3.52012,0.24407,1.84027,0.391864,2.73649,0.211821,1.88596,0.151315,-2.59878,0.456404,0.660931,0.099481,5.93681,0.587051,0.502738,0.22649,-2.12773,0.336503,-3.72891,0.23741
12,-3.51575,0.245507,1.85353,0.393794,2.73401,0.212288,1.8841,0.152012,-2.60302,0.457416,0.661474,0.0989358,5.94051,0.59336,0.503103,0.227927,-2.12747,0.33475,-3.73201,0.236633
13,-3.51373,0.247073,1.8638,0.396532,2.73378,0.2145,1.88326,0.15396,-2.60711,0.457872,0.661822,0.098598,5.9424,0.604326,0.502848,0.228186,-2.12492,0.334367,-3.73274,0.23566
14,-3.51226,0.249335,1.86238,0.399033,2.73254,0.215435,1.88145,0.155208,-2.61007,0.459843,0.662098,0.0982758,5.95234,0.608933,0.501851,0.22668,-2.12417,0.336723,-3.73286,0.23475
15,-3.50972,0.250754,1.86398,0.400684,2.73165,0.216985,1.87938,0.156524,-2.61316,0.461808,0.662408,0.0982588,5.95909,0.613464,0.501773,0.22491,-2.12354,0.339265,-3.73429,0.234351
16,-3.50861,0.252148,1.86637,0.403903,2.73095,0.218892,1.87744,0.157472,-2.61498,0.464136,0.662568,0.0991947,5.95597,0.614587,0.501824,0.224502,-2.12205,0.339687,-3.73526,0.232893
17,-3.50728,0.253424,1.86847,0.4086,2.7302,0.221599,1.87533,0.158271,-2.61722,0.467109,0.662858,0.100059,5.95252,0.618916,0.501749,0.223568,-2.11948,0.339186,-3.73598,0.231531
18,-3.50761,0.254456,1.86984,0.411377,2.73083,0.22468,1.87425,0.158293,-2.61915,0.469527,0.663209,0.100783,5.95284,0.622101,0.502492,0.222759,-2.11756,0.340774,-3.73612,0.230122
19,-3.50818,0.255411,1.86757,0.414691,2.73121,0.227651,1.87301,0.158007,-2.621,0.470321,0.663389,0.101644,5.95532,0.623088,0.503965,0.221883,-2.11506,0.341759,-3.73557,0.22937
20,-3.50812,0.255447,1.868,0.414106,2.73174,0.228891,1.87175,0.158785,-2.62272,0.4706,0.663465,0.102012,5.95636,0.627225,0.504158,0.221824,-2.11308,0.341462,-3.73418,0.230528
21,-3.50727,0.256387,1.86885,0.415262,2.73142,0.229766,1.87039,0.159809,-2.62397,0.471197,0.663528,0.102219,5.95585,0.628469,0.504516,0.221604,-2.11081,0.340957,-3.73291,0.231644
22,-3.50689,0.25935,1.8704,0.417146,2.73147,0.230693,1.86978,0.161084,-2.62485,0.472797,0.663552,0.102462,5.95185,0.628377,0.50372,0.221947,-2.10969,0.340385,-3.73233,0.232424
23,-3.5065,0.262718,1.8748,0.419876,2.73217,0.232938,1.87013,0.16172,-2.62537,0.475417,0.663522,0.102922,5.94684,0.632385,0.502975,0.221311,-2.10983,0.341232,-3.73163,0.232585
24,-3.50695,0.265519,1.87605,0.422481,2.73331,0.235409,1.87005,0.162508,-2.62589,0.47698,0.663568,0.103502,5.9417,0.634718,0.502496,0.220244,-2.11005,0.3413,-3.73105,0.234464
25,-3.50786,0.26672,1.87543,0.424073,2.73506,0.237664,1.87011,0.162778,-2.62683,0.478061,0.663506,0.103764,5.93915,0.638469,0.5026,0.219111,-2.10949,0.340426,-3.73043,0.235353
26,-3.50829,0.267197,1.87523,0.425524,2.73667,0.239003,1.87033,0.162703,-2.62735,0.478313,0.663361,0.103935,5.94116,0.640168,0.503751,0.218923,-2.10952,0.339076,-3.72899,0.236253
27,-3.50885,0.268252,1.87492,0.426186,2.73916,0.240424,1.87072,0.162573,-2.62771,0.478853,0.663333,0.104032,5.94298,0.641678,0.504333,0.218157,-2.1102,0.339309,-3.72816,0.23816
28,-3.50927,0.269633,1.87554,0.428202,2.74112,0.240883,1.87182,0.16267,-2.62794,0.47933,0.66328,0.104045,5.94526,0.645483,0.505201,0.217579,-2.11006,0.339757,-3.72728,0.240364
29,-3.50959,0.270608,1.87714,0.429937,2.74237,0.241583,1.87231,0.162594,-2.6277,0.479923,0.663208,0.10417,5.9463,0.649121,0.505872,0.217056,-2.10951,0.340271,-3.72659,0.240763
30,-3.51015,0.271447,1.8793,0.430184,2.74395,0.242372,1.87301,0.162446,-2.62724,0.480529,0.663208,0.104285,5.94833,0.651702,0.50657,0.217066,-2.10873,0.341428,-3.72701,0.240626
31,-3.51085,0.271956,1.88179,0.431923,2.74517,0.243318,1.87355,0.162054,-2.62717,0.480831,0.663163,0.104516,5.94977,0.653465,0.506259,0.216797,-2.10939,0.342557,-3.727,0.24043
32,-3.51082,0.273482,1.88395,0.433858,2.74614,0.244599,1.87395,0.162523,-2.62728,0.481476,0.663098,0.104618,5.95002,0.654713,0.505929,0.216939,-2.1098,0.343063,-3.72657,0.240667
33,-3.51211,0.274539,1.88535,0.435802,2.74674,0.245746,1.87456,0.163345,-2.6269,0.482546,0.663036,0.10484,5.94761,0.658257,0.50568,0.216946,-2.1096,0.343627,-3.72669,0.241255
34,-3.51232,0.274846,1.89013,0.43778,2.74656,0.247188,1.8751,0.163548,-2.62622,0.483424,0.662955,0.105047,5.94766,0.663324,0.505231,0.217683,-2.11019,0.34418,-3.72722,0.242236
35,-3.51189,0.274738,1.89469,0.438756,2.74607,0.248608,1.87529,0.163389,-2.62552,0.484153,0.662901,0.105299,5.94417,0.668344,0.504661,0.218454,-2.11074,0.345422,-3.72715,0.242522
36,-3.51095,0.275054,1.89742,0.440414,2.74509,0.249071,1.87545,0.162975,-2.62539,0.485571,0.662941,0.105591,5.94191,0.671664,0.50422,0.218763,-2.11112,0.345711,-3.72727,0.242391
37,-3.51019,0.275025,1.90151,0.441434,2.74491,0.24949,1.87543,0.163193,-2.62548,0.487298,0.66291,0.106063,5.93831,0.674852,0.50367,0.219249,-2.11163,0.346084,-3.72735,0.243148
38,-3.50965,0.274742,1.90675,0.443238,2.74462,0.250152,1.87555,0.163209,-2.62491,0.48916,0.662904,0.106425,5.93477,0.678463,0.503173,0.219433,-2.11262,0.345824,-3.72743,0.243344
39,-3.50938,0.274724,1.91026,0.445359,2.74458,0.250596,1.87584,0.163471,-2.62448,0.490907,0.662892,0.106838,5.93037,0.680589,0.502555,0.219574,-2.11379,0.345379,-3.72758,0.243766
40,-3.50945,0.274162,1.91529,0.448452,2.74487,0.251389,1.87584,0.16367,-2.6243,0.49218,0.662902,0.107212,5.92505,0.683614,0.50215,0.220492,-2.11422,0.345854,-3.72749,0.243966
41,-3.5093,0.273681,1.91852,0.451159,2.74505,0.251631,1.87567,0.163536,-2.62418,0.493569,0.662828,0.107603,5.92076,0.68766,0.501631,0.220862,-2.11503,0.345975,-3.72744,0.243623
42,-3.50942,0.273244,1.91959,0.452445,2.74497,0.251486,1.87566,0.163471,-2.62353,0.495063,0.662761,0.107853,5.9157,0.690363,0.501261,0.221977,-2.11544,0.345824,-3.72684,0.242726
43,-3.50929,0.272714,1.92034,0.454105,2.74489,0.251215,1.87556,0.163501,-2.62291,0.496659,0.662675,0.108143,5.91056,0.692232,0.500633,0.222131,-2.11573,0.345184,-3.72665,0.241796
44,-3.50932,0.272415,1.92224,0.455269,2.74461,0.251007,1.87592,0.163313,-2.62197,0.498149,0.662564,0.108448,5.90441,0.692051,0.500317,0.222493,-2.1152,0.344808,-3.72677,0.241206
45,-3.50901,0.272047,1.92259,0.457146,2.74412,0.251316,1.87643,0.16299,-2.62116,0.49926,0.662478,0.108695,5.9009,0.692189,0.500114,0.222918,-2.11548,0.345007,-3.72663,0.241419
46,-3.50864,0.271359,1.92287,0.45829,2.7435,0.251969,1.87681,0.162852,-2.62052,0.499985,0.662428,0.108959,5.89857,0.691682,0.499981,0.222638,-2.11555,0.345145,-3.72674,0.24144
47,-3.50828,0.271398,1.92304,0.458288,2.74283,0.252044,1.87731,0.163116,-2.61959,0.50055,0.662376,0.109293,5.8968,0.691433,0.499534,0.223103,-2.11609,0.346572,-3.72666,0.241035
48,-3.50801,0.271065,1.92356,0.458129,2.74251,0.251759,1.8782,0.162782,-2.61878,0.501001,0.662296,0.109662,5.89642,0.690575,0.499354,0.223565,-2.11688,0.347645,-3.72662,0.241374
49,-3.5078,0.270672,1.92659,0.458566,2.74248,0.251663,1.87871,0.162783,-2.61791,0.501734,0.662239,0.11006,5.89527,0.69145,0.499085,0.22391,-2.11749,0.34876,-3.72662,0.241652
50,-3.50783,0.270242,1.92864,0.458587,2.74197,0.251371,1.87887,0.162923,-2.61655,0.50203,0.662146,0.110305,5.89518,0.692497,0.499017,0.22455,-2.11789,0.349986,-3.72655,0.2418
51,-3.50791,0.269878,1.93107,0.459063,2.74167,0.252129,1.87936,0.162984,-2.61542,0.502551,0.662096,0.110574,5.89576,0.692901,0.498727,0.225166,-2.11836,0.351677,-3.72655,0.241384
52,-3.50788,0.270076,1.93438,0.459776,2.74132,0.2526,1.87992,0.162949,-2.61456,0.502873,0.6621,0.110786,5.89516,0.693749,0.498537,0.225642,-2.119,0.352851,-3.72652,0.241673
53,-3.50779,0.270513,1.93966,0.4604,2.74106,0.253451,1.88015,0.163254,-2.61379,0.50341,0.662057,0.111041,5.8923,0.69495,0.4984,0.226038,-2.11949,0.354674,-3.72676,0.24202
54,-3.50817,0.271236,1.94186,0.461388,2.74128,0.254484,1.87988,0.163602,-2.6132,0.503773,0.662019,0.111308,5.89027,0.695888,0.49854,0.226597,-2.12049,0.356094,-3.72701,0.242013
55,-3.509,0.272411,1.94243,0.461971,2.74144,0.255013,1.87968,0.163527,-2.61253,0.504706,0.661991,0.111613,5.8903,0.695635,0.498612,0.226547,-2.12085,0.357824,-3.72753,0.241955
56,-3.50999,0.273574,1.94297,0.462625,2.7414,0.255482,1.87945,0.163437,-2.61164,0.505632,0.661955,0.111991,5.888,0.695595,0.498602,0.227157,-2.1206,0.358656,-3.7275,0.242443
57,-3.51062,0.274413,1.94291,0.462752,2.74125,0.25587,1.87918,0.163726,-2.61082,0.506711,0.661925,0.112355,5.88656,0.695783,0.498417,0.227684,-2.12069,0.359837,-3.72711,0.24301
58,-3.51096,0.27514,1.94428,0.46301,2.74117,0.255941,1.87905,0.16376,-2.61016,0.507821,0.661849,0.1127,5.88413,0.695321,0.49848,0.228092,-2.12042,0.360326,-3.72723,0.242814
59,-3.51126,0.275634,1.94369,0.463085,2.74109,0.256369,1.87879,0.164216,-2.60958,0.509037,0.661767,0.112988,5.88237,0.694971,0.498602,0.229086,-2.12061,0.361115,-3.72689,0.242785
60,-3.51167,0.276313,1.94151,0.463769,2.74117,0.256663,1.87846,0.164821,-2.60872,0.510377,0.661626,0.113243,5.88098,0.694827,0.498757,0.229854,-2.12103,0.361768,-3.7264,0.242596
61,-3.51242,0.277051,1.93943,0.464703,2.74136,0.257149,1.8789,0.16479,-2.60742,0.511753,0.661498,0.113556,5.87923,0.695015,0.498853,0.230526,-2.12175,0.362076,-3.72561,0.242488
62,-3.51296,0.277701,1.93704,0.465562,2.74144,0.257477,1.87918,0.164627,-2.60636,0.513086,0.661375,0.113957,5.87773,0.69562,0.498855,0.23123,-2.12216,0.362642,-3.72497,0.242418
63,-3.51329,0.277915,1.93614,0.466757,2.74175,0.257694,1.87956,0.164453,-2.60548,0.514278,0.661252,0.114274,5.87622,0.696123,0.49887,0.231562,-2.12298,0.362949,-3.72418,0.242226
64,-3.51375,0.278273,1.9348,0.467955,2.74199,0.257584,1.88035,0.16423,-2.60442,0.51511,0.661089,0.114568,5.87554,0.696021,0.49875,0.231978,-2.1246,0.363706,-3.72356,0.242198
65,-3.51443,0.278656,1.933,0.468511,2.74212,0.257362,1.88116,0.1641,-2.60295,0.515647,0.660895,0.114739,5.87538,0.695315,0.498744,0.232015,-2.12573,0.364044,-3.72361,0.242377
66,-3.51521,0.279031,1.93124,0.469034,2.7426,0.257332,1.88184,0.164324,-2.60143,0.515919,0.660723,0.114904,5.87522,0.695272,0.498978,0.232189,-2.12728,0.364167,-3.72311,0.2427
67,-3.51624,0.279145,1.92978,0.469514,2.74308,0.257549,1.88247,0.163997,-2.59981,0.516244,0.660574,0.115064,5.87558,0.694996,0.499268,0.232451,-2.12838,0.364079,-3.72263,0.242945
68,-3.51709,0.279043,1.92901,0.469441,2.74312,0.257634,1.8831,0.163881,-2.59862,0.516612,0.660457,0.115173,5.87629,0.695208,0.499482,0.232795,-2.12919,0.364438,-3.72242,0.242981
69,-3.5177,0.279081,1.92782,0.469388,2.74338,0.257705,1.88341,0.163908,-2.59736,0.516603,0.660289,0.115302,5.8767,0.696297,0.499944,0.233345,-2.12935,0.364344,-3.72219,0.243264
70,-3.51847,0.278954,1.92719,0.46967,2.74342,0.257392,1.88416,0.163929,-2.59577,0.516811,0.660131,0.115337,5.8771,0.696551,0.500269,0.233739,-2.12981,0.36446,-3.72199,0.243417
71,-3.51936,0.279216,1.9265,0.470552,2.74313,0.257441,1.88495,0.163865,-2.5938,0.516692,0.659903,0.115344,5.87635,0.696148,0.500521,0.233862,-2.12985,0.364444,-3.72191,0.243503
72,-3.51987,0.279499,1.92655,0.471235,2.74289,0.257637,1.88554,0.163955,-2.59168,0.516596,0.659648,0.115296,5.87525,0.696027,0.500655,0.233876,-2.12984,0.364006,-3.72208,0.24366
73,-3.52031,0.279752,1.92553,0.472135,2.74251,0.258023,1.88585,0.164018,-2.58957,0.516708,0.659354,0.115342,5.87474,0.696023,0.500846,0.234028,-2.12968,0.364191,-3.72217,0.243796
74,-3.52034,0.279624,1.92566,0.473104,2.74224,0.258623,1.88663,0.163862,-2.58701,0.516791,0.659024,0.115335,5.87371,0.696196,0.501001,0.234406,-2.1298,0.364541,-3.72225,0.243854
75,-3.52034,0.279434,1.92516,0.474363,2.74188,0.25894,1.88747,0.163684,-2.58477,0.516719,0.658703,0.115403,5.87283,0.69734,0.501416,0.234876,-2.12992,0.365103,-3.72288,0.243869
76,-3.52074,0.279688,1.92317,0.474899,2.74179,0.25892,1.88832,0.163589,-2.58265,0.516926,0.658431,0.115509,5.87226,0.697517,0.5018,0.235525,-2.12991,0.365482,-3.72328,0.243414
77,-3.52124,0.27995,1.92202,0.474809,2.74164,0.259135,1.88888,0.16335,-2.5805,0.517091,0.658133,0.115701,5.87231,0.697206,0.50228,0.235723,-2.12987,0.366048,-3.7234,0.243351
78,-3.52183,0.280229,1.91925,0.474352,2.74161,0.259217,1.88945,0.163301,-2.57865,0.517205,0.657869,0.115877,5.87166,0.696463,0.502518,0.235841,-2.13034,0.366534,-3.72332,0.243476
79,-3.52255,0.280398,1.91671,0.474264,2.74147,0.259564,1.8904,0.163166,-2.57664,0.517108,0.657597,0.116021,5.87113,0.696015,0.50266,0.235772,-2.13079,0.367246,-3.72306,0.243666
80,-3.52308,0.280491,1.91514,0.47432,2.74135,0.260205,1.8915,0.163309,-2.57427,0.517632,0.657279,0.11618,5.86918,0.695787,0.502761,0.235701,-2.13178,0.367985,-3.72252,0.243945
81,-3.52337,0.280594,1.91308,0.474174,2.7412,0.260555,1.89238,0.163341,-2.57209,0.517846,0.656989,0.116275,5.86638,0.695604,0.502855,0.23576,-2.13288,0.368605,-3.72215,0.243936
82,-3.52359,0.280385,1.91126,0.47439,2.74105,0.260567,1.89338,0.16341,-2.56991,0.517992,0.656644,0.116519,5.86327,0.695433,0.503122,0.235859,-2.13324,0.368832,-3.72139,0.244506
83,-3.52373,0.280457,1.90925,0.474311,2.74083,0.260336,1.89406,0.163502,-2.56755,0.518321,0.656319,0.116711,5.85981,0.695139,0.50338,0.235866,-2.13391,0.369153,-3.72109,0.244849
84,-3.5239,0.280737,1.90778,0.474165,2.74081,0.260386,1.89451,0.163494,-2.56565,0.518425,0.656036,0.116888,5.85704,0.6948,0.503641,0.235958,-2.1349,0.369372,-3.72057,0.245315
85,-3.52414,0.28091,1.90722,0.473994,2.74093,0.260323,1.89508,0.163363,-2.56377,0.518764,0.655753,0.117106,5.8549,0.694188,0.503811,0.236001,-2.13563,0.370063,-3.72007,0.24546
86,-3.52417,0.281164,1.90719,0.474304,2.74114,0.260369,1.89565,0.163263,-2.56212,0.519006,0.655466,0.117344,5.85312,0.69349,0.503808,0.236136,-2.137,0.370906,-3.72004,0.245564
87,-3.52409,0.281387,1.90636,0.475207,2.7411,0.260183,1.89624,0.163293,-2.56077,0.519204,0.655235,0.117462,5.85193,0.693864,0.503526,0.236241,-2.13819,0.371499,-3.71997,0.245797
88,-3.52411,0.281893,1.90594,0.475579,2.74096,0.260413,1.89665,0.163072,-2.55946,0.519245,0.655036,0.117543,5.85131,0.693038,0.503318,0.236287,-2.1389,0.37177,-3.71976,0.245693
89,-3.52445,0.282336,1.90655,0.475458,2.74107,0.260834,1.89712,0.162863,-2.55808,0.519118,0.654889,0.117499,5.85052,0.69255,0.503206,0.236536,-2.1393,0.371739,-3.71943,0.245559
90,-3.52472,0.282798,1.90623,0.475591,2.74126,0.260738,1.8974,0.162698,-2.55696,0.518803,0.654701,0.117476,5.85028,0.692177,0.503052,0.236494,-2.14018,0.371722,-3.71896,0.245399
91,-3.52495,0.2833,1.90651,0.475506,2.74159,0.260693,1.89764,0.162461,-2.55631,0.518426,0.654567,0.117503,5.851,0.691714,0.502985,0.236456,-2.1409,0.37151,-3.71844,0.245358
92,-3.52538,0.283475,1.9056,0.475338,2.74201,0.260581,1.89744,0.162151,-2.5557,0.518009,0.654417,0.117536,5.85042,0.691987,0.502914,0.236316,-2.14135,0.371493,-3.71791,0.245273
93,-3.5257,0.283705,1.9042,0.475298,2.74233,0.260451,1.89759,0.161981,-2.55494,0.517825,0.654254,0.117549,5.84906,0.691496,0.502866,0.236109,-2.1417,0.371481,-3.71735,0.245416
94,-3.52615,0.284043,1.90233,0.474996,2.74265,0.260533,1.89783,0.161856,-2.55422,0.517588,0.654118,0.117594,5.84636,0.691501,0.502752,0.236056,-2.14194,0.371429,-3.717,0.245304
95,-3.52673,0.284479,1.8995,0.474761,2.74297,0.260418,1.89794,0.161855,-2.55365,0.517387,0.65403,0.117663,5.84449,0.691341,0.502693,0.236135,-2.14213,0.37154,-3.71672,0.245055
96,-3.52729,0.284975,1.8972,0.474434,2.74299,0.260447,1.89789,0.162075,-2.55312,0.517543,0.653968,0.117658,5.84264,0.690696,0.502558,0.236191,-2.14206,0.37123,-3.71657,0.244902
97,-3.52787,0.285597,1.89491,0.47457,2.74315,0.260931,1.89772,0.16199,-2.55258,0.517606,0.653859,0.117654,5.84054,0.690188,0.502599,0.23648,-2.14204,0.370807,-3.71641,0.244793
98,-3.52859,0.28606,1.89285,0.474733,2.74309,0.261185,1.89741,0.161803,-2.55204,0.517609,0.653781,0.117682,5.83827,0.689822,0.502446,0.236755,-2.14197,0.370476,-3.71658,0.2448
99,-3.52955,0.28679,1.89077,0.474929,2.74318,0.261213,1.89738,0.161702,-2.55141,0.517573,0.653727,0.117697,5.83542,0.690202,0.502418,0.237024,-2.14185,0.370176,-3.71655,0.245103
100,-3.53035,0.287399,1.88846,0.475599,2.74338,0.261065,1.89741,0.16163,-2.55089,0.517301,0.653657,0.117687,5.83277,0.690362,0.502336,0.237171,-2.1418,0.369982,-3.71647,0.245362
101,-3.53095,0.287966,1.88672,0.475673,2.74366,0.260979,1.89734,0.161574,-2.55062,0.517073,0.653621,0.117661,5.83097,0.690283,0.502373,0.237127,-2.14187,0.369926,-3.71652,0.245789
102,-3.53153,0.288546,1.88492,0.475884,2.74391,0.260785,1.89733,0.161353,-2.55022,0.516808,0.65354,0.117628,5.82929,0.689997,0.502503,0.237066,-2.14191,0.37009,-3.71658,0.245952
103,-3.53213,0.288907,1.88454,0.476046,2.74421,0.260457,1.89733,0.161161,-2.54996,0.516442,0.653503,0.117548,5.82825,0.690381,0.502434,0.237103,-2.14198,0.370062,-3.7165,0.245817
104,-3.53265,0.289388,1.88377,0.476045,2.74444,0.259999,1.89729,0.161081,-2.54985,0.516112,0.653466,0.117475,5.82724,0.690911,0.502286,0.237317,-2.1422,0.370147,-3.71663,0.245701
105,-3.53322,0.289827,1.88262,0.475874,2.74464,0.259694,1.89728,0.161025,-2.54976,0.515934,0.653449,0.117428,5.82643,0.690851,0.502098,0.237552,-2.14212,0.369988,-3.71663,0.245507
106,-3.53371,0.29011,1.88273,0.475441,2.74484,0.259279,1.89746,0.160964,-2.54958,0.516065,0.653467,0.117515,5.8267,0.691702,0.502046,0.237657,-2.14227,0.369795,-3.71666,0.245352
107,-3.53418,0.290275,1.88318,0.475126,2.74514,0.258825,1.89753,0.160961,-2.54955,0.516254,0.653478,0.117647,5.82905,0.691926,0.50195,0.237733,-2.14262,0.369767,-3.71667,0.245129
108,-3.53456,0.290522,1.88363,0.475237,2.74539,0.258458,1.89806,0.161083,-2.54935,0.516266,0.65345,0.117714,5.83139,0.692263,0.501844,0.237711,-2.14253,0.36986,-3.71667,0.244947
109,-3.53483,0.290586,1.88389,0.475364,2.74564,0.258194,1.89828,0.161017,-2.5492,0.516343,0.653419,0.117838,5.83281,0.692267,0.501817,0.237655,-2.14251,0.370053,-3.71672,0.245051
110,-3.535,0.290479,1.88375,0.475335,2.74572,0.257943,1.89845,0.160996,-2.54893,0.516485,0.653382,0.117948,5.83462,0.691829,0.501841,0.237495,-2.14268,0.370338,-3.71674,0.245154
111,-3.53516,0.290382,1.88359,0.475136,2.74583,0.257728,1.89858,0.160986,-2.54872,0.516354,0.653336,0.11806,5.8364,0.691888,0.501823,0.237327,-2.14294,0.370689,-3.71673,0.245222
112,-3.53521,0.29017,1.88327,0.475071,2.74626,0.257623,1.89894,0.161144,-2.54864,0.516312,0.653311,0.118102,5.83864,0.692115,0.501832,0.237204,-2.14313,0.370765,-3.71644,0.245196
113,-3.5356,0.289961,1.88303,0.474624,2.74655,0.257485,1.8995,0.16115,-2.54841,0.516522,0.653275,0.118152,5.84105,0.691961,0.501828,0.237169,-2.14368,0.371025,-3.71621,0.245088
114,-3.53591,0.289678,1.88258,0.474364,2.74686,0.25709,1.89984,0.160982,-2.5481,0.516526,0.653252,0.118177,5.84314,0.691756,0.501678,0.237014,-2.14392,0.371304,-3.71603,0.24501
115,-3.53599,0.289305,1.88143,0.473861,2.74704,0.256678,1.90007,0.160816,-2.548,0.51636,0.653216,0.118217,5.84458,0.691427,0.501529,0.236812,-2.14407,0.371098,-3.71601,0.244744
116,-3.53619,0.289034,1.87981,0.473225,2.7471,0.256374,1.90034,0.160726,-2.54802,0.516145,0.653227,0.118182,5.84485,0.690983,0.501341,0.236791,-2.14404,0.371101,-3.7161,0.244366
117,-3.53645,0.289081,1.87853,0.47274,2.74702,0.256294,1.90038,0.16064,-2.54793,0.516015,0.65325,0.118133,5.845,0.690427,0.501152,0.236872,-2.14411,0.371265,-3.71636,0.244262
118,-3.53662,0.289162,1.87724,0.472332,2.74697,0.25607,1.9005,0.160385,-2.54796,0.515797,0.653269,0.118149,5.84595,0.690077,0.501123,0.236992,-2.14386,0.371242,-3.71666,0.244378
119,-3.53671,0.289353,1.87627,0.472185,2.74689,0.25583,1.9006,0.160178,-2.54782,0.515599,0.653265,0.118181,5.84768,0.689849,0.501154,0.237129,-2.14389,0.371454,-3.71701,0.244542
120,-3.53679,0.289362,1.87539,0.47206,2.74674,0.255654,1.9008,0.16,-2.54773,0.515483,0.653264,0.118235,5.84965,0.690297,0.501204,0.237298,-2.14399,0.371333,-3.71715,0.24477
121,-3.53684,0.289357,1.87456,0.47216,2.74659,0.255512,1.90107,0.159876,-2.54756,0.515317,0.653266,0.118236,5.85167,0.690286,0.501282,0.237291,-2.14396,0.371266,-3.71722,0.244742
122,-3.53688,0.289635,1.87415,0.472305,2.74651,0.255553,1.90116,0.15991,-2.54733,0.515225,0.653253,0.118264,5.85346,0.690709,0.50129,0.237395,-2.14379,0.371388,-3.71725,0.244613
123,-3.53707,0.289647,1.87371,0.47227,2.74627,0.255543,1.90106,0.159894,-2.54705,0.515386,0.653236,0.118331,5.8545,0.690979,0.501406,0.237849,-2.14331,0.371649,-3.7172,0.244605
124,-3.53727,0.289659,1.87347,0.472186,2.74612,0.255446,1.9009,0.159894,-2.54674,0.515338,0.653207,0.118404,5.85492,0.691119,0.501602,0.238154,-2.14293,0.371849,-3.7173,0.244785
125,-3.53732,0.289645,1.87358,0.472094,2.74605,0.255257,1.90095,0.159788,-2.54688,0.515145,0.653223,0.118387,5.85546,0.691405,0.501709,0.238518,-2.14234,0.37207,-3.71765,0.244794
126,-3.53738,0.289783,1.87345,0.472196,2.74605,0.25524,1.90079,0.159653,-2.54711,0.514824,0.653234,0.118362,5.85706,0.691829,0.501762,0.23882,-2.14211,0.371974,-3.71792,0.244862
127,-3.53767,0.289778,1.87325,0.472354,2.74603,0.25513,1.90084,0.159488,-2.54723,0.514515,0.653258,0.118303,5.85896,0.692424,0.501795,0.239197,-2.14165,0.372104,-3.7178,0.244697
128,-3.53771,0.289885,1.87349,0.472364,2.74597,0.255142,1.90079,0.159278,-2.54745,0.514293,0.653283,0.118266,5.86086,0.692558,0.501774,0.239543,-2.14142,0.372345,-3.71775,0.24447
129,-3.5376,0.290093,1.87397,0.472435,2.74583,0.25514,1.90097,0.159038,-2.54761,0.514182,0.653316,0.11825,5.86268,0.692597,0.501701,0.239791,-2.14144,0.37249,-3.71793,0.244385
130,-3.53743,0.290153,1.87441,0.472651,2.74567,0.254999,1.90119,0.158922,-2.5478,0.514083,0.653371,0.118213,5.86417,0.692734,0.50166,0.239872,-2.14122,0.372509,-3.71813,0.244346
131,-3.53726,0.290228,1.87465,0.47258,2.74569,0.254838,1.90126,0.158855,-2.54779,0.513943,0.65338,0.11817,5.86524,0.692849,0.501747,0.239904,-2.14112,0.37255,-3.71824,0.244309
132,-3.53711,0.290104,1.87407,0.472502,2.74539,0.254801,1.9011,0.158792,-2.54767,0.513847,0.653401,0.118127,5.86609,0.693068,0.501786,0.240018,-2.14097,0.372458,-3.71824,0.244361
133,-3.53691,0.289876,1.87414,0.472461,2.74499,0.254645,1.90117,0.15876,-2.54756,0.513675,0.653416,0.118141,5.86665,0.69324,0.501859,0.240015,-2.14073,0.372387,-3.71858,0.244465
134,-3.53689,0.289778,1.87428,0.4725,2.74479,0.254368,1.9012,0.158825,-2.54765,0.513547,0.653422,0.118118,5.86729,0.693553,0.501884,0.240164,-2.14033,0.372337,-3.71892,0.244467
135,-3.53667,0.289705,1.87421,0.472646,2.74469,0.254222,1.90129,0.158885,-2.54778,0.513209,0.653428,0.118061,5.86793,0.69378,0.501978,0.240139,-2.13983,0.372146,-3.71898,0.244182
136,-3.53648,0.289577,1.87388,0.472655,2.74457,0.254045,1.9013,0.158801,-2.54793,0.512803,0.653451,0.117969,5.86829,0.693999,0.50194,0.240226,-2.13978,0.372316,-3.71901,0.244006
137,-3.53651,0.289555,1.87336,0.472851,2.74448,0.253894,1.90133,0.1588,-2.54815,0.512446,0.653508,0.117923,5.86918,0.694163,0.501772,0.240234,-2.13957,0.372115,-3.71877,0.243788
138,-3.5366,0.289588,1.87231,0.4731,2.74447,0.253598,1.90125,0.158914,-2.54841,0.512017,0.65358,0.117844,5.8698,0.694532,0.501637,0.24026,-2.13919,0.371968,-3.71852,0.243571
139,-3.5365,0.289538,1.87133,0.473393,2.74429,0.253344,1.90121,0.158905,-2.54867,0.511707,0.653647,0.11777,5.87073,0.695043,0.501622,0.240193,-2.13876,0.371706,-3.71832,0.243421
140,-3.53647,0.289526,1.87082,0.473634,2.74423,0.25321,1.90127,0.158856,-2.54896,0.511341,0.653701,0.117675,5.87086,0.695318,0.501644,0.240175,-2.13842,0.371681,-3.71833,0.243116
141,-3.53647,0.289582,1.87063,0.473847,2.74396,0.253213,1.90134,0.15885,-2.54914,0.511082,0.653773,0.117612,5.87068,0.695464,0.501778,0.240101,-2.13801,0.371478,-3.71833,0.242874
142,-3.53655,0.289468,1.86963,0.47405,2.74361,0.253065,1.90125,0.158787,-2.54945,0.510918,0.653852,0.117533,5.87118,0.6953,0.501863,0.240138,-2.13742,0.371066,-3.71854,0.242468
143,-3.53674,0.289451,1.86881,0.474156,2.74334,0.253061,1.9011,0.158818,-2.5495,0.510771,0.653898,0.117449,5.87101,0.695746,0.501917,0.240266,-2.13695,0.37076,-3.71846,0.242244
144,-3.53685,0.289449,1.86769,0.474311,2.74327,0.253055,1.90108,0.158744,-2.54959,0.510539,0.653909,0.117381,5.87101,0.695427,0.501951,0.240268,-2.13667,0.370358,-3.71862,0.242227
145,-3.53689,0.289716,1.86587,0.474567,2.74312,0.253023,1.90095,0.158759,-2.5497,0.510362,0.653913,0.117349,5.87083,0.695641,0.501879,0.240417,-2.13634,0.370123,-3.71891,0.242232
146,-3.53701,0.289829,1.86431,0.474787,2.74296,0.252926,1.90084,0.158616,-2.5497,0.510122,0.653919,0.117322,5.87008,0.695811,0.501762,0.240395,-2.13615,0.36984,-3.71931,0.242112
147,-3.53718,0.289918,1.86265,0.47496,2.74286,0.252913,1.90089,0.158593,-2.54975,0.509829,0.653916,0.117254,5.86944,0.695763,0.501711,0.240315,-2.13603,0.369638,-3.71958,0.241953
148,-3.53719,0.289864,1.8604,0.47492,2.7427,0.252987,1.9011,0.158459,-2.54953,0.509512,0.653898,0.117205,5.86922,0.695471,0.501651,0.240199,-2.13579,0.369244,-3.71988,0.241906
149,-3.53727,0.289912,1.85824,0.474829,2.74269,0.252924,1.90119,0.15836,-2.54922,0.509259,0.653855,0.117121,5.86952,0.695147,0.50165,0.240021,-2.1358,0.368979,-3.72003,0.241697
150,-3.53744,0.289944,1.85621,0.474651,2.74278,0.252782,1.90135,0.158281,-2.5488,0.508969,0.653801,0.117106,5.86994,0.695164,0.501653,0.239903,-2.13578,0.368656,-3.72005,0.241615
151,-3.53754,0.290013,1.85415,0.474437,2.7427,0.252667,1.9016,0.158266,-2.54845,0.50881,0.653753,0.117094,5.86982,0.695273,0.501803,0.239961,-2.13575,0.368568,-3.72009,0.241476
152,-3.53772,0.289968,1.85191,0.473977,2.74273,0.252563,1.90184,0.158243,-2.54797,0.508485,0.653672,0.117055,5.86942,0.694834,0.501865,0.239935,-2.13566,0.368494,-3.72005,0.241457
153,-3.53785,0.28989,1.84976,0.474011,2.74257,0.252459,1.90229,0.158223,-2.54732,0.508288,0.653594,0.117024,5.86953,0.694351,0.501925,0.239816,-2.13563,0.368449,-3.71989,0.241378
154,-3.53797,0.289791,1.84815,0.474024,2.74252,0.252325,1.90258,0.158159,-2.54667,0.508244,0.653518,0.11703,5.86962,0.693943,0.501938,0.239593,-2.13572,0.368439,-3.71993,0.24118
155,-3.53827,0.289668,1.84623,0.473922,2.74266,0.25216,1.90307,0.158199,-2.54599,0.508244,0.653438,0.117085,5.87033,0.693553,0.501945,0.23942,-2.1357,0.368582,-3.71988,0.241036
156,-3.53846,0.289457,1.84464,0.474113,2.74284,0.252083,1.9034,0.158337,-2.54577,0.508731,0.653441,0.117215,5.87152,0.693178,0.501936,0.239333,-2.1355,0.368953,-3.72,0.241092
157,-3.53864,0.289316,1.84309,0.474558,2.74294,0.252183,1.90362,0.158592,-2.54577,0.509112,0.653461,0.117317,5.87275,0.693082,0.501904,0.239367,-2.13525,0.369253,-3.72009,0.24109
