time,median,p5,p15,p25,p35,p45,p55,p65,p75,p85,p95,split
-1,0,0,0,0,0,0,0,0,0,0,0,All
-0.917671,0,0,0,0,0,0,0,0,0,0,0,All
-0.835341,0,0,0,0,0,0,0,0,0,0,0,All
-0.753012,0,0,0,0,0,0,0,0,0,0,0,All
-0.670683,0,0,0,0,0,0,0,0,0,0,0,All
-0.588353,0,0,0,0,0,0,0,0,0,0,0,All
-0.506024,0,0,0,0,0,0,0,0,0,0,0,All
-0.423695,0,0,0,0,0,0,0,0,0,0,0,All
-0.341365,0,0,0,0,0,0,0,0,0,0,0,All
-0.259036,0,0,0,0,0,0,0,0,0,0,0,All
-0.176707,0,0,0,0,0,0,0,0,0,0,0,All
-0.0943775,0,0,0,0,0,0,0,0,0,0,0,All
-0.0120482,0,0,0,0,0,0,0,0,0,0,0,All
0.0702811,0,0,0,0,0,0,0,0,0,0,0,All
0.15261,0,0,0,0,0,0,0,0,0,0,0,All
0.23494,0,0,0,0,0,0,0,0,0,0,0,All
0.317269,0,0,0,0,0,0,0,0,0,0,0,All
0.399598,0,0,0,0,0,0,0,0,0,0,0,All
0.481928,0,0,0,0,0,0,0,0,0,0,0,All
0.564257,0,0,0,0,0,0,0,0,0,0,0,All
0.646586,0,0,0,0,0,0,0,0,0,0,0,All
0.728916,0,0,0,0,0,0,0,0,0,0,0,All
0.811245,0,0,0,0,0,0,0,0,0,0,0.828923,All
0.893574,0,0,0,0,0,0,0,0,0,0,1.33246,All
0.975904,0,0,0,0,0,0,0,0,0,0,1.89933,All
1.05823,0,0,0,0,0,0,0,0,0,0.684951,2.56058,All
1.14056,0,0,0,0,0,0,0,0,0,1.21197,3.2324,All
1.22289,0,0,0,0,0,0,0,0,0.0221202,1.65827,3.82304,All
1.30522,0,0,0,0,0,0,0,0,0.898926,2.21719,4.36284,All
1.38755,0,0,0,0,0,0,0,0,1.41062,2.80046,4.8625,All
1.46988,0,0,0,0,0,0,0,0.628622,1.89237,3.35705,5.31786,All
1.55221,0,0,0,0,0,0,0,1.19434,2.42855,3.87773,5.71802,All
1.63454,0,0,0,0,0,0,0.026704,1.72743,2.97583,4.37328,6.10695,All
1.71687,0,0,0,0,0,0,0.853682,2.23726,3.4894,4.7651,6.40897,All
1.7992,0.681832,0,0,0,0,0,1.52896,2.72149,3.97138,5.14117,6.73728,All
1.88153,1.37327,0,0,0,0,0.363905,2.06808,3.23764,4.4131,5.48689,7.01171,All
1.96386,1.9139,0,0,0,0,1.02468,2.56398,3.74057,4.8081,5.82395,7.23493,All
2.04618,2.39993,0,0,0,0,1.61574,3.02777,4.16281,5.14871,6.10619,7.4594,All
2.12851,2.91385,0,0,0,0.0380174,2.22839,3.48502,4.54443,5.46538,6.38646,7.65569,All
2.21084,3.33798,0,0,0,1.00851,2.74446,3.89555,4.93212,5.77112,6.63176,7.81906,All
2.29317,3.76653,0,0,0,1.54962,3.23697,4.28737,5.23239,6.04252,6.85685,7.98604,All
2.3755,4.16461,0,0,0,2.13164,3.64862,4.64697,5.52838,6.27192,7.05021,8.12784,All
2.45783,4.55347,0,0,0,2.66951,4.03612,4.97412,5.77589,6.48101,7.2289,8.23471,All
2.54016,4.85709,0,0,0.977204,3.13554,4.34887,5.27278,6.03579,6.6741,7.40496,8.3466,All
2.62249,5.1419,0,0,1.54141,3.56447,4.66932,5.51182,6.25118,6.8683,7.56727,8.43965,All
2.70482,5.4047,0,0,2.08602,3.98075,4.96475,5.75952,6.44837,7.04591,7.6957,8.52377,All
2.78715,5.62824,0,0,2.6417,4.27744,5.24144,5.9872,6.6361,7.19299,7.82073,8.57957,All
2.86948,5.84999,0,0,3.07924,4.57791,5.49497,6.18672,6.80887,7.32885,7.92008,8.63253,All
2.95181,6.06475,0,0,3.49051,4.85696,5.72477,6.37355,6.95461,7.4605,8.02478,8.67649,All
3.03414,6.24028,0,0.858958,3.84753,5.08302,5.91663,6.54263,7.08199,7.57351,8.10776,8.71138,All
3.11647,6.41185,0,1.40081,4.20183,5.334,6.10704,6.69682,7.20713,7.68289,8.1632,8.71952,All
3.1988,6.57945,0,1.90759,4.46833,5.57571,6.2896,6.83924,7.32081,7.77227,8.21563,8.73353,All
3.28112,6.71986,0,2.4167,4.74021,5.7631,6.44421,6.97085,7.42614,7.83878,8.25114,8.7485,All
3.36345,6.84624,0,2.8081,4.9777,5.92965,6.57756,7.09154,7.52292,7.90183,8.28544,8.7666,All
3.44578,6.95321,0,3.18378,5.19327,6.0968,6.71275,7.19721,7.60329,7.94607,8.31097,8.78232,All
3.52811,7.06434,0,3.62685,5.37262,6.23819,6.83081,7.28475,7.66791,7.98688,8.33383,8.78548,All
3.61044,7.16306,0,3.92135,5.5364,6.35781,6.93619,7.37347,7.7197,8.02149,8.34902,8.80026,All
3.69277,7.24086,0,4.16393,5.71697,6.48314,7.01611,7.44461,7.76206,8.04417,8.35866,8.80252,All
3.7751,7.30448,0,4.40627,5.87726,6.604,7.09756,7.50161,7.79367,8.06632,8.37027,8.79575,All
3.85743,7.36636,0,4.65099,6.03057,6.71212,7.16968,7.54432,7.8184,8.09093,8.37058,8.7824,All
3.93976,7.41144,0,4.84096,6.14945,6.82417,7.22723,7.57114,7.84646,8.09779,8.36959,8.78233,All
4.02209,7.45307,0,5.03673,6.27675,6.90102,7.28951,7.60623,7.85684,8.10509,8.37139,8.77911,All
4.10442,7.49136,0,5.22925,6.3893,6.97978,7.33681,7.63011,7.875,8.10882,8.37629,8.7691,All
4.18675,7.52093,0,5.39228,6.49467,7.03131,7.3766,7.64782,7.88469,8.11505,8.37697,8.76425,All
4.26908,7.55173,0.026579,5.54363,6.5807,7.0803,7.4057,7.66538,7.88885,8.11682,8.37009,8.75421,All
4.35141,7.56554,0.713461,5.70987,6.65855,7.11904,7.43092,7.67492,7.89759,8.11466,8.36339,8.74169,All
4.43373,7.5769,1.36851,5.82718,6.72171,7.15044,7.45682,7.67957,7.89578,8.11364,8.35572,8.73821,All
4.51606,7.58105,1.66601,5.93696,6.76926,7.17884,7.46638,7.6806,7.89186,8.10689,8.3442,8.73011,All
4.59839,7.58854,1.93681,6.03272,6.821,7.19982,7.47702,7.68214,7.88536,8.10006,8.33515,8.71851,All
4.68072,7.58706,2.13619,6.12918,6.85154,7.21454,7.4793,7.68558,7.87785,8.08899,8.32468,8.71542,All
4.76305,7.58091,2.41511,6.22228,6.87362,7.22219,7.4756,7.67578,7.87196,8.07613,8.31219,8.70317,All
4.84538,7.57803,2.81429,6.28397,6.90458,7.23484,7.46944,7.67478,7.87073,8.06558,8.30209,8.69908,All
4.92771,7.57041,3.11695,6.33886,6.92145,7.24249,7.46431,7.66903,7.86152,8.05161,8.29149,8.68974,All
5.01004,7.55799,3.40032,6.39519,6.93551,7.24585,7.46358,7.6582,7.85055,8.03765,8.27225,8.67411,All
5.09237,7.54876,3.62281,6.43149,6.94998,7.24406,7.45417,7.64772,7.83588,8.0246,8.25807,8.65793,All
5.1747,7.53697,3.91299,6.4595,6.94583,7.23531,7.43856,7.63638,7.82303,8.01308,8.24536,8.64171,All
5.25703,7.52817,4.115,6.47866,6.94361,7.22608,7.43043,7.62449,7.80918,7.99834,8.23254,8.62354,All
5.33936,7.51657,4.30007,6.50138,6.94123,7.21849,7.41957,7.60956,7.79374,7.98026,8.21623,8.61068,All
5.42169,7.5042,4.38284,6.51239,6.93958,7.20698,7.4046,7.59601,7.7786,7.96518,8.20318,8.59473,All
5.50402,7.48982,4.49396,6.5139,6.9325,7.18883,7.39044,7.58296,7.75894,7.95371,8.19154,8.57928,All
5.58635,7.47045,4.64746,6.51769,6.91968,7.17898,7.37949,7.56247,7.74113,7.93554,8.17581,8.56619,All
5.66867,7.45509,4.82556,6.5242,6.90874,7.16402,7.36387,7.54509,7.72359,7.92277,8.16127,8.5468,All
5.751,7.43962,4.8988,6.52881,6.89439,7.14584,7.34564,7.52232,7.70942,7.90871,8.14077,8.5308,All
5.83333,7.42304,4.9404,6.52513,6.88296,7.12735,7.32455,7.50191,7.68648,7.89334,8.12343,8.50693,All
5.91566,7.40494,5.02163,6.50684,6.86489,7.10502,7.30866,7.48753,7.66707,7.87701,8.10428,8.49694,All
5.99799,7.38161,5.08606,6.49144,6.85031,7.0908,7.28768,7.46537,7.64924,7.85374,8.08333,8.4816,All
6.08032,7.3552,5.13515,6.4835,6.82269,7.06771,7.26848,7.44618,7.63124,7.83389,8.06645,8.46516,All
6.16265,7.3337,5.21344,6.46861,6.80249,7.0495,7.24619,7.42528,7.61198,7.8135,8.04602,8.4497,All
6.24498,7.31161,5.27957,6.44646,6.77504,7.02272,7.21944,7.40145,7.58958,7.79014,8.02747,8.43463,All
6.32731,7.28995,5.33345,6.41772,6.75194,7.00035,7.19326,7.3794,7.56499,7.76982,8.01108,8.41061,All
6.40964,7.26612,5.3557,6.39732,6.73416,6.98308,7.17471,7.35655,7.54114,7.74869,7.98966,8.3882,All
6.49197,7.24398,5.35638,6.3749,6.71119,6.9607,7.1469,7.33354,7.51771,7.72548,7.96694,8.36675,All
6.5743,7.21653,5.36188,6.34733,6.69151,6.93302,7.12076,7.31144,7.4973,7.70573,7.94406,8.34696,All
6.65663,7.18839,5.37279,6.32746,6.66893,6.90467,7.09533,7.28394,7.47448,7.68172,7.92561,8.32986,All
6.73896,7.16047,5.36295,6.30951,6.64047,6.8729,7.07028,7.25964,7.45349,7.65884,7.90022,8.30666,All
6.82129,7.13518,5.36797,6.28439,6.61488,6.84543,7.04546,7.2364,7.4319,7.63752,7.87864,8.29082,All
6.90361,7.11045,5.34309,6.25577,6.59193,6.81822,7.01805,7.21061,7.40898,7.61583,7.86072,8.27448,All
6.98594,7.0896,5.32095,6.23177,6.56186,6.78991,6.99125,7.1848,7.38427,7.59399,7.83954,8.25362,All
7.06827,7.06492,5.30997,6.20037,6.52997,6.75961,6.96234,7.15926,7.36444,7.56853,7.81777,8.2342,All
7.1506,7.03725,5.28825,6.16522,6.50193,6.72924,6.93504,7.13144,7.34207,7.54096,7.79098,8.21609,All
7.23293,7.01057,5.28436,6.13718,6.46948,6.69695,6.90588,7.1053,7.3152,7.51642,7.76775,8.19406,All
7.31526,6.98076,5.25481,6.10698,6.44025,6.66919,6.87284,7.07938,7.28866,7.4925,7.74575,8.17116,All
7.39759,6.95612,5.23311,6.06883,6.40346,6.63863,6.84641,7.0515,7.25444,7.46972,7.72152,8.14815,All
7.47992,6.92872,5.19953,6.03307,6.37165,6.60656,6.81627,7.02913,7.22234,7.43984,7.69632,8.12277,All
7.56225,6.89501,5.15185,5.99244,6.34273,6.57351,6.78633,6.99951,7.19454,7.41319,7.67302,8.10608,All
7.64458,6.86993,5.12238,5.95652,6.30412,6.54713,6.75866,6.96953,7.165,7.38836,7.6495,8.08007,All
7.72691,6.84233,5.08042,5.91394,6.26987,6.51439,6.73393,6.94176,7.13968,7.35748,7.62777,8.05579,All
7.80924,6.8132,5.0326,5.8777,6.23538,6.47903,6.70452,6.91178,7.10741,7.33074,7.60557,8.03565,All
7.89157,6.78181,4.98786,5.84244,6.1966,6.44857,6.67589,6.88232,7.0813,7.30606,7.58891,8.01679,All
7.9739,6.74903,4.93727,5.80234,6.15776,6.42021,6.64185,6.85186,7.05443,7.27908,7.56441,7.996,All
8.05622,6.71702,4.89407,5.7646,6.11886,6.3852,6.61446,6.82346,7.02998,7.24678,7.54645,7.97798,All
8.13855,6.68612,4.84649,5.72007,6.07592,6.34972,6.58026,6.79115,7.0049,7.21656,7.51907,7.96032,All
8.22088,6.65661,4.8087,5.67685,6.03754,6.3174,6.55018,6.75587,6.97909,7.19357,7.49608,7.93376,All
8.30321,6.62346,4.74559,5.6282,5.99886,6.28307,6.514,6.72779,6.95254,7.17282,7.47266,7.90586,All
8.38554,6.59354,4.68761,5.58443,5.95706,6.2413,6.48028,6.69578,6.92407,7.14424,7.44648,7.89024,All
8.46787,6.56417,4.62814,5.53448,5.9189,6.20413,6.44237,6.6642,6.89477,7.12492,7.42132,7.85755,All
8.5502,6.53147,4.58948,5.48149,5.88187,6.16895,6.40922,6.63467,6.86721,7.10314,7.39717,7.83736,All
8.63253,6.50204,4.54173,5.43232,5.8351,6.13232,6.37898,6.60404,6.83663,7.07883,7.37688,7.8221,All
8.71486,6.46798,4.48708,5.38736,5.79223,6.09894,6.34589,6.57465,6.808,7.05792,7.35302,7.80131,All
8.79719,6.43363,4.43446,5.33485,5.74395,6.05732,6.3147,6.54838,6.78064,7.03127,7.32528,7.77724,All
8.87952,6.40313,4.39247,5.27723,5.70529,6.01351,6.27695,6.5172,6.75171,7.00824,7.30085,7.75416,All
8.96185,6.36997,4.32665,5.22676,5.65714,5.97583,6.23933,6.48538,6.72423,6.98695,7.27986,7.74034,All
9.04418,6.33635,4.27528,5.17607,5.61396,5.93406,6.20566,6.45715,6.69697,6.96318,7.2593,7.72641,All
9.12651,6.29755,4.23959,5.12238,5.56897,5.89723,6.17349,6.42696,6.67518,6.94106,7.23786,7.70744,All
9.20884,6.26431,4.1938,5.07543,5.52205,5.84969,6.13833,6.38951,6.64281,6.91332,7.21156,7.68215,All
9.29116,6.22616,4.13193,5.02267,5.47374,5.80633,6.10391,6.35974,6.61691,6.88866,7.1963,7.66451,All
9.37349,6.19249,4.08366,4.96583,5.4274,5.76318,6.06851,6.3317,6.58833,6.86334,7.17366,7.64944,All
9.45582,6.15719,4.04497,4.90508,5.37298,5.72539,6.02764,6.29459,6.56098,6.83285,7.15368,7.63498,All
9.53815,6.12271,4.00402,4.84742,5.32312,5.6791,5.98973,6.2576,6.5342,6.8069,7.1324,7.61316,All
9.62048,6.08463,3.96039,4.79606,5.26661,5.63381,5.94828,6.2239,6.50645,6.78247,7.10843,7.59991,All
9.70281,6.047,3.90316,4.74768,5.21899,5.58576,5.90692,6.19485,6.47733,6.75481,7.08437,7.57813,All
9.78514,6.01747,3.86405,4.69533,5.15993,5.53662,5.8612,6.16163,6.44747,6.73378,7.06478,7.56351,All
9.86747,5.98015,3.82165,4.64832,5.11076,5.49342,5.81885,6.12974,6.42063,6.71213,7.04972,7.54807,All
9.9498,5.94297,3.77415,4.58689,5.05806,5.45028,5.77799,6.09519,6.39123,6.68802,7.0337,7.54062,All
10.0321,5.90222,3.72222,4.53827,5.00558,5.39802,5.72961,6.05637,6.36191,6.66437,7.0212,7.52524,All
10.1145,5.86138,3.669,4.49067,4.95863,5.35248,5.68837,6.02019,6.3307,6.64507,6.99988,7.50727,All
10.1968,5.82232,3.61443,4.43177,4.90957,5.30462,5.64513,5.9822,6.30091,6.61937,6.97135,7.48998,All
10.2791,5.78194,3.56562,4.38167,4.85558,5.2485,5.59955,5.94829,6.26796,6.59388,6.95649,7.47431,All
10.3614,5.72959,3.51994,4.33297,4.80726,5.20045,5.55517,5.91025,6.24137,6.56996,6.94338,7.4596,All
10.4438,5.69358,3.48048,4.28813,4.75611,5.15366,5.50921,5.86869,6.20823,6.54355,6.92062,7.45595,All
10.5261,5.64713,3.43634,4.23807,4.70166,5.10312,5.46002,5.83015,6.17532,6.51237,6.89463,7.44135,All
10.6084,5.60539,3.40052,4.19672,4.65387,5.05564,5.41725,5.78386,6.14849,6.48404,6.88124,7.42163,All
10.6908,5.5545,3.35986,4.14595,4.60469,5.00319,5.37004,5.74558,6.12014,6.45617,6.8686,7.40769,All
10.7731,5.50851,3.31365,4.10004,4.55569,4.95279,5.32954,5.70576,6.08415,6.4332,6.8458,7.38759,All
10.8554,5.46453,3.26195,4.04954,4.50675,4.9008,5.28797,5.65858,6.04694,6.40539,6.8248,7.36807,All
10.9378,5.41981,3.22365,3.99902,4.4634,4.85532,5.23733,5.61082,6.00521,6.37871,6.79965,7.34882,All
11.0201,5.37715,3.18249,3.95571,4.42149,4.80404,5.18859,5.56248,5.96678,6.35848,6.77801,7.3398,All
11.1024,5.32954,3.14393,3.90819,4.38035,4.75657,5.14339,5.51757,5.91948,6.3281,6.75177,7.32265,All
11.1847,5.28243,3.10207,3.86101,4.33057,4.71511,5.09962,5.46905,5.88249,6.29791,6.7353,7.30871,All
11.2671,5.23558,3.07165,3.8144,4.29104,4.66711,5.05083,5.42829,5.84262,6.26328,6.70813,7.28422,All
11.3494,5.19254,3.03074,3.7746,4.24898,4.61398,4.99532,5.38137,5.80299,6.22539,6.67788,7.26719,All
11.4317,5.14495,2.99677,3.7347,4.20605,4.56908,4.95269,5.33854,5.75976,6.18692,6.65089,7.24344,All
11.5141,5.09046,2.95502,3.69876,4.1641,4.52836,4.90673,5.29055,5.71289,6.14575,6.62558,7.22977,All
11.5964,5.04689,2.91662,3.65053,4.11912,4.49009,4.86257,5.24913,5.66491,6.11001,6.60042,7.20544,All
11.6787,5.00249,2.86931,3.60865,4.07522,4.44495,4.81687,5.20447,5.61731,6.07804,6.57872,7.18054,All
11.761,4.95862,2.82073,3.56723,4.03097,4.40154,4.76835,5.15554,5.57204,6.03565,6.54728,7.15497,All
11.8434,4.91369,2.77135,3.52082,3.98854,4.35602,4.72662,5.10675,5.52356,6.00185,6.51413,7.12716,All
11.9257,4.87257,2.72104,3.48178,3.94865,4.31467,4.6841,5.06045,5.47976,5.95728,6.47053,7.09948,All
12.008,4.82543,2.67067,3.44205,3.90894,4.27195,4.64094,5.01693,5.43367,5.91376,6.42579,7.06841,All
12.0904,4.77513,2.62306,3.40553,3.86581,4.23101,4.59395,4.97041,5.38941,5.87272,6.38359,7.03858,All
12.1727,4.73232,2.56406,3.36952,3.82256,4.19523,4.54781,4.92233,5.34486,5.83041,6.34206,6.98688,All
12.255,4.68669,2.52609,3.32921,3.78579,4.15891,4.50397,4.8815,5.29215,5.77657,6.28811,6.94928,All
12.3373,4.64114,2.4896,3.29039,3.74456,4.11022,4.46339,4.83689,5.24372,5.72867,6.23659,6.89852,All
12.4197,4.59742,2.44808,3.24297,3.7043,4.0735,4.42118,4.79529,5.19399,5.67353,6.18926,6.84585,All
12.502,4.55471,2.40382,3.20662,3.66473,4.03165,4.37696,4.75553,5.15316,5.6113,6.13525,6.78687,All
12.5843,4.51403,2.35307,3.17457,3.62168,3.99036,4.33838,4.71396,5.10738,5.56134,6.07789,6.74469,All
12.6667,4.47001,2.30506,3.14028,3.58194,3.9533,4.29903,4.66379,5.05809,5.50913,6.02603,6.70621,All
12.749,4.43271,2.25693,3.10562,3.54536,3.90893,4.25953,4.62409,5.01228,5.45751,5.96781,6.64867,All
12.8313,4.38962,2.20824,3.06041,3.50986,3.87256,4.22087,4.57367,4.9574,5.39735,5.91488,6.59194,All
12.9137,4.35102,2.15772,3.03118,3.47242,3.8305,4.17914,4.52949,4.90774,5.34532,5.85883,6.55159,All
12.996,4.31021,2.10634,2.98955,3.43703,3.78787,4.13866,4.482,4.86003,5.28898,5.79482,6.49084,All
13.0783,4.27169,2.05704,2.95345,3.39688,3.749,4.10044,4.4354,4.81193,5.24534,5.74075,6.43271,All
13.1606,4.23039,2.00144,2.91478,3.35582,3.70578,4.06069,4.39744,4.76468,5.19834,5.67655,6.38903,All
13.243,4.18595,1.94989,2.87321,3.31629,3.67022,4.02551,4.34986,4.71989,5.1365,5.62029,6.33922,All
13.3253,4.14719,1.9111,2.83682,3.27498,3.62884,3.98076,4.30467,4.67123,5.07443,5.55847,6.29273,All
13.4076,4.10909,1.86429,2.79435,3.24317,3.58646,3.94213,4.26294,4.61566,5.00992,5.4924,6.25295,All
13.49,4.06639,1.81226,2.7538,3.20342,3.54473,3.90518,4.22278,4.57207,4.95417,5.43946,6.20323,All
13.5723,4.02068,1.74967,2.70963,3.16238,3.50513,3.86791,4.17935,4.5238,4.8975,5.38622,6.16522,All
13.6546,3.97909,1.68376,2.66595,3.12468,3.46402,3.82667,4.13201,4.47282,4.84125,5.32481,6.12562,All
13.7369,3.9301,1.62345,2.62215,3.08446,3.42782,3.7865,4.09034,4.42162,4.77892,5.27007,6.08103,All
13.8193,3.88924,1.57631,2.5713,3.03812,3.39267,3.7417,4.05156,4.37719,4.72323,5.2175,6.04334,All
13.9016,3.84968,1.52098,2.52572,3.00815,3.36003,3.69201,4.00029,4.32767,4.67091,5.15482,5.99341,All
13.9839,3.80492,1.45459,2.47691,2.95773,3.32377,3.64717,3.9565,4.27576,4.61649,5.11086,5.94984,All
14.0663,3.76298,1.38876,2.43326,2.91104,3.2789,3.60096,3.91697,4.22429,4.56841,5.05987,5.91051,All
14.1486,3.7212,1.32753,2.36871,2.87253,3.23529,3.55523,3.86879,4.18329,4.5207,5.00928,5.88335,All
14.2309,3.67616,1.27304,2.32015,2.83683,3.19281,3.50762,3.82429,4.13722,4.47087,4.96001,5.84268,All
14.3133,3.62898,1.22691,2.28046,2.79743,3.14957,3.46316,3.78137,4.08991,4.42334,4.90998,5.8115,All
14.3956,3.57794,1.16586,2.2356,2.74639,3.09803,3.42083,3.73518,4.0421,4.37044,4.85704,5.77806,All
14.4779,3.53594,1.09227,2.19044,2.69404,3.05548,3.37231,3.6839,3.99566,4.32651,4.81059,5.72192,All
14.5602,3.48921,1.0149,2.13657,2.64685,3.00896,3.32912,3.63561,3.94507,4.28225,4.7717,5.68857,All
14.6426,3.43878,0.951005,2.07576,2.59315,2.96443,3.28396,3.59811,3.90301,4.23888,4.72598,5.64789,All
14.7249,3.39266,0.885267,2.01326,2.54186,2.91948,3.24193,3.55281,3.86009,4.19948,4.6791,5.61278,All
14.8072,3.35096,0.818052,1.96289,2.49155,2.8741,3.19582,3.50342,3.81742,4.16621,4.63628,5.5649,All
14.8896,3.30368,0.750724,1.90342,2.44014,2.82445,3.15255,3.45794,3.77745,4.1222,4.59688,5.52828,All
14.9719,3.26086,0.659867,1.83639,2.39078,2.77463,3.10772,3.41259,3.73374,4.0798,4.56504,5.49928,All
15.0542,3.21481,0.579259,1.7667,2.33142,2.72359,3.06553,3.36819,3.6874,4.04703,4.52188,5.45936,All
15.1365,3.17376,0.521824,1.69407,2.28066,2.67727,3.01846,3.3177,3.65704,4.01217,4.49389,5.41919,All
15.2189,3.12797,0.419191,1.62716,2.22126,2.62773,2.97365,3.27645,3.61418,3.98397,4.4638,5.39499,All
15.3012,3.07935,0.337093,1.55593,2.15388,2.5769,2.9293,3.23658,3.5803,3.94444,4.42554,5.35983,All
15.3835,3.03795,0.24377,1.49507,2.09002,2.52246,2.88275,3.19939,3.54441,3.91192,4.39712,5.33216,All
15.4659,2.99626,0.172088,1.42993,2.03274,2.46978,2.8344,3.16172,3.50363,3.87974,4.35952,5.29778,All
15.5482,2.95208,0.0972096,1.36158,1.97675,2.42281,2.78378,3.1188,3.47008,3.84589,4.32523,5.26078,All
15.6305,2.90991,0,1.2975,1.92646,2.37778,2.73754,3.07629,3.42318,3.80988,4.29037,5.23365,All
15.7129,2.87008,0,1.21098,1.86867,2.32712,2.69311,3.03894,3.38531,3.77924,4.25604,5.2037,All
15.7952,2.82986,0,1.14118,1.81316,2.27639,2.64275,3.00151,3.3561,3.74792,4.22219,5.17138,All
15.8775,2.78475,0,1.06943,1.75189,2.22457,2.59681,2.96619,3.31741,3.71949,4.1862,5.14572,All
15.9598,2.74963,0,0.98821,1.6819,2.16829,2.55683,2.93021,3.28266,3.68893,4.15867,5.12284,All
16.0422,2.7109,0,0.916135,1.62284,2.11868,2.51139,2.89064,3.24725,3.66,4.13647,5.10033,All
16.1245,2.67318,0,0.833121,1.56594,2.06959,2.46612,2.85604,3.21395,3.63108,4.11223,5.07257,All
16.2068,2.63018,0,0.759402,1.49995,2.01652,2.42621,2.81488,3.18485,3.60323,4.08526,5.04463,All
16.2892,2.5956,0,0.678512,1.43686,1.9661,2.38887,2.77805,3.15578,3.57762,4.05565,5.02492,All
16.3715,2.55027,0,0.585737,1.37532,1.90776,2.34435,2.74158,3.12006,3.55584,4.0302,4.9915,All
16.4538,2.51409,0,0.509255,1.31048,1.85697,2.30011,2.711,3.09152,3.52717,4.00158,4.96146,All
16.5361,2.47002,0,0.433083,1.24439,1.81022,2.26006,2.67752,3.05204,3.50305,3.97863,4.94009,All
16.6185,2.43241,0,0.352254,1.18042,1.75928,2.22413,2.64209,3.01371,3.48248,3.95621,4.93116,All
16.7008,2.3883,0,0.282858,1.11973,1.70331,2.18106,2.60546,2.98189,3.45006,3.92352,4.89591,All
16.7831,2.35045,0,0.210657,1.06784,1.65649,2.13799,2.56392,2.95095,3.4241,3.89813,4.86968,All
16.8655,2.31192,0,0.13362,1.00666,1.6046,2.0998,2.52516,2.92302,3.40052,3.87539,4.84135,All
16.9478,2.27143,0,0.0597841,0.94222,1.5534,2.05664,2.48754,2.895,3.37273,3.84874,4.81031,All
17.0301,2.2304,0,0,0.881334,1.51032,2.01673,2.44937,2.87347,3.34758,3.82433,4.79343,All
17.1124,2.18923,0,0,0.825072,1.45999,1.9716,2.41532,2.84579,3.32439,3.80397,4.77388,All
17.1948,2.14713,0,0,0.755432,1.41185,1.93061,2.37931,2.81909,3.29495,3.78265,4.7609,All
17.2771,2.10483,0,0,0.697063,1.36083,1.89268,2.34441,2.78867,3.27284,3.76095,4.73819,All
17.3594,2.06463,0,0,0.640628,1.31506,1.85365,2.30726,2.75972,3.24144,3.73872,4.72356,All
17.4418,2.03054,0,0,0.566164,1.26253,1.80878,2.27444,2.73606,3.20797,3.71767,4.70175,All
17.5241,2.00067,0,0,0.507055,1.2162,1.7663,2.24016,2.70311,3.18376,3.69664,4.69175,All
17.6064,1.96835,0,0,0.45017,1.16518,1.72558,2.20698,2.67175,3.15796,3.67513,4.66206,All
17.6888,1.93216,0,0,0.387679,1.1143,1.69121,2.16871,2.65032,3.13678,3.65424,4.62868,All
17.7711,1.89683,0,0,0.324589,1.06815,1.65038,2.13109,2.62542,3.11388,3.63402,4.61155,All
17.8534,1.85781,0,0,0.26301,1.01567,1.60678,2.09576,2.59781,3.08754,3.61931,4.59847,All
17.9357,1.82658,0,0,0.206855,0.960456,1.56421,2.06581,2.57102,3.06615,3.59484,4.58682,All
18.0181,1.78419,0,0,0.136398,0.903362,1.52389,2.02917,2.54083,3.04583,3.57379,4.56808,All
18.1004,1.74833,0,0,0.0735012,0.851119,1.48811,1.99129,2.51448,3.02607,3.55746,4.55608,All
18.1827,1.71046,0,0,0.00636572,0.799631,1.45163,1.961,2.48661,3.00641,3.53775,4.53327,All
18.2651,1.67213,0,0,0,0.748139,1.40303,1.9322,2.45733,2.98154,3.51654,4.50409,All
18.3474,1.6287,0,0,0,0.699169,1.36304,1.89506,2.42707,2.95668,3.50141,4.49106,All
18.4297,1.59225,0,0,0,0.652907,1.32104,1.85839,2.40025,2.932,3.4811,4.4761,All
18.512,1.56268,0,0,0,0.608306,1.27985,1.82506,2.37116,2.90549,3.46383,4.45606,All
18.5944,1.52911,0,0,0,0.565394,1.24199,1.79945,2.34315,2.8865,3.45512,4.43124,All
18.6767,1.49182,0,0,0,0.527223,1.1946,1.76834,2.31665,2.86392,3.43655,4.41239,All
18.759,1.45981,0,0,0,0.48342,1.15389,1.73594,2.29365,2.84265,3.41533,4.39482,All
18.8414,1.42356,0,0,0,0.440356,1.11816,1.70079,2.27069,2.8228,3.40199,4.37376,All
18.9237,1.39434,0,0,0,0.402947,1.08478,1.67081,2.24183,2.80168,3.37868,4.35092,All
19.006,1.3617,0,0,0,0.357705,1.03855,1.64432,2.21769,2.78063,3.35986,4.32044,All
19.0884,1.32582,0,0,0,0.316619,1.00111,1.61758,2.19146,2.76451,3.34734,4.31176,All
19.1707,1.28995,0,0,0,0.271497,0.96462,1.59032,2.17069,2.74714,3.33079,4.29898,All
19.253,1.26139,0,0,0,0.226657,0.926154,1.55808,2.14504,2.72552,3.3136,4.28219,All
19.3353,1.22853,0,0,0,0.185947,0.893941,1.53294,2.12316,2.7082,3.30045,4.26501,All
19.4177,1.19673,0,0,0,0.153152,0.864042,1.50345,2.10168,2.68964,3.28537,4.25335,All
19.5,1.16745,0,0,0,0.117222,0.833831,1.47921,2.08183,2.66544,3.27062,4.24298,All
