time,median,p5,p15,p25,p35,p45,p55,p65,p75,p85,p95,split
-1,-7,-7,-7,-7,-7,-7,-7,-7,-7,-7,-7,All
-0.917671,-7,-7,-7,-7,-7,-7,-7,-7,-7,-7,-7,All
-0.835341,-7,-7,-7,-7,-7,-7,-7,-7,-7,-7,-7,All
-0.753012,-7,-7,-7,-7,-7,-7,-7,-7,-7,-7,-7,All
-0.670683,-7,-7,-7,-7,-7,-7,-7,-7,-7,-7,-7,All
-0.588353,-7,-7,-7,-7,-7,-7,-7,-7,-7,-7,-7,All
-0.506024,-7,-7,-7,-7,-7,-7,-7,-7,-7,-7,-7,All
-0.423695,-7,-7,-7,-7,-7,-7,-7,-7,-7,-7,-7,All
-0.341365,-7,-7,-7,-7,-7,-7,-7,-7,-7,-7,-7,All
-0.259036,-7,-7,-7,-7,-7,-7,-7,-7,-7,-7,-7,All
-0.176707,-7,-7,-7,-7,-7,-7,-7,-7,-7,-7,-7,All
-0.0943775,-7,-7,-7,-7,-7,-7,-7,-7,-7,-7,-7,All
-0.0120482,-7,-7,-7,-7,-7,-7,-7,-7,-7,-7,-7,All
0.0702811,-7,-7,-7,-7,-7,-7,-7,-7,-7,-7,-7,All
0.15261,-7,-7,-7,-7,-7,-7,-7,-7,-7,-7,-7,All
0.23494,-7,-7,-7,-7,-7,-7,-7,-7,-7,-7,-7,All
0.317269,-7,-7,-7,-7,-7,-7,-7,-7,-7,-7,-7,All
0.399598,-7,-7,-7,-7,-7,-7,-7,-7,-7,-7,-7,All
0.481928,-7,-7,-7,-7,-7,-7,-7,-7,-7,-7,-7,All
0.564257,-7,-7,-7,-7,-7,-7,-7,-7,-7,-7,-7,All
0.646586,-7,-7,-7,-7,-7,-7,-7,-7,-7,-7,-7,All
0.728916,-7,-7,-7,-7,-7,-7,-7,-7,-7,-7,-5.05311,All
0.811245,-7,-7,-7,-7,-7,-7,-7,-7,-7,-7,-4.33206,All
0.893574,-7,-7,-7,-7,-7,-7,-7,-7,-7,-7,-3.93083,All
0.975904,-7,-7,-7,-7,-7,-7,-7,-7,-7,-6.23628,-3.5053,All
1.05823,-7,-7,-7,-7,-7,-7,-7,-7,-7,-4.34126,-2.91802,All
1.14056,-7,-7,-7,-7,-7,-7,-7,-7,-7,-3.91018,-2.2991,All
1.22289,-7,-7,-7,-7,-7,-7,-7,-7,-4.73758,-3.49816,-1.73786,All
1.30522,-7,-7,-7,-7,-7,-7,-7,-7,-4.1137,-3.00263,-1.21397,All
1.38755,-7,-7,-7,-7,-7,-7,-7,-5.47128,-3.63271,-2.45046,-0.70207,All
1.46988,-7,-7,-7,-7,-7,-7,-7,-4.27149,-3.18072,-1.95704,-0.287002,All
1.55221,-7,-7,-7,-7,-7,-7,-7,-3.77011,-2.67346,-1.48329,0.109557,All
1.63454,-7,-7,-7,-7,-7,-7,-4.69793,-3.29997,-2.17403,-1.03889,0.450296,All
1.71687,-5.03142,-7,-7,-7,-7,-7,-3.95448,-2.78742,-1.69056,-0.61723,0.717867,All
1.7992,-4.06323,-7,-7,-7,-7,-7,-3.40308,-2.3175,-1.2679,-0.248775,1.01368,All
1.88153,-3.54307,-7,-7,-7,-7,-4.35171,-2.8721,-1.84204,-0.860126,0.0594145,1.24988,All
1.96386,-3.02494,-7,-7,-7,-7,-3.75827,-2.4159,-1.39137,-0.513829,0.336886,1.48118,All
2.04618,-2.56034,-7,-7,-7,-7,-3.19573,-1.97861,-1.00873,-0.202992,0.617359,1.68411,All
2.12851,-2.06119,-7,-7,-7,-4.63664,-2.66005,-1.55123,-0.658978,0.0770586,0.857739,1.88277,All
2.21084,-1.64046,-7,-7,-7,-3.79591,-2.20555,-1.16269,-0.332812,0.338815,1.081,2.05871,All
2.29317,-1.24272,-7,-7,-7,-3.2235,-1.73794,-0.798918,-0.0572527,0.595987,1.27769,2.22372,All
2.3755,-0.89746,-7,-7,-7,-2.67687,-1.34575,-0.483399,0.195321,0.823871,1.47036,2.36553,All
2.45783,-0.570821,-7,-7,-4.66667,-2.21978,-0.99068,-0.203887,0.44328,1.028,1.64565,2.48923,All
2.54016,-0.279985,-7,-7,-3.82661,-1.82367,-0.682464,0.071842,0.664599,1.20757,1.80272,2.59107,All
2.62249,-0.00928657,-7,-7,-3.22578,-1.42363,-0.408478,0.31486,0.861121,1.38947,1.94067,2.65929,All
2.70482,0.214825,-7,-7,-2.6657,-1.07627,-0.148193,0.527752,1.0348,1.54069,2.067,2.70765,All
2.78715,0.430926,-7,-7,-2.16428,-0.771017,0.0954419,0.711584,1.19517,1.68055,2.18863,2.75492,All
2.86948,0.635473,-7,-7,-1.75987,-0.489395,0.320667,0.89479,1.35876,1.80879,2.29031,2.79654,All
2.95181,0.812807,-7,-5.23835,-1.41292,-0.236853,0.517136,1.06438,1.5009,1.93829,2.36384,2.83308,All
3.03414,0.969877,-7,-3.93729,-1.08804,-0.00538506,0.727337,1.2129,1.63188,2.04591,2.4269,2.85908,All
3.11647,1.12228,-7,-3.29599,-0.770207,0.212822,0.87769,1.34956,1.74414,2.12861,2.47992,2.87322,All
3.1988,1.26455,-7,-2.75055,-0.518414,0.394119,1.01714,1.46972,1.85349,2.20187,2.52037,2.8834,All
3.28112,1.38483,-7,-2.29835,-0.277446,0.572843,1.15327,1.58039,1.95034,2.26615,2.55712,2.9004,All
3.36345,1.49669,-7,-1.9547,-0.0687358,0.730371,1.28121,1.69396,2.03363,2.32509,2.5803,2.90097,All
3.44578,1.60262,-7,-1.55305,0.137964,0.887107,1.39132,1.79085,2.10682,2.3678,2.60829,2.90199,All
3.52811,1.693,-7,-1.25928,0.292269,1.01347,1.49801,1.86159,2.16078,2.40348,2.63179,2.91212,All
3.61044,1.77071,-7,-0.980351,0.462462,1.12755,1.59167,1.92937,2.21477,2.43274,2.64412,2.91729,All
3.69277,1.84211,-7,-0.725195,0.601847,1.23178,1.66984,1.98682,2.24898,2.45573,2.65665,2.91743,All
3.7751,1.90942,-7,-0.448946,0.751206,1.33617,1.73801,2.048,2.26816,2.47108,2.66476,2.91913,All
3.85743,1.95765,-7,-0.211371,0.871181,1.41849,1.80357,2.089,2.29148,2.48801,2.67085,2.92717,All
3.93976,1.99784,-7,-0.0402928,0.988141,1.49916,1.85664,2.11812,2.31023,2.49394,2.67441,2.93052,All
4.02209,2.03264,-7,0.129021,1.08864,1.56762,1.90138,2.14724,2.33079,2.50382,2.66954,2.91915,All
4.10442,2.05808,-7,0.271981,1.17484,1.63551,1.93867,2.16871,2.34281,2.5078,2.6639,2.91477,All
4.18675,2.08188,-6.18978,0.405806,1.24516,1.68554,1.96623,2.18548,2.35116,2.51496,2.65762,2.90694,All
4.26908,2.10514,-4.87764,0.531761,1.31066,1.72435,1.99404,2.1943,2.35731,2.51145,2.65573,2.89954,All
4.35141,2.11389,-4.31452,0.635861,1.38399,1.75499,2.01283,2.20177,2.36079,2.5088,2.65271,2.89297,All
4.43373,2.12048,-3.63485,0.751074,1.43241,1.79169,2.02468,2.20642,2.36513,2.50124,2.64849,2.88528,All
4.51606,2.12635,-3.07246,0.824779,1.47564,1.81532,2.03572,2.21137,2.36092,2.49554,2.63705,2.8774,All
4.59839,2.13397,-2.7656,0.892537,1.51092,1.83073,2.03681,2.21589,2.35363,2.48888,2.62814,2.86531,All
4.68072,2.13464,-2.44721,0.964062,1.54247,1.84757,2.04025,2.21421,2.34629,2.4781,2.62122,2.85167,All
4.76305,2.13068,-2.27348,1.02101,1.56832,1.85509,2.04509,2.21037,2.33999,2.4682,2.60841,2.84681,All
4.84538,2.13012,-1.85178,1.06898,1.5926,1.86108,2.04767,2.19665,2.33328,2.45999,2.59568,2.84237,All
4.92771,2.1235,-1.56632,1.10593,1.60601,1.87513,2.05089,2.18722,2.31987,2.44474,2.58861,2.8319,All
5.01004,2.11547,-1.38159,1.12824,1.60895,1.87834,2.04924,2.17936,2.30656,2.43321,2.57499,2.8236,All
5.09237,2.10739,-1.0837,1.15861,1.61447,1.87369,2.03963,2.17598,2.29236,2.4216,2.56247,2.81466,All
5.1747,2.09753,-0.894558,1.17143,1.6221,1.86811,2.03028,2.16631,2.28391,2.40725,2.54605,2.79811,All
5.25703,2.08614,-0.692764,1.18178,1.62569,1.86062,2.0206,2.15461,2.26934,2.39416,2.53501,2.79311,All
5.33936,2.07606,-0.602249,1.20324,1.6132,1.85141,2.01183,2.13988,2.25571,2.3783,2.52289,2.78429,All
5.42169,2.06455,-0.471286,1.20126,1.608,1.83943,1.99769,2.12552,2.24438,2.36335,2.50694,2.77323,All
5.50402,2.04745,-0.426069,1.20373,1.60011,1.82354,1.98353,2.11014,2.22987,2.35204,2.49478,2.7577,All
5.58635,2.03464,-0.27378,1.19896,1.57874,1.80752,1.97016,2.09753,2.2124,2.33402,2.4807,2.74294,All
5.66867,2.01683,-0.213347,1.1946,1.56737,1.79619,1.9477,2.08338,2.19908,2.31976,2.46681,2.72857,All
5.751,1.9988,-0.0970383,1.18862,1.5514,1.7801,1.93012,2.06762,2.18426,2.30264,2.45494,2.72147,All
5.83333,1.98082,-0.0459402,1.17979,1.53902,1.75318,1.9099,2.04826,2.16676,2.28442,2.43861,2.70916,All
5.91566,1.96085,-0.00459308,1.17097,1.52183,1.73348,1.89093,2.03092,2.14586,2.27111,2.42688,2.69058,All
5.99799,1.94309,-0.0165311,1.15321,1.50085,1.71114,1.87254,2.00961,2.12659,2.25623,2.40875,2.68271,All
6.08032,1.92096,0.0218756,1.13456,1.4701,1.68785,1.85064,1.98718,2.10838,2.23599,2.3928,2.66567,All
6.16265,1.89688,0.0520151,1.11072,1.44214,1.66084,1.82766,1.96461,2.09015,2.21471,2.37782,2.65005,All
6.24498,1.87239,0.0738421,1.08728,1.42072,1.63913,1.80138,1.9372,2.06649,2.19394,2.3568,2.63893,All
6.32731,1.84894,0.101674,1.06766,1.39088,1.61418,1.77741,1.9136,2.0451,2.1746,2.33977,2.62313,All
6.40964,1.82303,0.10468,1.03653,1.36544,1.5891,1.75268,1.89108,2.02204,2.15492,2.32338,2.60787,All
6.49197,1.79478,0.121795,1.01058,1.33816,1.5653,1.72589,1.86631,1.99816,2.13497,2.30403,2.59269,All
6.5743,1.76749,0.0926061,0.983457,1.3142,1.53982,1.69851,1.84243,1.97668,2.10839,2.28305,2.57645,All
6.65663,1.74242,0.0814713,0.959712,1.28565,1.51006,1.67007,1.81358,1.95216,2.08622,2.26739,2.56194,All
6.73896,1.71641,0.0752597,0.92978,1.25768,1.48057,1.63951,1.78902,1.92723,2.06344,2.24472,2.54363,All
6.82129,1.69232,0.0906208,0.901736,1.23027,1.45035,1.61433,1.76507,1.90031,2.04172,2.2276,2.5184,All
6.90361,1.6668,0.0801944,0.876916,1.2022,1.4156,1.58714,1.73577,1.87477,2.01654,2.20634,2.49949,All
6.98594,1.635,0.0867369,0.844513,1.16875,1.38207,1.55798,1.71105,1.85068,1.99523,2.19082,2.48363,All
7.06827,1.60495,0.0568884,0.809326,1.1386,1.35327,1.52727,1.68092,1.8233,1.96929,2.16677,2.47135,All
7.1506,1.57258,0.01362,0.773875,1.10142,1.32006,1.49455,1.65056,1.79591,1.94331,2.14437,2.45473,All
7.23293,1.54148,-0.0054892,0.744343,1.06874,1.28956,1.46225,1.61756,1.76627,1.91811,2.12294,2.43425,All
7.31526,1.50808,-0.0154765,0.715741,1.03291,1.25659,1.43078,1.58514,1.73789,1.88948,2.09964,2.41756,All
7.39759,1.47153,-0.0524643,0.686641,0.999504,1.22412,1.39783,1.55562,1.71013,1.86579,2.0794,2.40014,All
7.47992,1.44022,-0.0956349,0.654321,0.963785,1.18872,1.36339,1.52144,1.68042,1.83839,2.06112,2.38559,All
7.56225,1.40676,-0.108859,0.617862,0.926171,1.15516,1.32925,1.48787,1.64697,1.81029,2.03594,2.36762,All
7.64458,1.37405,-0.131883,0.573465,0.896959,1.12245,1.2951,1.45792,1.61693,1.78863,2.01395,2.35016,All
7.72691,1.34284,-0.16529,0.543345,0.864903,1.08909,1.26076,1.42887,1.58658,1.75973,1.98427,2.33552,All
7.80924,1.31055,-0.215747,0.509553,0.826041,1.05762,1.2265,1.39735,1.55873,1.73004,1.96017,2.31648,All
7.89157,1.27657,-0.26397,0.477048,0.796766,1.02166,1.19127,1.36337,1.52976,1.70119,1.93742,2.29856,All
7.9739,1.24193,-0.302402,0.445088,0.766693,0.983742,1.15438,1.33138,1.49996,1.67241,1.91557,2.28046,All
8.05622,1.20879,-0.351456,0.397865,0.730067,0.943306,1.11975,1.29575,1.46442,1.64444,1.89234,2.26531,All
8.13855,1.17585,-0.406774,0.355542,0.696259,0.904729,1.08242,1.2619,1.43372,1.61382,1.86986,2.24756,All
8.22088,1.14367,-0.458642,0.321778,0.662214,0.870749,1.04867,1.22825,1.40184,1.58878,1.8456,2.22256,All
8.30321,1.11232,-0.520543,0.275642,0.618132,0.836753,1.0188,1.19742,1.37167,1.55957,1.82203,2.20733,All
8.38554,1.08011,-0.569676,0.227319,0.582586,0.796639,0.993677,1.16724,1.34022,1.52839,1.79557,2.19082,All
8.46787,1.04412,-0.61787,0.184014,0.537694,0.759139,0.961297,1.13513,1.30928,1.49872,1.77099,2.17218,All
8.5502,1.01604,-0.659768,0.138999,0.497113,0.722556,0.926092,1.10317,1.28166,1.46925,1.75201,2.1608,All
8.63253,0.98675,-0.72515,0.0937281,0.455219,0.687298,0.891554,1.07076,1.25273,1.44687,1.72802,2.14542,All
8.71486,0.954278,-0.781291,0.0536837,0.416773,0.652707,0.860841,1.04229,1.22257,1.42007,1.70207,2.12834,All
8.79719,0.922193,-0.839217,0.00690532,0.369466,0.615067,0.827483,1.01006,1.18921,1.39414,1.67896,2.1148,All
8.87952,0.887117,-0.888817,-0.0482882,0.326566,0.576625,0.794982,0.979522,1.15619,1.36649,1.65488,2.09683,All
8.96185,0.849825,-0.961291,-0.093113,0.283607,0.539592,0.757043,0.947305,1.12611,1.33915,1.62724,2.08263,All
9.04418,0.819533,-1.01586,-0.143378,0.240679,0.499395,0.719494,0.913577,1.09511,1.31547,1.59979,2.06734,All
9.12651,0.783065,-1.07098,-0.196868,0.194937,0.461887,0.684559,0.884155,1.06709,1.2878,1.57012,2.05436,All
9.20884,0.747274,-1.12383,-0.247447,0.148579,0.42408,0.650885,0.854415,1.03722,1.25936,1.5467,2.03872,All
9.29116,0.714399,-1.17607,-0.304371,0.105645,0.38045,0.614204,0.822881,1.00587,1.22915,1.52255,2.02394,All
9.37349,0.683388,-1.22977,-0.365354,0.0569285,0.33961,0.575057,0.791461,0.979601,1.20373,1.49596,2.01341,All
9.45582,0.649285,-1.29208,-0.421407,0.00684206,0.293244,0.538128,0.758556,0.952379,1.17713,1.47399,2.00036,All
9.53815,0.61349,-1.34976,-0.47792,-0.0442019,0.248858,0.503687,0.725415,0.929389,1.15221,1.45318,1.98621,All
9.62048,0.582167,-1.41669,-0.533936,-0.0919132,0.209166,0.4676,0.691476,0.903212,1.12406,1.43278,1.97304,All
9.70281,0.547699,-1.47734,-0.585747,-0.141976,0.167571,0.429543,0.659518,0.880254,1.09164,1.41927,1.96248,All
9.78514,0.508859,-1.53992,-0.642622,-0.195073,0.119831,0.391785,0.625124,0.853681,1.05988,1.3929,1.94736,All
9.86747,0.472665,-1.58935,-0.702224,-0.250128,0.0773279,0.358518,0.591835,0.82884,1.03842,1.37502,1.9384,All
9.9498,0.428704,-1.63813,-0.758353,-0.308255,0.0330449,0.316769,0.563481,0.795766,1.01741,1.35211,1.92548,All
10.0321,0.395862,-1.67982,-0.809901,-0.363292,-0.0125731,0.276086,0.526347,0.767129,0.990673,1.33596,1.90882,All
10.1145,0.360888,-1.73535,-0.869577,-0.416867,-0.060148,0.23091,0.494959,0.740841,0.963078,1.31661,1.89197,All
10.1968,0.330972,-1.78214,-0.919008,-0.468313,-0.102786,0.188309,0.458083,0.712009,0.945032,1.29347,1.87714,All
10.2791,0.285957,-1.83034,-0.972429,-0.522735,-0.155128,0.148008,0.423862,0.682028,0.922087,1.27458,1.85992,All
10.3614,0.249678,-1.86965,-1.02934,-0.565157,-0.20081,0.107746,0.389859,0.649599,0.899029,1.25782,1.84308,All
10.4438,0.211223,-1.92404,-1.08642,-0.618258,-0.2498,0.065764,0.357558,0.618559,0.872661,1.23746,1.82658,All
10.5261,0.166506,-1.96901,-1.1383,-0.66852,-0.296363,0.0256886,0.326055,0.592895,0.854167,1.21371,1.81335,All
10.6084,0.127599,-2.01198,-1.19474,-0.718876,-0.352061,-0.0157369,0.284843,0.562392,0.833394,1.18941,1.79835,All
10.6908,0.0763354,-2.06193,-1.25062,-0.769754,-0.397848,-0.0577277,0.248542,0.528461,0.807656,1.1703,1.77853,All
10.7731,0.0384034,-2.10924,-1.30531,-0.817345,-0.451236,-0.108689,0.21192,0.495397,0.780012,1.14885,1.76026,All
10.8554,-0.00999927,-2.15756,-1.35556,-0.858182,-0.499497,-0.158227,0.16378,0.465555,0.761106,1.11833,1.7454,All
10.9378,-0.0521127,-2.21251,-1.41,-0.912306,-0.54929,-0.202863,0.122531,0.429744,0.734822,1.09291,1.73066,All
11.0201,-0.0947818,-2.25474,-1.46536,-0.964749,-0.597607,-0.241787,0.0802908,0.398022,0.708049,1.07177,1.71078,All
11.1024,-0.13808,-2.30307,-1.5122,-1.01387,-0.639329,-0.288644,0.0373609,0.365408,0.680624,1.04584,1.69855,All
11.1847,-0.178436,-2.35731,-1.55873,-1.06207,-0.685448,-0.336266,-0.0116255,0.330931,0.656668,1.02374,1.68303,All
11.2671,-0.228087,-2.40866,-1.6037,-1.1099,-0.73151,-0.387403,-0.0547904,0.291867,0.625745,1.00166,1.66677,All
11.3494,-0.273632,-2.45587,-1.66039,-1.15707,-0.778966,-0.439582,-0.098766,0.255724,0.592617,0.979918,1.65328,All
11.4317,-0.318857,-2.49701,-1.70621,-1.2012,-0.824847,-0.48694,-0.142356,0.217903,0.56238,0.953839,1.63356,All
11.5141,-0.360158,-2.5544,-1.7551,-1.24776,-0.875337,-0.532861,-0.189336,0.179339,0.531998,0.919473,1.61571,All
11.5964,-0.404424,-2.60617,-1.79447,-1.29957,-0.921189,-0.577388,-0.230892,0.136643,0.498355,0.893584,1.59323,All
11.6787,-0.449471,-2.64703,-1.84133,-1.34584,-0.971968,-0.618637,-0.279661,0.0966883,0.461071,0.862303,1.57141,All
11.761,-0.487036,-2.70867,-1.88064,-1.39023,-1.01755,-0.667353,-0.325173,0.0547374,0.424687,0.82514,1.54398,All
11.8434,-0.538582,-2.76433,-1.92924,-1.43807,-1.05953,-0.70752,-0.374911,0.0158124,0.387344,0.79219,1.5154,All
11.9257,-0.582037,-2.80511,-1.96491,-1.47914,-1.10888,-0.754719,-0.414483,-0.0256559,0.344833,0.757231,1.4906,All
12.008,-0.628151,-2.84882,-2.00774,-1.52662,-1.15192,-0.798033,-0.462706,-0.0726932,0.29828,0.716214,1.46012,All
12.0904,-0.678533,-2.90277,-2.05281,-1.57006,-1.19276,-0.841725,-0.501693,-0.11353,0.245033,0.66784,1.43113,All
12.1727,-0.715403,-2.95087,-2.09577,-1.62037,-1.23726,-0.885757,-0.543745,-0.162133,0.194153,0.619778,1.38964,All
12.255,-0.762163,-2.99801,-2.13495,-1.66718,-1.28361,-0.929941,-0.58333,-0.216585,0.148773,0.58113,1.35366,All
12.3373,-0.807608,-3.04068,-2.17912,-1.70628,-1.32296,-0.977617,-0.632503,-0.267884,0.0875853,0.530293,1.32228,All
12.4197,-0.851552,-3.09724,-2.22457,-1.74743,-1.36424,-1.01824,-0.673821,-0.321121,0.0334778,0.489981,1.28628,All
12.502,-0.892788,-3.14792,-2.26011,-1.78829,-1.40009,-1.05897,-0.716236,-0.372396,-0.0158712,0.438272,1.25098,All
12.5843,-0.9359,-3.20513,-2.30192,-1.83027,-1.43653,-1.10157,-0.76628,-0.425959,-0.0755866,0.39306,1.20214,All
12.6667,-0.982243,-3.24328,-2.35293,-1.86734,-1.47758,-1.14019,-0.807925,-0.481459,-0.134024,0.341383,1.16643,All
12.749,-1.02224,-3.29684,-2.40362,-1.90708,-1.52268,-1.17968,-0.85928,-0.529188,-0.190583,0.290681,1.13531,All
12.8313,-1.06636,-3.35332,-2.44288,-1.94833,-1.56132,-1.22366,-0.913816,-0.58388,-0.23844,0.249398,1.10121,All
12.9137,-1.11849,-3.40389,-2.48633,-1.99646,-1.6038,-1.2639,-0.967617,-0.635689,-0.284797,0.208456,1.06767,All
12.996,-1.16256,-3.4617,-2.52761,-2.04108,-1.64975,-1.31763,-1.01822,-0.68942,-0.334168,0.158651,1.02175,All
13.0783,-1.21322,-3.50802,-2.56465,-2.08676,-1.69391,-1.36495,-1.06967,-0.741552,-0.389211,0.106226,0.980138,All
13.1606,-1.26197,-3.56995,-2.61035,-2.12367,-1.73269,-1.41558,-1.11314,-0.798381,-0.443644,0.0542826,0.935946,All
13.243,-1.30785,-3.62991,-2.65395,-2.16982,-1.78143,-1.46371,-1.16448,-0.846071,-0.495327,0.00723076,0.892189,All
13.3253,-1.35441,-3.67483,-2.69221,-2.21187,-1.8227,-1.50733,-1.20783,-0.890602,-0.536858,-0.0375693,0.861293,All
13.4076,-1.40633,-3.73133,-2.74508,-2.2554,-1.87059,-1.55222,-1.26101,-0.945394,-0.586224,-0.0817907,0.830803,All
13.49,-1.45167,-3.78468,-2.79182,-2.30603,-1.92245,-1.59818,-1.31148,-0.993868,-0.636025,-0.137375,0.802824,All
13.5723,-1.49877,-3.84515,-2.84402,-2.35386,-1.96624,-1.64367,-1.36019,-1.04301,-0.682374,-0.190102,0.765205,All
13.6546,-1.5543,-3.89855,-2.88929,-2.40345,-2.01671,-1.69011,-1.40606,-1.09035,-0.736273,-0.240946,0.738677,All
13.7369,-1.59891,-3.95225,-2.9316,-2.45771,-2.06036,-1.73656,-1.44809,-1.1396,-0.77835,-0.295693,0.694646,All
13.8193,-1.64384,-4.02255,-2.98947,-2.50648,-2.11296,-1.79122,-1.4934,-1.18833,-0.821944,-0.339735,0.660342,All
13.9016,-1.68919,-4.10278,-3.03886,-2.55379,-2.15976,-1.84408,-1.54146,-1.23568,-0.8596,-0.380391,0.632662,All
13.9839,-1.73407,-4.1513,-3.10328,-2.60419,-2.21142,-1.8966,-1.59257,-1.27359,-0.899862,-0.423625,0.59268,All
14.0663,-1.77757,-4.20669,-3.15977,-2.65171,-2.26977,-1.94828,-1.63693,-1.32393,-0.946217,-0.461328,0.553176,All
14.1486,-1.82331,-4.25961,-3.2112,-2.70374,-2.31826,-1.99368,-1.68384,-1.36411,-0.992111,-0.507756,0.504669,All
14.2309,-1.88247,-4.34547,-3.27247,-2.75031,-2.37396,-2.0449,-1.72593,-1.39892,-1.03384,-0.548393,0.484633,All
14.3133,-1.9297,-4.41454,-3.32479,-2.80531,-2.42281,-2.08998,-1.77083,-1.44348,-1.07384,-0.583338,0.446237,All
14.3956,-1.97658,-4.48259,-3.37995,-2.86027,-2.47938,-2.13925,-1.81656,-1.48525,-1.10777,-0.624265,0.414999,All
14.4779,-2.02456,-4.54263,-3.43973,-2.91359,-2.52426,-2.19043,-1.85617,-1.52936,-1.14628,-0.660413,0.392722,All
14.5602,-2.07204,-4.62281,-3.50928,-2.96311,-2.574,-2.23756,-1.89524,-1.56351,-1.18902,-0.690894,0.371758,All
14.6426,-2.11351,-4.69993,-3.58347,-3.02423,-2.63706,-2.28614,-1.94054,-1.60736,-1.22375,-0.720728,0.337905,All
14.7249,-2.15193,-4.79155,-3.64219,-3.08589,-2.69215,-2.33314,-1.97384,-1.64218,-1.26129,-0.754414,0.31876,All
14.8072,-2.19842,-4.87816,-3.70358,-3.13899,-2.74252,-2.3811,-2.02191,-1.6812,-1.29618,-0.793799,0.286308,All
14.8896,-2.24586,-4.9583,-3.77394,-3.19843,-2.79197,-2.43159,-2.06966,-1.72026,-1.33066,-0.827425,0.251616,All
14.9719,-2.29302,-5.04552,-3.85325,-3.26571,-2.84448,-2.47476,-2.11282,-1.7545,-1.37,-0.865605,0.228686,All
15.0542,-2.3357,-5.13136,-3.92682,-3.31864,-2.89906,-2.52247,-2.15667,-1.78826,-1.4062,-0.89157,0.212607,All
15.1365,-2.37446,-5.23927,-3.99168,-3.3835,-2.95215,-2.56952,-2.19769,-1.81547,-1.43718,-0.915486,0.188711,All
15.2189,-2.41425,-5.32356,-4.05913,-3.43795,-3.00138,-2.61438,-2.24038,-1.85558,-1.46324,-0.943297,0.163353,All
15.3012,-2.46349,-5.42861,-4.11955,-3.50111,-3.05383,-2.66119,-2.28397,-1.89252,-1.49537,-0.972238,0.13569,All
15.3835,-2.508,-5.51353,-4.18866,-3.56023,-3.10975,-2.71042,-2.3232,-1.92799,-1.5332,-1.00031,0.112537,All
15.4659,-2.55135,-5.60744,-4.25579,-3.61581,-3.16518,-2.75796,-2.36249,-1.96134,-1.56335,-1.02086,0.0944974,All
15.5482,-2.59389,-5.70388,-4.32835,-3.68553,-3.21681,-2.80265,-2.40334,-1.99822,-1.59674,-1.04292,0.0705355,All
15.6305,-2.63637,-5.79823,-4.4115,-3.7505,-3.2687,-2.84985,-2.44454,-2.03182,-1.6238,-1.06748,0.0490506,All
15.7129,-2.67857,-5.89003,-4.48938,-3.80742,-3.31409,-2.89347,-2.4837,-2.06431,-1.65314,-1.09336,0.0160005,All
15.7952,-2.71667,-5.98933,-4.56755,-3.87715,-3.37016,-2.94394,-2.5225,-2.09017,-1.67656,-1.12212,-0.0161875,All
15.8775,-2.75991,-6.10294,-4.64021,-3.94333,-3.42378,-2.98573,-2.56026,-2.12603,-1.70572,-1.15154,-0.0462656,All
15.9598,-2.79925,-6.21227,-4.72071,-4.00136,-3.47611,-3.02211,-2.59504,-2.15477,-1.73322,-1.17446,-0.0749076,All
16.0422,-2.84169,-6.30591,-4.81283,-4.07585,-3.52155,-3.06573,-2.63559,-2.18925,-1.75695,-1.19211,-0.0992374,All
16.1245,-2.88055,-6.4232,-4.8873,-4.14167,-3.57891,-3.10713,-2.67152,-2.2221,-1.78591,-1.21603,-0.127546,All
16.2068,-2.9293,-6.53883,-4.9837,-4.20087,-3.62422,-3.15252,-2.71798,-2.25418,-1.81303,-1.2396,-0.14903,All
16.2892,-2.96794,-6.63985,-5.04614,-4.26172,-3.67079,-3.197,-2.75649,-2.28894,-1.83869,-1.27279,-0.175552,All
16.3715,-3.01098,-6.7683,-5.13958,-4.32622,-3.71651,-3.2401,-2.7956,-2.31801,-1.86315,-1.3059,-0.193153,All
16.4538,-3.0562,-6.84577,-5.19883,-4.39264,-3.76567,-3.28143,-2.82651,-2.3519,-1.88721,-1.333,-0.214998,All
16.5361,-3.10407,-6.96507,-5.28614,-4.45427,-3.81606,-3.32991,-2.86101,-2.3847,-1.90982,-1.35174,-0.230304,All
16.6185,-3.14024,-7,-5.37117,-4.51131,-3.86243,-3.37545,-2.88959,-2.41465,-1.93091,-1.36894,-0.248049,All
16.7008,-3.17983,-7,-5.43842,-4.57157,-3.91427,-3.41413,-2.92595,-2.44363,-1.95679,-1.39271,-0.274497,All
16.7831,-3.21683,-7,-5.52239,-4.6301,-3.9657,-3.45837,-2.95744,-2.47071,-1.98236,-1.41914,-0.290673,All
16.8655,-3.2583,-7,-5.61141,-4.68859,-4.02443,-3.49567,-2.99058,-2.49973,-2.00459,-1.43291,-0.307856,All
16.9478,-3.2971,-7,-5.69482,-4.75223,-4.07514,-3.53422,-3.02509,-2.53253,-2.0274,-1.45423,-0.326211,All
17.0301,-3.33682,-7,-5.77254,-4.81533,-4.12893,-3.58185,-3.06313,-2.55761,-2.04976,-1.4729,-0.351262,All
17.1124,-3.37874,-7,-5.85262,-4.87677,-4.17838,-3.62149,-3.09627,-2.59062,-2.07378,-1.49162,-0.358178,All
17.1948,-3.41679,-7,-5.92661,-4.93337,-4.22838,-3.6634,-3.1288,-2.62002,-2.09616,-1.51498,-0.369806,All
17.2771,-3.4486,-7,-6.01597,-4.99513,-4.27403,-3.70314,-3.16753,-2.64672,-2.12034,-1.52864,-0.390958,All
17.3594,-3.48427,-7,-6.09996,-5.05698,-4.32707,-3.75319,-3.20676,-2.67817,-2.14407,-1.55187,-0.41251,All
17.4418,-3.51831,-7,-6.17096,-5.12455,-4.38085,-3.79089,-3.24089,-2.71142,-2.16825,-1.5682,-0.432245,All
17.5241,-3.561,-7,-6.26534,-5.18375,-4.43656,-3.83437,-3.2744,-2.74098,-2.1885,-1.58483,-0.442115,All
17.6064,-3.59208,-7,-6.35918,-5.24072,-4.48271,-3.87054,-3.3094,-2.76726,-2.212,-1.60183,-0.462401,All
17.6888,-3.63269,-7,-6.45607,-5.3053,-4.53244,-3.90982,-3.35235,-2.79769,-2.23133,-1.62069,-0.474231,All
17.7711,-3.67612,-7,-6.53848,-5.36781,-4.58592,-3.95092,-3.38843,-2.83302,-2.25438,-1.64449,-0.486288,All
17.8534,-3.70402,-7,-6.61206,-5.42119,-4.63681,-3.99933,-3.41679,-2.86348,-2.27646,-1.66542,-0.507803,All
17.9357,-3.73432,-7,-6.68107,-5.4799,-4.6816,-4.04042,-3.45506,-2.88756,-2.30158,-1.68819,-0.530621,All
18.0181,-3.76902,-7,-6.77047,-5.54355,-4.73071,-4.08366,-3.49381,-2.91802,-2.3253,-1.70882,-0.545246,All
18.1004,-3.80686,-7,-6.8547,-5.60253,-4.78179,-4.12162,-3.5376,-2.94644,-2.34644,-1.71991,-0.571497,All
18.1827,-3.84614,-7,-6.93355,-5.65939,-4.82654,-4.15723,-3.56983,-2.97339,-2.36788,-1.74058,-0.57969,All
18.2651,-3.88921,-7,-7,-5.72522,-4.87235,-4.19503,-3.59877,-3.00096,-2.3895,-1.76168,-0.59885,All
18.3474,-3.92515,-7,-7,-5.78912,-4.91967,-4.23174,-3.63572,-3.03717,-2.40754,-1.77523,-0.617422,All
18.4297,-3.96279,-7,-7,-5.84274,-4.96803,-4.27366,-3.66815,-3.06124,-2.42659,-1.7958,-0.627094,All
18.512,-3.99211,-7,-7,-5.89089,-5.01008,-4.31449,-3.70132,-3.08894,-2.44848,-1.81397,-0.645729,All
18.5944,-4.02813,-7,-7,-5.93945,-5.05883,-4.3512,-3.72904,-3.11771,-2.46582,-1.83093,-0.653248,All
18.6767,-4.06589,-7,-7,-6.00206,-5.10591,-4.39013,-3.76154,-3.13884,-2.49067,-1.85064,-0.662183,All
18.759,-4.09798,-7,-7,-6.04983,-5.14416,-4.424,-3.79712,-3.1617,-2.50854,-1.86853,-0.682537,All
18.8414,-4.12533,-7,-7,-6.10886,-5.19409,-4.4586,-3.82786,-3.18295,-2.53404,-1.88026,-0.70518,All
18.9237,-4.15638,-7,-7,-6.15744,-5.23258,-4.49535,-3.85762,-3.20468,-2.55444,-1.89448,-0.712855,All
19.006,-4.1972,-7,-7,-6.21295,-5.28031,-4.53057,-3.89045,-3.23188,-2.57733,-1.91483,-0.725373,All
19.0884,-4.23014,-7,-7,-6.25914,-5.32686,-4.5692,-3.92088,-3.25481,-2.59868,-1.9232,-0.738601,All
19.1707,-4.267,-7,-7,-6.31534,-5.36957,-4.59701,-3.95227,-3.27844,-2.61826,-1.9351,-0.756675,All
19.253,-4.3017,-7,-7,-6.37178,-5.41752,-4.63385,-3.98644,-3.30174,-2.63078,-1.95217,-0.77808,All
19.3353,-4.33064,-7,-7,-6.40822,-5.45826,-4.67931,-4.0198,-3.32562,-2.6463,-1.97412,-0.786612,All
19.4177,-4.36221,-7,-7,-6.45923,-5.49379,-4.71462,-4.04609,-3.35545,-2.66386,-1.99005,-0.803975,All
19.5,-4.38007,-7,-7,-6.49802,-5.53349,-4.74851,-4.0721,-3.37762,-2.68014,-2.00911,-0.812961,All
