standEta_beta_exp_abscissa,standEta_beta_exp_cdf,standEta_delta0_abscissa,standEta_delta0_cdf,standEta_p_abscissa,standEta_p_cdf,standEta_td_abscissa,standEta_td_cdf,standEta_b_exp_abscissa,standEta_b_exp_cdf,standEta_h_0_abscissa,standEta_h_0_cdf,standEta_tc_abscissa,standEta_tc_cdf,standEta_sigma_abscissa,standEta_sigma_cdf,standEta_rho_exp_abscissa,standEta_rho_exp_cdf,standEta_q_exp_abscissa,standEta_q_exp_cdf,standEta_ifn0_abscissa,standEta_ifn0_cdf,split
-4,0,-4,0,-4,0,-4,0,-4,0,-4,0,-4,0,-4,0,-4,0,-4,0,-4,0,All
-1.57282,0.00833333,-1.54688,0.00833333,-2.97084,0.00833333,-2.61092,0.00833333,-2.23341,0.00833333,-1.79056,0.00833333,-1.46817,0.00833333,-2.42993,0.00833333,-1.51308,0.00833333,-1.86114,0.00833333,-2.20411,0.00833333,All
-1.50494,0.0166667,-1.50727,0.0166667,-2.90101,0.0166667,-2.49776,0.0166667,-2.20852,0.0166667,-1.59268,0.0166667,-1.30363,0.0166667,-2.39212,0.0166667,-1.46363,0.0166667,-1.53099,0.0166667,-2.1315,0.0166667,All
-1.48182,0.025,-1.50065,0.025,-2.77258,0.025,-2.43979,0.025,-2.16961,0.025,-1.55493,0.025,-1.26002,0.025,-2.27222,0.025,-1.41643,0.025,-1.49588,0.025,-2.08223,0.025,All
-1.45173,0.0333333,-1.43114,0.0333333,-2.57496,0.0333333,-2.4387,0.0333333,-2.14172,0.0333333,-1.55314,0.0333333,-1.25992,0.0333333,-2.26035,0.0333333,-1.30578,0.0333333,-1.47782,0.0333333,-1.99553,0.0333333,All
-1.44469,0.0416667,-1.41479,0.0416667,-2.50354,0.0416667,-2.3483,0.0416667,-2.13807,0.0416667,-1.52305,0.0416667,-1.25965,0.0416667,-2.19597,0.0416667,-1.2743,0.0416667,-1.47309,0.0416667,-1.9745,0.0416667,All
-1.44302,0.05,-1.34973,0.05,-2.42885,0.05,-1.89144,0.05,-1.98909,0.05,-1.42203,0.05,-1.21774,0.05,-2.07812,0.05,-1.24977,0.05,-1.39878,0.05,-1.97251,0.05,All
-1.39848,0.0583333,-1.31688,0.0583333,-2.12954,0.0583333,-1.86508,0.0583333,-1.98778,0.0583333,-1.4143,0.0583333,-1.21694,0.0583333,-2.0468,0.0583333,-1.22988,0.0583333,-1.26882,0.0583333,-1.92873,0.0583333,All
-1.36634,0.0666667,-1.31037,0.0666667,-2.04731,0.0666667,-1.81951,0.0666667,-1.94989,0.0666667,-1.40399,0.0666667,-1.18608,0.0666667,-1.91109,0.0666667,-1.16506,0.0666667,-1.25872,0.0666667,-1.71559,0.0666667,All
-1.32065,0.075,-1.30097,0.075,-1.97723,0.075,-1.81775,0.075,-1.93555,0.075,-1.35355,0.075,-1.16459,0.075,-1.89906,0.075,-1.1545,0.075,-1.14645,0.075,-1.62564,0.075,All
-1.30941,0.0833333,-1.28473,0.0833333,-1.54144,0.0833333,-1.79007,0.0833333,-1.77712,0.0833333,-1.25632,0.0833333,-1.14122,0.0833333,-1.87566,0.0833333,-1.10372,0.0833333,-1.12664,0.0833333,-1.60951,0.0833333,All
-1.26779,0.0916667,-1.27068,0.0916667,-1.52397,0.0916667,-1.14828,0.0916667,-1.75892,0.0916667,-1.21176,0.0916667,-1.06546,0.0916667,-1.87013,0.0916667,-1.07386,0.0916667,-1.10934,0.0916667,-1.57565,0.0916667,All
-1.20957,0.1,-1.26755,0.1,-1.51933,0.1,-0.990208,0.1,-1.73444,0.1,-1.18709,0.1,-1.06116,0.1,-1.69526,0.1,-1.05461,0.1,-1.10629,0.1,-1.41627,0.1,All
-1.15883,0.108333,-1.26618,0.108333,-1.3432,0.108333,-0.90428,0.108333,-1.56601,0.108333,-1.16521,0.108333,-1.01697,0.108333,-1.60037,0.108333,-1.05016,0.108333,-1.07826,0.108333,-1.4089,0.108333,All
-1.15214,0.116667,-1.23966,0.116667,-1.30542,0.116667,-0.891735,0.116667,-1.55001,0.116667,-1.14642,0.116667,-1.00157,0.116667,-1.30768,0.116667,-1.02291,0.116667,-1.04473,0.116667,-1.34341,0.116667,All
-1.15086,0.125,-1.20132,0.125,-1.26911,0.125,-0.812461,0.125,-1.26901,0.125,-1.11832,0.125,-0.963071,0.125,-1.28717,0.125,-0.980117,0.125,-1.01363,0.125,-1.34281,0.125,All
-1.10227,0.133333,-1.20013,0.133333,-1.20469,0.133333,-0.811659,0.133333,-1.24845,0.133333,-1.05342,0.133333,-0.961428,0.133333,-1.23484,0.133333,-0.953449,0.133333,-0.985894,0.133333,-1.32918,0.133333,All
-1.06976,0.141667,-1.16688,0.141667,-1.18447,0.141667,-0.802274,0.141667,-1.21299,0.141667,-1.0393,0.141667,-0.951575,0.141667,-1.22891,0.141667,-0.926668,0.141667,-0.980918,0.141667,-1.31554,0.141667,All
-1.05792,0.15,-1.15171,0.15,-1.09892,0.15,-0.789116,0.15,-1.20869,0.15,-0.984749,0.15,-0.886698,0.15,-1.17433,0.15,-0.864679,0.15,-0.961987,0.15,-1.31236,0.15,All
-1.04138,0.158333,-1.13416,0.158333,-0.938338,0.158333,-0.776978,0.158333,-1.1837,0.158333,-0.983609,0.158333,-0.883187,0.158333,-1.05087,0.158333,-0.849741,0.158333,-0.933032,0.158333,-1.28542,0.158333,All
-1.00504,0.166667,-1.12323,0.166667,-0.917135,0.166667,-0.754053,0.166667,-1.1502,0.166667,-0.982731,0.166667,-0.881489,0.166667,-0.980055,0.166667,-0.840029,0.166667,-0.907096,0.166667,-1.2852,0.166667,All
-1.00198,0.175,-1.05387,0.175,-0.847172,0.175,-0.72764,0.175,-1.04836,0.175,-0.949084,0.175,-0.878512,0.175,-0.882215,0.175,-0.834132,0.175,-0.865346,0.175,-1.11029,0.175,All
-0.882468,0.183333,-1.05044,0.183333,-0.816105,0.183333,-0.707441,0.183333,-1.01805,0.183333,-0.937206,0.183333,-0.860489,0.183333,-0.742021,0.183333,-0.808726,0.183333,-0.865049,0.183333,-1.11016,0.183333,All
-0.871752,0.191667,-1.04395,0.191667,-0.776941,0.191667,-0.698205,0.191667,-1.01646,0.191667,-0.908294,0.191667,-0.853353,0.191667,-0.730356,0.191667,-0.80481,0.191667,-0.847858,0.191667,-1.06383,0.191667,All
-0.859303,0.2,-1.01002,0.2,-0.766546,0.2,-0.676249,0.2,-0.984279,0.2,-0.895408,0.2,-0.810565,0.2,-0.669626,0.2,-0.804399,0.2,-0.841778,0.2,-1.01064,0.2,All
-0.826368,0.208333,-0.998509,0.208333,-0.753123,0.208333,-0.611826,0.208333,-0.98283,0.208333,-0.851022,0.208333,-0.792862,0.208333,-0.662141,0.208333,-0.786613,0.208333,-0.84111,0.208333,-0.985199,0.208333,All
-0.790425,0.216667,-0.924059,0.216667,-0.717586,0.216667,-0.601073,0.216667,-0.941737,0.216667,-0.827029,0.216667,-0.771046,0.216667,-0.625676,0.216667,-0.779836,0.216667,-0.84059,0.216667,-0.981897,0.216667,All
-0.778489,0.225,-0.900334,0.225,-0.677024,0.225,-0.52335,0.225,-0.894395,0.225,-0.821784,0.225,-0.748465,0.225,-0.623048,0.225,-0.764688,0.225,-0.813602,0.225,-0.911142,0.225,All
-0.745733,0.233333,-0.847762,0.233333,-0.663335,0.233333,-0.514515,0.233333,-0.740926,0.233333,-0.821154,0.233333,-0.740354,0.233333,-0.601168,0.233333,-0.757654,0.233333,-0.798538,0.233333,-0.871307,0.233333,All
-0.740255,0.241667,-0.806847,0.241667,-0.656579,0.241667,-0.46478,0.241667,-0.7157,0.241667,-0.796038,0.241667,-0.721477,0.241667,-0.565499,0.241667,-0.747284,0.241667,-0.774676,0.241667,-0.857897,0.241667,All
-0.732978,0.25,-0.784792,0.25,-0.634085,0.25,-0.461281,0.25,-0.705139,0.25,-0.776889,0.25,-0.71753,0.25,-0.557578,0.25,-0.735886,0.25,-0.680092,0.25,-0.82774,0.25,All
-0.714736,0.258333,-0.748928,0.258333,-0.633711,0.258333,-0.448743,0.258333,-0.664907,0.258333,-0.761211,0.258333,-0.696392,0.258333,-0.481745,0.258333,-0.717447,0.258333,-0.670284,0.258333,-0.825834,0.258333,All
-0.669959,0.266667,-0.746804,0.266667,-0.626814,0.266667,-0.444611,0.266667,-0.654517,0.266667,-0.754825,0.266667,-0.68115,0.266667,-0.479847,0.266667,-0.715032,0.266667,-0.661671,0.266667,-0.823021,0.266667,All
-0.63432,0.275,-0.701169,0.275,-0.625556,0.275,-0.412379,0.275,-0.640512,0.275,-0.702972,0.275,-0.636298,0.275,-0.422829,0.275,-0.703289,0.275,-0.648837,0.275,-0.816227,0.275,All
-0.619351,0.283333,-0.682966,0.283333,-0.594732,0.283333,-0.405624,0.283333,-0.616026,0.283333,-0.70076,0.283333,-0.636158,0.283333,-0.400294,0.283333,-0.625374,0.283333,-0.636647,0.283333,-0.801019,0.283333,All
-0.579543,0.291667,-0.671417,0.291667,-0.498504,0.291667,-0.362949,0.291667,-0.594139,0.291667,-0.687413,0.291667,-0.634691,0.291667,-0.379889,0.291667,-0.623077,0.291667,-0.62194,0.291667,-0.78426,0.291667,All
-0.549582,0.3,-0.565491,0.3,-0.464876,0.3,-0.361014,0.3,-0.556393,0.3,-0.647709,0.3,-0.62633,0.3,-0.374933,0.3,-0.586761,0.3,-0.612209,0.3,-0.763306,0.3,All
-0.546604,0.308333,-0.557395,0.308333,-0.441417,0.308333,-0.348201,0.308333,-0.519568,0.308333,-0.631918,0.308333,-0.605717,0.308333,-0.35533,0.308333,-0.583949,0.308333,-0.569771,0.308333,-0.75738,0.308333,All
-0.519491,0.316667,-0.540906,0.316667,-0.37329,0.316667,-0.332283,0.316667,-0.506647,0.316667,-0.604606,0.316667,-0.593698,0.316667,-0.349365,0.316667,-0.580311,0.316667,-0.565344,0.316667,-0.750462,0.316667,All
-0.48707,0.325,-0.535916,0.325,-0.364275,0.325,-0.324629,0.325,-0.487419,0.325,-0.596518,0.325,-0.591813,0.325,-0.340076,0.325,-0.575009,0.325,-0.541893,0.325,-0.715026,0.325,All
-0.446684,0.333333,-0.534264,0.333333,-0.328879,0.333333,-0.320252,0.333333,-0.41359,0.333333,-0.571604,0.333333,-0.588881,0.333333,-0.307205,0.333333,-0.57244,0.333333,-0.517192,0.333333,-0.68973,0.333333,All
-0.429614,0.341667,-0.512,0.341667,-0.324843,0.341667,-0.316345,0.341667,-0.361615,0.341667,-0.567532,0.341667,-0.569247,0.341667,-0.303308,0.341667,-0.571064,0.341667,-0.510888,0.341667,-0.650539,0.341667,All
-0.413656,0.35,-0.497033,0.35,-0.321966,0.35,-0.302814,0.35,-0.28315,0.35,-0.557133,0.35,-0.557155,0.35,-0.279402,0.35,-0.562154,0.35,-0.503219,0.35,-0.606746,0.35,All
-0.375514,0.358333,-0.476025,0.358333,-0.286451,0.358333,-0.297999,0.358333,-0.204123,0.358333,-0.5029,0.358333,-0.554967,0.358333,-0.271815,0.358333,-0.517253,0.358333,-0.50228,0.358333,-0.600294,0.358333,All
-0.362919,0.366667,-0.397796,0.366667,-0.27577,0.366667,-0.295101,0.366667,-0.147457,0.366667,-0.502024,0.366667,-0.552766,0.366667,-0.236218,0.366667,-0.501125,0.366667,-0.482854,0.366667,-0.594815,0.366667,All
-0.317665,0.375,-0.382933,0.375,-0.255793,0.375,-0.277436,0.375,-0.115502,0.375,-0.465551,0.375,-0.520403,0.375,-0.210853,0.375,-0.483122,0.375,-0.445273,0.375,-0.512468,0.375,All
-0.266828,0.383333,-0.364603,0.383333,-0.105653,0.383333,-0.26672,0.383333,-0.0732005,0.383333,-0.456051,0.383333,-0.519082,0.383333,-0.204856,0.383333,-0.470334,0.383333,-0.444828,0.383333,-0.5002,0.383333,All
-0.214047,0.391667,-0.34966,0.391667,-0.0986921,0.391667,-0.260006,0.391667,0.0139541,0.391667,-0.398246,0.391667,-0.492588,0.391667,-0.170262,0.391667,-0.413573,0.391667,-0.419558,0.391667,-0.479009,0.391667,All
-0.197259,0.4,-0.342166,0.4,-0.0608308,0.4,-0.238606,0.4,0.0216808,0.4,-0.375198,0.4,-0.468796,0.4,-0.159916,0.4,-0.411452,0.4,-0.373805,0.4,-0.45203,0.4,All
-0.179336,0.408333,-0.326173,0.408333,-0.0395999,0.408333,-0.214406,0.408333,0.0259145,0.408333,-0.346172,0.408333,-0.468286,0.408333,-0.159304,0.408333,-0.399073,0.408333,-0.343436,0.408333,-0.439744,0.408333,All
-0.159116,0.416667,-0.214111,0.416667,-0.0362753,0.416667,-0.212208,0.416667,0.0309451,0.416667,-0.326545,0.416667,-0.450783,0.416667,-0.0557093,0.416667,-0.385197,0.416667,-0.325154,0.416667,-0.428404,0.416667,All
-0.0686026,0.425,-0.209228,0.425,-0.00277389,0.425,-0.202602,0.425,0.113483,0.425,-0.304429,0.425,-0.392548,0.425,-0.0539501,0.425,-0.384122,0.425,-0.313394,0.425,-0.391395,0.425,All
-0.032713,0.433333,-0.19843,0.433333,0.0107682,0.433333,-0.197356,0.433333,0.123056,0.433333,-0.299762,0.433333,-0.374593,0.433333,-0.0472472,0.433333,-0.381799,0.433333,-0.298647,0.433333,-0.382435,0.433333,All
-0.00958818,0.441667,-0.164282,0.441667,0.0564735,0.441667,-0.191278,0.441667,0.169513,0.441667,-0.278852,0.441667,-0.372318,0.441667,-0.04205,0.441667,-0.284828,0.441667,-0.282772,0.441667,-0.378546,0.441667,All
-0.00518768,0.45,-0.0629592,0.45,0.0702926,0.45,-0.188568,0.45,0.211966,0.45,-0.247438,0.45,-0.368501,0.45,-0.0366735,0.45,-0.277647,0.45,-0.244267,0.45,-0.355839,0.45,All
0.0278049,0.458333,-0.0604212,0.458333,0.0742086,0.458333,-0.188178,0.458333,0.237909,0.458333,-0.237131,0.458333,-0.364992,0.458333,-0.0264527,0.458333,-0.197086,0.458333,-0.237119,0.458333,-0.343048,0.458333,All
0.0566299,0.466667,-0.0492127,0.466667,0.0783901,0.466667,-0.185047,0.466667,0.263314,0.466667,-0.222828,0.466667,-0.356416,0.466667,-0.0085062,0.466667,-0.188237,0.466667,-0.234118,0.466667,-0.306257,0.466667,All
0.0634137,0.475,-0.0206515,0.475,0.0895516,0.475,-0.174719,0.475,0.282318,0.475,-0.212037,0.475,-0.351412,0.475,0.00531007,0.475,-0.178826,0.475,-0.218212,0.475,-0.30136,0.475,All
0.0831594,0.483333,-0.00833118,0.483333,0.0902039,0.483333,-0.161837,0.483333,0.28506,0.483333,-0.18743,0.483333,-0.340209,0.483333,0.0245194,0.483333,-0.170151,0.483333,-0.197512,0.483333,-0.264254,0.483333,All
0.10138,0.491667,-0.00802974,0.491667,0.0943323,0.491667,-0.151854,0.491667,0.334579,0.491667,-0.185534,0.491667,-0.330175,0.491667,0.0295208,0.491667,-0.163855,0.491667,-0.19659,0.491667,-0.250887,0.491667,All
0.102685,0.5,-0.000739392,0.5,0.123476,0.5,-0.151311,0.5,0.350899,0.5,-0.182721,0.5,-0.304766,0.5,0.0327397,0.5,-0.149717,0.5,-0.170884,0.5,-0.172673,0.5,All
0.123608,0.508333,0.00766004,0.508333,0.153181,0.508333,-0.140664,0.508333,0.374499,0.508333,-0.159119,0.508333,-0.261681,0.508333,0.0557371,0.508333,-0.12465,0.508333,-0.139512,0.508333,-0.1718,0.508333,All
0.134908,0.516667,0.031339,0.516667,0.158483,0.516667,-0.130314,0.516667,0.385596,0.516667,-0.116661,0.516667,-0.256566,0.516667,0.107475,0.516667,-0.117612,0.516667,-0.110017,0.516667,-0.0867595,0.516667,All
0.135697,0.525,0.0323511,0.525,0.164202,0.525,-0.119082,0.525,0.386057,0.525,-0.11664,0.525,-0.232278,0.525,0.147976,0.525,-0.0918105,0.525,-0.0586237,0.525,-0.0763289,0.525,All
0.163836,0.533333,0.0352142,0.533333,0.174546,0.533333,-0.110888,0.533333,0.390338,0.533333,-0.0348811,0.533333,-0.212839,0.533333,0.173357,0.533333,-0.0627592,0.533333,-0.038121,0.533333,-0.0755948,0.533333,All
0.175625,0.541667,0.0457946,0.541667,0.229268,0.541667,-0.0986474,0.541667,0.391986,0.541667,-0.00694139,0.541667,-0.18958,0.541667,0.22414,0.541667,-0.0420982,0.541667,-0.0203057,0.541667,-0.038217,0.541667,All
0.189004,0.55,0.0556929,0.55,0.250424,0.55,-0.0607095,0.55,0.395243,0.55,-0.00384336,0.55,-0.186964,0.55,0.235385,0.55,-0.0296692,0.55,-0.0195098,0.55,-0.0267159,0.55,All
0.217536,0.558333,0.0560348,0.558333,0.260171,0.558333,-0.0560625,0.558333,0.407145,0.558333,0.000348951,0.558333,-0.16498,0.558333,0.24435,0.558333,-0.0137723,0.558333,-0.00785148,0.558333,0.0176943,0.558333,All
0.22326,0.566667,0.108809,0.566667,0.30089,0.566667,-0.0516954,0.566667,0.415106,0.566667,0.161697,0.566667,-0.164295,0.566667,0.323336,0.566667,-0.00894096,0.566667,0.00760454,0.566667,0.0317396,0.566667,All
0.23696,0.575,0.134636,0.575,0.323757,0.575,-0.0185978,0.575,0.41584,0.575,0.18809,0.575,-0.14266,0.575,0.331887,0.575,0.0139146,0.575,0.0109358,0.575,0.042409,0.575,All
0.238142,0.583333,0.158477,0.583333,0.336494,0.583333,0.0866332,0.583333,0.441721,0.583333,0.190327,0.583333,-0.11983,0.583333,0.34195,0.583333,0.0149113,0.583333,0.0376137,0.583333,0.126617,0.583333,All
0.241524,0.591667,0.171063,0.591667,0.341855,0.591667,0.182641,0.591667,0.443925,0.591667,0.191009,0.591667,-0.0225319,0.591667,0.342149,0.591667,0.0164711,0.591667,0.0744552,0.591667,0.284359,0.591667,All
0.250654,0.6,0.187549,0.6,0.377484,0.6,0.323317,0.6,0.450525,0.6,0.191393,0.6,-0.0158683,0.6,0.356049,0.6,0.0382125,0.6,0.0943359,0.6,0.340241,0.6,All
0.274222,0.608333,0.223987,0.608333,0.395401,0.608333,0.369247,0.608333,0.456518,0.608333,0.207925,0.608333,-0.0122913,0.608333,0.356993,0.608333,0.0591479,0.608333,0.140653,0.608333,0.356507,0.608333,All
0.293488,0.616667,0.22559,0.616667,0.402253,0.616667,0.376422,0.616667,0.476615,0.616667,0.239407,0.616667,0.0264977,0.616667,0.380648,0.616667,0.0605742,0.616667,0.165626,0.616667,0.394041,0.616667,All
0.319538,0.625,0.268618,0.625,0.406673,0.625,0.415533,0.625,0.487529,0.625,0.305076,0.625,0.0466261,0.625,0.400196,0.625,0.0728084,0.625,0.19609,0.625,0.399161,0.625,All
0.389581,0.633333,0.301317,0.633333,0.411968,0.633333,0.468054,0.633333,0.530358,0.633333,0.338555,0.633333,0.0864492,0.633333,0.405649,0.633333,0.109287,0.633333,0.207875,0.633333,0.447988,0.633333,All
0.407198,0.641667,0.435373,0.641667,0.431669,0.641667,0.46883,0.641667,0.542516,0.641667,0.338874,0.641667,0.102318,0.641667,0.416629,0.641667,0.20106,0.641667,0.209388,0.641667,0.451448,0.641667,All
0.414549,0.65,0.477751,0.65,0.436056,0.65,0.477281,0.65,0.553704,0.65,0.401558,0.65,0.12353,0.65,0.429457,0.65,0.207399,0.65,0.211402,0.65,0.476801,0.65,All
0.4166,0.658333,0.483376,0.658333,0.449592,0.658333,0.49212,0.658333,0.563895,0.658333,0.428872,0.658333,0.148871,0.658333,0.438987,0.658333,0.259078,0.658333,0.258986,0.658333,0.480526,0.658333,All
0.424985,0.666667,0.49101,0.666667,0.453313,0.666667,0.504908,0.666667,0.575821,0.666667,0.489803,0.666667,0.155744,0.666667,0.44224,0.666667,0.287281,0.666667,0.26785,0.666667,0.486246,0.666667,All
0.46957,0.675,0.505506,0.675,0.475976,0.675,0.505159,0.675,0.578464,0.675,0.517336,0.675,0.171619,0.675,0.449559,0.675,0.290427,0.675,0.289212,0.675,0.514439,0.675,All
0.472561,0.683333,0.514078,0.683333,0.514683,0.683333,0.518344,0.683333,0.586384,0.683333,0.550019,0.683333,0.17232,0.683333,0.454526,0.683333,0.369605,0.683333,0.335289,0.683333,0.619339,0.683333,All
0.516534,0.691667,0.538051,0.691667,0.525814,0.691667,0.52465,0.691667,0.596593,0.691667,0.555937,0.691667,0.198889,0.691667,0.458857,0.691667,0.375202,0.691667,0.358231,0.691667,0.64879,0.691667,All
0.545546,0.7,0.560928,0.7,0.534483,0.7,0.545758,0.7,0.615817,0.7,0.563049,0.7,0.200486,0.7,0.460525,0.7,0.392262,0.7,0.381037,0.7,0.66429,0.7,All
0.548378,0.708333,0.605364,0.708333,0.538751,0.708333,0.550092,0.708333,0.62508,0.708333,0.574964,0.708333,0.23978,0.708333,0.498321,0.708333,0.402205,0.708333,0.394491,0.708333,0.692023,0.708333,All
0.552601,0.716667,0.62091,0.716667,0.550778,0.716667,0.555569,0.716667,0.628531,0.716667,0.61163,0.716667,0.255817,0.716667,0.514032,0.716667,0.41676,0.716667,0.39858,0.716667,0.709386,0.716667,All
0.553503,0.725,0.633263,0.725,0.590284,0.725,0.565743,0.725,0.628665,0.725,0.771581,0.725,0.321659,0.725,0.530652,0.725,0.44523,0.725,0.480143,0.725,0.73084,0.725,All
0.57152,0.733333,0.643662,0.733333,0.602436,0.733333,0.584181,0.733333,0.676161,0.733333,0.778577,0.733333,0.361627,0.733333,0.534703,0.733333,0.496172,0.733333,0.487103,0.733333,0.74874,0.733333,All
0.579947,0.741667,0.667419,0.741667,0.610248,0.741667,0.616864,0.741667,0.699561,0.741667,0.792244,0.741667,0.363273,0.741667,0.54331,0.741667,0.498446,0.741667,0.583686,0.741667,0.766065,0.741667,All
0.580103,0.75,0.70484,0.75,0.626534,0.75,0.646798,0.75,0.714398,0.75,0.794745,0.75,0.393214,0.75,0.54576,0.75,0.601045,0.75,0.72989,0.75,0.857687,0.75,All
0.608125,0.758333,0.730537,0.758333,0.640637,0.758333,0.65597,0.758333,0.731589,0.758333,0.857285,0.758333,0.428074,0.758333,0.577832,0.758333,0.628779,0.758333,0.739863,0.758333,0.862962,0.758333,All
0.625409,0.766667,0.761236,0.766667,0.640864,0.766667,0.715553,0.766667,0.755188,0.766667,0.888066,0.766667,0.432659,0.766667,0.586208,0.766667,0.696949,0.766667,0.745193,0.766667,0.890839,0.766667,All
0.628618,0.775,0.776664,0.775,0.661373,0.775,0.721833,0.775,0.769052,0.775,0.952304,0.775,0.474749,0.775,0.591146,0.775,0.708788,0.775,0.786082,0.775,0.898847,0.775,All
0.650725,0.783333,0.940501,0.783333,0.682673,0.783333,0.750453,0.783333,0.837615,0.783333,0.97159,0.783333,0.55039,0.783333,0.607151,0.783333,0.740798,0.783333,0.787918,0.783333,0.910133,0.783333,All
0.679744,0.791667,0.971851,0.791667,0.687412,0.791667,0.751394,0.791667,0.856978,0.791667,0.981811,0.791667,0.561918,0.791667,0.623308,0.791667,0.748421,0.791667,0.85364,0.791667,0.945704,0.791667,All
0.726142,0.8,0.976211,0.8,0.703986,0.8,0.758756,0.8,0.867697,0.8,0.985566,0.8,0.5906,0.8,0.637005,0.8,0.798418,0.8,0.985548,0.8,0.95733,0.8,All
0.731567,0.808333,0.97663,0.808333,0.713833,0.808333,0.767865,0.808333,0.877408,0.808333,1.06282,0.808333,0.72444,0.808333,0.646667,0.808333,0.802438,0.808333,1.0334,0.808333,0.960803,0.808333,All
0.747404,0.816667,1.11857,0.816667,0.738205,0.816667,0.804223,0.816667,0.878181,0.816667,1.23536,0.816667,1.07203,0.816667,0.647514,0.816667,0.847578,0.816667,1.0836,0.816667,1.0047,0.816667,All
0.758054,0.825,1.17607,0.825,0.783209,0.825,0.809236,0.825,0.878478,0.825,1.31962,0.825,1.19677,0.825,0.669509,0.825,1.09557,0.825,1.10328,0.825,1.01844,0.825,All
0.798789,0.833333,1.18071,0.833333,0.799324,0.833333,0.818188,0.833333,0.899518,0.833333,1.34788,0.833333,1.24507,0.833333,0.690931,0.833333,1.31474,0.833333,1.15284,0.833333,1.03101,0.833333,All
0.806313,0.841667,1.19342,0.841667,0.844265,0.841667,0.834254,0.841667,0.916694,0.841667,1.35191,0.841667,1.41704,0.841667,0.748172,0.841667,1.48499,0.841667,1.21144,0.841667,1.04457,0.841667,All
0.807843,0.85,1.2328,0.85,0.867296,0.85,0.835234,0.85,0.917036,0.85,1.35469,0.85,1.46863,0.85,0.765182,0.85,1.53912,0.85,1.22089,0.85,1.05573,0.85,All
0.808964,0.858333,1.23334,0.858333,0.894193,0.858333,0.844502,0.858333,0.926942,0.858333,1.39239,0.858333,1.48157,0.858333,0.771239,0.858333,1.55714,0.858333,1.25428,0.858333,1.06485,0.858333,All
0.822384,0.866667,1.25738,0.866667,0.897803,0.866667,0.8525,0.866667,0.92946,0.866667,1.4154,0.866667,1.52742,0.866667,0.787521,0.866667,1.63694,0.866667,1.26155,0.866667,1.08156,0.866667,All
0.871566,0.875,1.28677,0.875,0.96264,0.875,0.853813,0.875,0.957036,0.875,1.42214,0.875,1.59289,0.875,0.82428,0.875,1.63756,0.875,1.32756,0.875,1.09247,0.875,All
0.910214,0.883333,1.29276,0.883333,1.0679,0.883333,0.924503,0.883333,0.977099,0.883333,1.44068,0.883333,1.64887,0.883333,0.824748,0.883333,1.6732,0.883333,1.34917,0.883333,1.09663,0.883333,All
0.961632,0.891667,1.29916,0.891667,1.06791,0.891667,0.93341,0.891667,0.986296,0.891667,1.45192,0.891667,1.73254,0.891667,0.825006,0.891667,1.68029,0.891667,1.34962,0.891667,1.12886,0.891667,All
1.02749,0.9,1.30939,0.9,1.10992,0.9,0.993313,0.9,0.987161,0.9,1.4584,0.9,1.77263,0.9,0.851838,0.9,1.70321,0.9,1.38739,0.9,1.13051,0.9,All
1.12372,0.908333,1.36132,0.908333,1.11448,0.908333,1.09019,0.908333,1.00673,0.908333,1.48713,0.908333,1.89806,0.908333,0.861714,0.908333,1.70505,0.908333,1.43985,0.908333,1.27027,0.908333,All
1.20283,0.916667,1.41181,0.916667,1.11463,0.916667,1.13459,0.916667,1.03613,0.916667,1.49848,0.916667,1.94441,0.916667,0.968823,0.916667,1.71513,0.916667,1.45064,0.916667,1.38766,0.916667,All
1.6625,0.925,1.48131,0.925,1.13028,0.925,1.56399,0.925,1.04619,0.925,1.51124,0.925,1.96529,0.925,1.2634,0.925,1.73611,0.925,1.48309,0.925,1.40542,0.925,All
1.95136,0.933333,1.586,0.933333,1.13953,0.933333,1.58037,0.933333,1.05903,0.933333,1.51167,0.933333,2.04399,0.933333,1.45402,0.933333,1.75811,0.933333,1.52436,0.933333,1.43508,0.933333,All
1.98323,0.941667,1.62311,0.941667,1.24372,0.941667,1.65648,0.941667,1.08492,0.941667,1.52918,0.941667,2.08077,0.941667,1.51453,0.941667,1.78606,0.941667,1.59949,0.941667,1.4579,0.941667,All
2.08439,0.95,1.64981,0.95,1.29581,0.95,1.6661,0.95,1.10579,0.95,1.5388,0.95,2.10705,0.95,1.6865,0.95,1.7881,0.95,1.61705,0.95,1.46619,0.95,All
2.19843,0.958333,1.82001,0.958333,1.30175,0.958333,1.68396,0.958333,1.12866,0.958333,1.54369,0.958333,2.12168,0.958333,1.87032,0.958333,1.90232,0.958333,1.61985,0.958333,1.49742,0.958333,All
2.30113,0.966667,1.89079,0.966667,1.3326,0.966667,1.68534,0.966667,1.15502,0.966667,1.58475,0.966667,2.19278,0.966667,2.01834,0.966667,1.9174,0.966667,1.63132,0.966667,1.50435,0.966667,All
2.31489,0.975,2.02485,0.975,1.35602,0.975,1.702,0.975,1.23519,0.975,1.61739,0.975,2.24518,0.975,2.09435,0.975,2.01707,0.975,1.65649,0.975,1.51585,0.975,All
2.42276,0.983333,2.14406,0.983333,1.41577,0.983333,1.79227,0.983333,1.24421,0.983333,1.62098,0.983333,2.3081,0.983333,2.11074,0.983333,2.0423,0.983333,1.74092,0.983333,1.76239,0.983333,All
2.4279,0.991667,2.16463,0.991667,1.5523,0.991667,1.80707,0.991667,1.26131,0.991667,1.7644,0.991667,2.3407,0.991667,2.23654,0.991667,2.22037,0.991667,2.08319,0.991667,1.99787,0.991667,All
2.50832,1,2.28977,1,1.57623,1,1.8284,1,1.28931,1,1.90984,1,2.53309,1,2.31608,1,2.50273,1,2.18487,1,2.11193,1,All
4,1,4,1,4,1,4,1,4,1,4,1,4,1,4,1,4,1,4,1,4,1,All
