rep,ID,standEta_beta_exp_simulated,standEta_delta0_simulated,standEta_p_simulated,standEta_td_simulated,standEta_b_exp_simulated,standEta_h_0_simulated,standEta_tc_simulated,standEta_sigma_simulated,standEta_rho_exp_simulated,standEta_q_exp_simulated,standEta_ifn0_simulated,filter
1,7,-0.317665,0.187549,-0.766546,0.93341,-0.41359,0.794745,1.07203,0.514032,0.392262,0.0943359,-0.0763289,0
2,7,-0.778489,-0.0604212,-0.37329,0.835234,-0.28315,0.563049,0.432659,-0.0085062,0.287281,0.0376137,1.13051,0
3,7,-1.00504,-0.784792,-0.286451,1.09019,0.0309451,0.190327,-0.256566,-0.04205,-0.623077,-0.62194,0.910133,0
4,7,-0.179336,0.940501,-0.656579,0.834254,-0.984279,1.4584,1.48157,0.577832,1.09557,1.15284,0.480526,0
5,7,-0.362919,-0.000739392,-0.938338,0.993313,-0.519568,0.97159,0.474749,-0.35533,-0.197086,-0.197512,0.709386,0
6,7,-0.266828,0.0556929,-0.847172,0.616864,-0.640512,0.981811,0.55039,-0.625676,0.259078,-0.0586237,1.08156,0
7,7,-0.159116,-0.19843,-0.717586,0.804223,-0.616026,0.857285,0.23978,-0.730356,-0.411452,-0.661671,0.692023,0
8,7,-0.669959,-0.701169,-0.626814,1.13459,-0.147457,0.338555,-0.0158683,-0.204856,-0.747284,-0.980918,1.05573,0
9,7,0.0831594,0.70484,-0.594732,0.369247,-1.1837,1.48713,1.19677,0.34195,1.31474,0.19609,-0.382435,0
10,7,0.0634137,-0.00802974,-1.18447,0.49212,-0.98283,1.39239,0.12353,-0.980055,0.369605,-0.139512,1.50435,0
1,8,-1.06976,-1.41479,0.703986,0.504908,0.899518,-0.937206,-1.25965,-0.307205,-1.46363,-1.10629,0.74874,0
2,8,-0.732978,-1.15171,0.534483,0.46883,0.699561,-0.647709,-1.26002,-0.236218,-0.735886,-1.26882,1.12886,0
3,8,-1.44469,-1.54688,1.3326,-0.119082,1.05903,-1.59268,-0.881489,0.107475,-1.51308,-0.985894,1.76239,0
4,8,-0.619351,-1.13416,0.30089,0.505159,0.917036,-1.16521,-1.21774,-0.481745,-1.41643,-1.47782,0.960803,0
5,8,-0.413656,-1.16688,0.153181,0.584181,0.596593,-0.604606,-1.46817,-0.557578,-0.834132,-1.86114,0.862962,0
6,8,-0.790425,-1.34973,0.0702926,-0.0560625,0.867697,-0.984749,-1.14122,-0.374933,-1.22988,-0.510888,0.486246,0
7,8,-0.00958818,-0.748928,-0.0395999,0.767865,0.628665,-0.567532,-0.634691,-0.623048,-1.2743,-0.865346,0.284359,0
8,8,-1.04138,-1.43114,0.0564735,0.555569,1.28931,-1.52305,-0.792862,-0.0366735,-1.16506,-0.798538,1.51585,0
9,8,-0.826368,-1.50065,0.260171,0.468054,0.878181,-0.821784,-1.25992,-0.210853,-1.24977,-0.419558,0.66429,0
10,8,-0.63432,-1.20013,0.738205,0.565743,0.877408,-1.14642,-0.878512,-0.0539501,-1.05461,-0.907096,1.43508,0
1,9,0.274222,-0.326173,-0.324843,-0.110888,0.443925,-0.70076,-1.00157,-1.23484,-0.953449,-0.298647,-0.479009,0
2,9,0.10138,0.108809,-0.498504,-0.174719,0.386057,-0.326545,-0.18958,-0.565499,-0.384122,0.72989,-1.11016,0
3,9,0.0278049,-0.512,0.164202,-0.448743,0.615817,-0.895408,-0.748465,-0.0557093,-0.00894096,-0.636647,-0.428404,0
4,9,0.123608,-0.557395,-0.105653,-0.130314,0.586384,-0.851022,-0.636298,-0.479847,-0.840029,-0.282772,-0.306257,0
5,9,0.747404,0.633263,0.402253,-0.46478,-0.556393,0.428872,0.428074,0.824748,0.847578,-0.19659,-0.823021,0
6,9,0.293488,-0.397796,-0.328879,-0.295101,0.374499,-0.687413,-0.554967,-0.669626,-0.483122,-0.038121,-0.439744,0
7,9,0.871566,0.730537,0.436056,-0.412379,-0.664907,0.401558,0.72444,0.356049,0.402205,0.381037,-0.78426,0
8,9,-0.197259,0.0457946,0.475976,-0.461281,0.334579,-0.702972,-0.374593,-0.159916,0.0728084,-0.444828,-0.512468,0
9,9,0.545546,-0.342166,-0.776941,-0.332283,0.385596,-0.557133,-0.520403,-0.662141,-0.57244,0.209388,-0.606746,0
10,9,0.57152,0.483376,0.0902039,-0.348201,-0.0732005,-0.237131,0.561918,0.458857,0.20106,1.22089,-0.038217,0
1,10,0.579947,1.29276,1.29581,-0.698205,0.553704,-0.776889,0.148871,0.82428,0.798418,0.985548,-1.99553,0
2,10,0.758054,1.28677,1.06791,-0.707441,0.0216808,0.18809,0.0264977,0.534703,0.628779,0.85364,-0.82774,0
3,10,0.679744,0.976211,0.411968,-0.72764,0.350899,-0.18743,0.17232,0.647514,0.748421,1.25428,-2.20411,0
4,10,0.553503,0.971851,0.323757,-0.754053,0.123056,-0.00694139,0.200486,0.429457,0.708788,1.65649,-1.92873,0
5,10,0.806313,1.17607,1.0679,-0.676249,0.28506,-0.398246,0.102318,0.771239,0.740798,1.0334,-1.97251,0
6,10,0.472561,0.776664,0.550778,-0.812461,0.563895,-0.571604,0.255817,0.765182,0.498446,0.480143,-1.60951,0
7,10,0.0566299,0.435373,0.682673,-0.802274,0.390338,-0.346172,0.0466261,0.498321,0.375202,0.394491,-1.28542,0
8,10,0.548378,0.514078,0.844265,-0.789116,0.0259145,-0.00384336,0.198889,0.586208,0.601045,0.787918,-0.825834,0
9,10,0.4166,0.97663,1.10992,-0.811659,0.169513,-0.375198,0.361627,0.861714,0.802438,0.739863,-1.31554,0
10,10,0.808964,0.538051,0.538751,-0.90428,0.0139541,0.000348951,-0.164295,0.342149,0.696949,0.39858,-1.31236,0
1,11,-1.44302,-1.50727,0.783209,-0.214406,1.10579,-1.21176,-0.951575,0.449559,-1.02291,-0.865049,1.27027,0
2,11,-1.45173,-1.31037,1.11463,-0.151854,1.24421,-1.55493,-0.552766,0.851838,-0.80481,-1.47309,1.06485,0
3,11,-1.00198,-1.30097,0.525814,-0.0986474,1.15502,-1.42203,-0.696392,0.438987,-1.10372,-1.25872,0.451448,0
4,11,-1.15086,-1.27068,0.640637,-0.316345,1.26131,-1.79056,-0.557155,0.690931,-1.30578,-1.49588,1.99787,0
5,11,-0.871752,-0.746804,0.514683,-0.238606,0.957036,-1.18709,-0.450783,0.454526,-0.571064,-0.313394,0.0176943,0
6,11,-1.39848,-1.31688,1.57623,-0.188178,1.08492,-1.4143,-0.62633,0.748172,-0.804399,-0.680092,0.73084,0
7,11,-1.15214,-0.540906,0.453313,-0.140664,1.03613,-1.0393,-0.468286,0.380648,-0.583949,-0.244267,0.126617,0
8,11,-0.882468,-1.26618,0.96264,-0.302814,0.987161,-1.40399,-0.853353,0.416629,-1.1545,-0.325154,0.476801,0
9,11,-1.36634,-1.12323,1.41577,-0.324629,1.12866,-1.55314,-0.71753,0.54331,-0.926668,-0.541893,1.46619,0
10,11,-1.15883,-0.998509,1.11448,-0.277436,0.926942,-1.25632,-0.593698,0.530652,-0.786613,-1.39878,1.4579,0
1,12,0.250654,0.62091,-2.90101,1.56399,0.263314,0.61163,-0.961428,-2.42993,0.0139146,-0.648837,-1.32918,0
2,12,0.46957,0.505506,-2.77258,1.58037,0.113483,0.555937,-0.636158,-1.91109,0.290427,0.358231,-1.34281,0
3,12,0.580103,0.22559,-2.97084,1.68396,0.542516,-0.0348811,-0.883187,-2.39212,-0.575009,0.00760454,-0.715026,0
4,12,0.135697,0.49101,-1.97723,1.79227,0.487529,0.191393,-0.740354,-1.60037,-0.517253,-0.110017,-0.391395,0
5,12,0.163836,0.301317,-2.04731,1.8284,0.628531,-0.212037,-0.392548,-1.22891,-0.625374,0.26785,-0.871307,0
6,12,0.22326,0.761236,-2.57496,1.65648,0.450525,0.239407,-0.351412,-2.0468,-0.170151,-0.00785148,-1.11029,0
7,12,0.134908,0.560928,-2.12954,1.68534,0.407145,0.191009,-0.11983,-1.30768,-0.178826,0.335289,-0.750462,0
8,12,-0.00518768,0.605364,-2.50354,1.702,0.41584,0.489803,-0.810565,-1.87013,-0.0420982,0.207875,-0.68973,0
9,12,0.238142,0.0560348,-2.42885,1.6661,0.575821,-0.116661,-0.771046,-1.87566,-0.764688,-0.0195098,-1.4089,0
10,12,-0.446684,0.667419,-1.09892,1.80707,0.714398,-0.11664,0.0864492,-0.400294,-0.0627592,0.289212,-0.981897,0
1,13,2.42276,1.23334,0.0895516,-2.3483,-2.23341,1.4154,1.64887,0.460525,1.6732,1.45064,-1.9745,0
2,13,2.31489,1.19342,-0.0608308,-2.61092,-2.20852,1.51124,1.89806,0.646667,1.63694,1.48309,-1.2852,0
3,13,1.6625,1.25738,-0.0986921,-1.89144,-1.75892,1.35191,1.24507,0.323336,1.71513,1.38739,-1.34341,0
4,13,2.30113,1.36132,-0.633711,-1.81775,-1.93555,1.49848,1.46863,0.0557371,1.68029,1.34962,-1.06383,0
5,13,2.4279,1.64981,-0.625556,-2.49776,-1.98778,1.54369,1.94441,0.405649,1.70505,2.18487,-0.857897,0
6,13,2.08439,1.30939,0.0107682,-1.86508,-2.13807,1.58475,1.96529,0.591146,1.70321,1.61705,-0.985199,0
7,13,1.98323,1.29916,0.336494,-1.81951,-2.16961,1.5388,1.52742,0.44224,1.55714,1.21144,-1.41627,0
8,13,1.95136,1.11857,-0.255793,-2.4387,-1.98909,1.51167,1.59289,0.331887,1.48499,1.10328,-2.1315,0
9,13,2.19843,1.41181,-0.677024,-1.79007,-1.94989,1.62098,1.41704,-0.0264527,1.9174,1.61985,-2.08223,0
10,13,2.50832,1.18071,-0.364275,-2.43979,-2.14172,1.45192,2.08077,0.787521,1.73611,0.745193,-0.5002,0
1,14,0.608125,-0.209228,-0.464876,-0.444611,0.476615,-0.465551,-0.588881,-0.279402,-0.399073,0.0744552,-0.264254,0
2,14,-0.429614,0.171063,0.626534,-0.297999,0.769052,-0.596518,-0.368501,0.147976,-0.12465,-0.373805,-0.45203,0
3,14,0.102685,0.268618,0.0943323,-0.361014,0.456518,-0.299762,-0.372318,-0.349365,-0.284828,-0.0203057,-0.0867595,0
4,14,-0.0686026,-0.534264,0.713833,-0.151311,0.676161,-0.821154,-1.21694,0.0295208,-0.188237,-0.517192,-0.355839,0
5,14,0.217536,0.0352142,0.250424,-0.405624,0.211966,-0.159119,-0.591813,-0.303308,0.0149113,-0.847858,-0.0267159,0
6,14,-0.714736,0.031339,0.687412,-0.161837,0.977099,-0.908294,-0.364992,0.400196,-0.117612,-0.84111,-0.378546,0
7,14,0.319538,0.134636,0.229268,-0.260006,0.578464,-0.754825,-0.356416,-0.170262,-0.470334,0.487103,-0.0755948,0
8,14,0.424985,-0.00833118,0.640864,-0.202602,0.530358,-0.761211,-0.721477,-0.379889,-0.586761,-0.234118,-0.594815,0
9,14,0.23696,-0.476025,0.377484,-0.514515,0.62508,-0.796038,-0.963071,0.173357,0.0591479,-1.14645,-0.172673,0
10,14,-0.214047,-0.0206515,1.24372,-0.197356,0.237909,-0.185534,-0.492588,0.22414,-0.0296692,0.258986,-0.250887,0
1,15,0.389581,1.62311,0.341855,0.376422,-1.01646,1.23536,2.3081,2.31608,1.63756,1.34917,-0.600294,0
2,15,0.407198,1.82001,0.0783901,0.323317,-1.04836,1.34788,1.73254,1.51453,1.78606,1.63132,-0.801019,0
3,15,0.807843,2.16463,0.431669,-0.52335,-1.77712,1.90984,2.53309,2.23654,2.50273,2.08319,-0.911142,0
4,15,0.798789,2.14406,0.123476,-0.185047,-1.20869,1.35469,2.19278,2.09435,2.01707,1.43985,-1.71559,0
5,15,0.414549,2.28977,0.158483,-0.188568,-1.21299,1.61739,2.24518,1.45402,2.0423,1.74092,-1.57565,0
6,15,0.625409,1.48131,0.661373,-0.362949,-1.56601,1.44068,2.3407,2.11074,1.75811,1.52436,-0.30136,0
7,15,0.650725,1.2328,-0.27577,-0.191278,-1.26901,1.42214,1.77263,1.87032,1.7881,1.26155,-0.650539,0
8,15,1.12372,2.02485,-0.00277389,-0.990208,-1.73444,1.7644,2.04399,1.2634,2.22037,1.0836,-1.62564,0
9,15,0.726142,1.89079,0.610248,-0.212208,-1.55001,1.52918,2.12168,1.6865,1.90232,1.32756,-0.763306,0
10,15,0.241524,1.586,0.395401,-0.0607095,-1.1502,1.31962,2.10705,2.01834,1.53912,1.59949,-1.01064,0
1,16,1.20283,-0.535916,-1.20469,-0.320252,-1.24845,1.06282,0.5906,-0.882215,0.44523,0.211402,0.619339,0
2,16,0.822384,-0.900334,-1.52397,-0.26672,-0.487419,0.338874,-0.340209,-1.89906,-0.580311,-0.84059,-0.343048,0
3,16,0.189004,-1.23966,-0.663335,-0.0516954,-0.361615,0.207925,-0.569247,-1.17433,-0.413573,-1.07826,1.38766,0
4,16,0.516534,-1.05387,-0.753123,0.0866332,-0.115502,-0.278852,-0.212839,-1.28717,-0.779836,-0.343436,1.40542,0
5,16,0.552601,-1.01002,-0.917135,-0.891735,-0.740926,0.517336,0.363273,-0.742021,-0.501125,-0.813602,0.356507,0
6,16,0.961632,-0.671417,-1.3432,-1.14828,-1.01805,0.888066,0.393214,-1.69526,0.109287,-0.170884,1.03101,0
7,16,0.910214,-1.05044,-1.54144,-0.0185978,-0.654517,0.550019,-0.886698,-2.27222,-0.808726,-0.482854,0.890839,0
8,16,1.02749,-0.924059,-1.30542,-0.776978,-0.941737,0.778577,-0.860489,-2.19597,-1.07386,-1.53099,2.11193,0
9,16,0.731567,-1.20132,-1.26911,-0.611826,-0.7157,0.574964,-1.16459,-2.07812,-0.864679,-1.12664,0.945704,0
10,16,0.628618,-0.806847,-1.51933,-0.601073,-0.894395,0.952304,-0.304766,-2.26035,0.0164711,-0.237119,0.64879,0
1,17,-0.740255,-0.0629592,0.799324,0.52465,-0.204123,0.305076,0.155744,0.54576,0.496172,-1.01363,0.898847,0
2,17,-0.48707,-0.382933,-0.441417,0.844502,0.395243,-0.182721,-0.330175,-0.271815,-0.0918105,-0.218212,0.766065,0
3,17,-1.10227,-1.28473,0.174546,0.853813,0.755188,-0.5029,-1.06116,-0.0472472,-0.717447,-0.933032,1.09663,0
4,17,0.175625,-0.0492127,-0.816105,0.182641,-0.705139,0.985566,-0.261681,-1.05087,0.207399,-0.841778,0.447988,0
5,17,-0.519491,0.0323511,-0.634085,0.751394,0.282318,0.161697,0.171619,-0.159304,-0.149717,-0.50228,-0.1718,0
6,17,-0.546604,-0.164282,0.0742086,0.758756,0.415106,-0.222828,-0.16498,0.0327397,-0.277647,-0.445273,1.49742,0
7,17,-0.375514,0.223987,0.449592,0.65597,-0.594139,0.771581,0.321659,0.00531007,0.0382125,0.583686,1.09247,0
8,17,-1.20957,-0.847762,0.590284,0.924503,0.731589,-0.456051,-1.06546,-0.340076,-0.849741,-1.10934,1.0047,0
9,17,-0.032713,-0.214111,-0.321966,0.477281,-0.506647,0.792244,-0.186964,-0.422829,-0.0137723,-0.774676,1.01844,0
10,17,-0.549582,-0.364603,-0.0362753,0.8525,0.441721,-0.304429,-0.468796,-0.601168,-0.715032,-0.565344,1.04457,0
1,18,-1.32065,-0.497033,1.35602,0.809236,1.00673,-1.11832,-0.519082,0.825006,-0.562154,0.0109358,0.042409,0
2,18,-1.50494,-0.34966,0.897803,0.646798,0.878478,-0.631918,-0.605717,0.356993,-0.385197,-0.503219,0.340241,0
3,18,-1.57282,0.00766004,1.5523,0.550092,0.916694,-0.982731,-0.232278,0.968823,-0.163855,-0.670284,0.394041,0
4,18,-1.26779,-1.26755,1.13953,0.750453,1.23519,-1.35355,-1.18608,0.637005,-0.980117,-1.04473,0.514439,0
5,18,-0.745733,0.477751,0.602436,0.818188,0.986296,-0.983609,-0.0225319,0.623308,-0.381799,0.140653,-0.816227,0
6,18,-1.48182,-0.682966,0.406673,0.415533,0.837615,-0.502024,-1.01697,0.0245194,-0.703289,-0.569771,0.95733,0
7,18,-0.579543,0.643662,1.30175,0.721833,0.391986,-0.247438,-0.0122913,0.669509,0.41676,0.786082,-0.75738,0
8,18,-1.30941,-1.04395,1.13028,0.715553,1.04619,-1.05342,-1.30363,0.235385,-1.05016,-0.612209,0.399161,0
9,18,-1.05792,-0.565491,0.867296,0.518344,0.92946,-0.949084,-0.68115,0.24435,-0.757654,-0.961987,0.857687,0
10,18,-0.859303,0.158477,0.894193,0.545758,0.856978,-0.827029,-0.14266,0.607151,0.0605742,0.165626,0.0317396,0
