pwRes_abscissa,pwRes_cdf,iwRes_abscissa,iwRes_cdf,npde_abscissa,npde_cdf,split
-4,0,-4,0,-4,0,All
-2.21503,0.00520833,-3.19787,0.000520833,-2.1747,0.00520833,All
-1.9486,0.0104167,-3.18812,0.00104167,-1.92069,0.0104167,All
-1.74294,0.015625,-3.13673,0.0015625,-1.89659,0.015625,All
-1.73681,0.0208333,-3.02362,0.00208333,-1.81763,0.0208333,All
-1.71687,0.0260417,-3.01185,0.00260417,-1.55775,0.0260417,All
-1.5631,0.03125,-2.97888,0.003125,-1.54839,0.03125,All
-1.42821,0.0364583,-2.97164,0.00364583,-1.52711,0.0364583,All
-1.41864,0.0416667,-2.87055,0.00416667,-1.46114,0.0416667,All
-1.31394,0.046875,-2.86153,0.0046875,-1.38482,0.046875,All
-1.29625,0.0520833,-2.83971,0.00520833,-1.37708,0.0520833,All
-1.27243,0.0572917,-2.81585,0.00572917,-1.37593,0.0572917,All
-1.23326,0.0625,-2.80294,0.00625,-1.35371,0.0625,All
-1.19969,0.0677083,-2.79181,0.00677083,-1.2947,0.0677083,All
-1.19462,0.0729167,-2.79083,0.00729167,-1.28608,0.0729167,All
-1.17674,0.078125,-2.7321,0.0078125,-1.24491,0.078125,All
-1.16283,0.0833333,-2.71034,0.00833333,-1.23594,0.0833333,All
-1.13041,0.0885417,-2.60736,0.00885417,-1.2287,0.0885417,All
-1.1161,0.09375,-2.54664,0.009375,-1.22382,0.09375,All
-1.09546,0.0989583,-2.5429,0.00989583,-1.19954,0.0989583,All
-1.09493,0.104167,-2.5384,0.0104167,-1.14984,0.104167,All
-1.07121,0.109375,-2.52641,0.0109375,-1.14941,0.109375,All
-1.06199,0.114583,-2.48597,0.0114583,-1.13494,0.114583,All
-1.06131,0.119792,-2.47592,0.0119792,-1.12674,0.119792,All
-1.06027,0.125,-2.46178,0.0125,-1.11973,0.125,All
-1.03453,0.130208,-2.45333,0.0130208,-1.07529,0.130208,All
-1.03452,0.135417,-2.45035,0.0135417,-1.07313,0.135417,All
-1.0193,0.140625,-2.39902,0.0140625,-1.07116,0.140625,All
-1.00574,0.145833,-2.38538,0.0145833,-1.06823,0.145833,All
-0.995876,0.151042,-2.38384,0.0151042,-1.0393,0.151042,All
-0.990191,0.15625,-2.34637,0.015625,-1.01458,0.15625,All
-0.976784,0.161458,-2.33364,0.0161458,-1.00819,0.161458,All
-0.941194,0.166667,-2.30984,0.0166667,-0.994184,0.166667,All
-0.939064,0.171875,-2.30307,0.0171875,-0.983062,0.171875,All
-0.93125,0.177083,-2.30077,0.0177083,-0.98014,0.177083,All
-0.894034,0.182292,-2.29124,0.0182292,-0.970169,0.182292,All
-0.879475,0.1875,-2.2771,0.01875,-0.955983,0.1875,All
-0.870336,0.192708,-2.23721,0.0192708,-0.949295,0.192708,All
-0.849372,0.197917,-2.22645,0.0197917,-0.922291,0.197917,All
-0.820126,0.203125,-2.22428,0.0203125,-0.919194,0.203125,All
-0.814703,0.208333,-2.21395,0.0208333,-0.918466,0.208333,All
-0.808021,0.213542,-2.21297,0.0213542,-0.906912,0.213542,All
-0.807046,0.21875,-2.20315,0.021875,-0.893273,0.21875,All
-0.793915,0.223958,-2.18913,0.0223958,-0.859767,0.223958,All
-0.760233,0.229167,-2.1724,0.0229167,-0.856202,0.229167,All
-0.728854,0.234375,-2.13125,0.0234375,-0.847701,0.234375,All
-0.697553,0.239583,-2.11775,0.0239583,-0.838513,0.239583,All
-0.683817,0.244792,-2.09427,0.0244792,-0.804091,0.244792,All
-0.682019,0.25,-2.08212,0.025,-0.766281,0.25,All
-0.67385,0.255208,-2.07891,0.0255208,-0.716997,0.255208,All
-0.656068,0.260417,-2.07731,0.0260417,-0.707503,0.260417,All
-0.641404,0.265625,-2.07126,0.0265625,-0.668111,0.265625,All
-0.618959,0.270833,-2.06712,0.0270833,-0.662448,0.270833,All
-0.618492,0.276042,-2.06468,0.0276042,-0.611893,0.276042,All
-0.571029,0.28125,-2.0416,0.028125,-0.603656,0.28125,All
-0.554686,0.286458,-2.04055,0.0286458,-0.58073,0.286458,All
-0.537288,0.291667,-2.03757,0.0291667,-0.569824,0.291667,All
-0.513692,0.296875,-2.03173,0.0296875,-0.563166,0.296875,All
-0.507395,0.302083,-2.02893,0.0302083,-0.544029,0.302083,All
-0.493869,0.307292,-2.02252,0.0307292,-0.526375,0.307292,All
-0.493053,0.3125,-2.01378,0.03125,-0.52587,0.3125,All
-0.448737,0.317708,-2.01091,0.0317708,-0.522211,0.317708,All
-0.446163,0.322917,-2.00811,0.0322917,-0.509752,0.322917,All
-0.398882,0.328125,-1.99782,0.0328125,-0.42863,0.328125,All
-0.346255,0.333333,-1.99596,0.0333333,-0.363735,0.333333,All
-0.313876,0.338542,-1.95632,0.0338542,-0.357874,0.338542,All
-0.296574,0.34375,-1.94374,0.034375,-0.348451,0.34375,All
-0.278421,0.348958,-1.92368,0.0348958,-0.340205,0.348958,All
-0.276253,0.354167,-1.91571,0.0354167,-0.33633,0.354167,All
-0.248082,0.359375,-1.91119,0.0359375,-0.318336,0.359375,All
-0.238975,0.364583,-1.90008,0.0364583,-0.303413,0.364583,All
-0.238148,0.369792,-1.8928,0.0369792,-0.299641,0.369792,All
-0.235354,0.375,-1.87197,0.0375,-0.286863,0.375,All
-0.234555,0.380208,-1.86979,0.0380208,-0.28134,0.380208,All
-0.228519,0.385417,-1.86822,0.0385417,-0.278021,0.385417,All
-0.22586,0.390625,-1.85987,0.0390625,-0.245989,0.390625,All
-0.200365,0.395833,-1.85955,0.0395833,-0.204459,0.395833,All
-0.156442,0.401042,-1.85469,0.0401042,-0.187748,0.401042,All
-0.154876,0.40625,-1.84879,0.040625,-0.185424,0.40625,All
-0.150568,0.411458,-1.84727,0.0411458,-0.167298,0.411458,All
-0.134999,0.416667,-1.8447,0.0416667,-0.151755,0.416667,All
-0.132809,0.421875,-1.83802,0.0421875,-0.148753,0.421875,All
-0.126517,0.427083,-1.83602,0.0427083,-0.139553,0.427083,All
-0.123324,0.432292,-1.83553,0.0432292,-0.136097,0.432292,All
-0.122563,0.4375,-1.83484,0.04375,-0.132599,0.4375,All
-0.0923656,0.442708,-1.83433,0.0442708,-0.13219,0.442708,All
-0.0803669,0.447917,-1.82423,0.0447917,-0.124224,0.447917,All
-0.0529946,0.453125,-1.82233,0.0453125,-0.123023,0.453125,All
-0.0525795,0.458333,-1.82039,0.0458333,-0.110868,0.458333,All
-0.0284797,0.463542,-1.7961,0.0463542,-0.0832525,0.463542,All
-0.0203941,0.46875,-1.79563,0.046875,-0.081815,0.46875,All
-0.0190502,0.473958,-1.78492,0.0473958,-0.0497645,0.473958,All
-0.0151336,0.479167,-1.78366,0.0479167,-0.0463055,0.479167,All
0.0174996,0.484375,-1.78027,0.0484375,-0.0462201,0.484375,All
0.0182211,0.489583,-1.77987,0.0489583,-0.0333633,0.489583,All
0.0195393,0.494792,-1.77857,0.0494792,0.0116601,0.494792,All
0.0351793,0.5,-1.77587,0.05,0.0522116,0.5,All
0.0358555,0.505208,-1.74737,0.0505208,0.0650585,0.505208,All
0.0425538,0.510417,-1.74086,0.0510417,0.0685182,0.510417,All
0.0452033,0.515625,-1.73392,0.0515625,0.0842774,0.515625,All
0.0691806,0.520833,-1.71714,0.0520833,0.091496,0.520833,All
0.0703645,0.526042,-1.70665,0.0526042,0.0959298,0.526042,All
0.0729927,0.53125,-1.70345,0.053125,0.109045,0.53125,All
0.0798714,0.536458,-1.69412,0.0536458,0.112205,0.536458,All
0.118673,0.541667,-1.69156,0.0541667,0.119496,0.541667,All
0.120297,0.546875,-1.68214,0.0546875,0.129087,0.546875,All
0.124028,0.552083,-1.68113,0.0552083,0.129581,0.552083,All
0.126821,0.557292,-1.68011,0.0557292,0.150627,0.557292,All
0.138521,0.5625,-1.669,0.05625,0.15228,0.5625,All
0.147148,0.567708,-1.66792,0.0567708,0.154499,0.567708,All
0.162752,0.572917,-1.66417,0.0572917,0.158864,0.572917,All
0.167859,0.578125,-1.65107,0.0578125,0.164566,0.578125,All
0.171921,0.583333,-1.64014,0.0583333,0.17798,0.583333,All
0.186873,0.588542,-1.62983,0.0588542,0.183237,0.588542,All
0.19481,0.59375,-1.62091,0.059375,0.20079,0.59375,All
0.200827,0.598958,-1.61716,0.0598958,0.20154,0.598958,All
0.213244,0.604167,-1.61438,0.0604167,0.204184,0.604167,All
0.220751,0.609375,-1.61096,0.0609375,0.204822,0.609375,All
0.249894,0.614583,-1.60908,0.0614583,0.206705,0.614583,All
0.252057,0.619792,-1.60503,0.0619792,0.207975,0.619792,All
0.252697,0.625,-1.60434,0.0625,0.211145,0.625,All
0.257718,0.630208,-1.60342,0.0630208,0.214602,0.630208,All
0.26548,0.635417,-1.60029,0.0635417,0.216338,0.635417,All
0.266565,0.640625,-1.59948,0.0640625,0.262123,0.640625,All
0.276127,0.645833,-1.59819,0.0645833,0.267799,0.645833,All
0.276131,0.651042,-1.59367,0.0651042,0.26987,0.651042,All
0.278038,0.65625,-1.5853,0.065625,0.277494,0.65625,All
0.278298,0.661458,-1.58336,0.0661458,0.281438,0.661458,All
0.280525,0.666667,-1.57964,0.0666667,0.285813,0.666667,All
0.292087,0.671875,-1.57709,0.0671875,0.311126,0.671875,All
0.338296,0.677083,-1.57655,0.0677083,0.333459,0.677083,All
0.348345,0.682292,-1.57406,0.0682292,0.357395,0.682292,All
0.349981,0.6875,-1.5558,0.06875,0.381745,0.6875,All
0.364039,0.692708,-1.55345,0.0692708,0.38861,0.692708,All
0.372225,0.697917,-1.5452,0.0697917,0.407613,0.697917,All
0.389941,0.703125,-1.53315,0.0703125,0.41854,0.703125,All
0.391364,0.708333,-1.5331,0.0708333,0.419959,0.708333,All
0.393198,0.713542,-1.52217,0.0713542,0.450128,0.713542,All
0.403479,0.71875,-1.51668,0.071875,0.451811,0.71875,All
0.419907,0.723958,-1.51394,0.0723958,0.457579,0.723958,All
0.430753,0.729167,-1.51044,0.0729167,0.461198,0.729167,All
0.445697,0.734375,-1.50827,0.0734375,0.465325,0.734375,All
0.457561,0.739583,-1.50388,0.0739583,0.470885,0.739583,All
0.489192,0.744792,-1.49873,0.0744792,0.478812,0.744792,All
0.521756,0.75,-1.49677,0.075,0.490014,0.75,All
0.543773,0.755208,-1.49529,0.0755208,0.490582,0.755208,All
0.552594,0.760417,-1.49365,0.0760417,0.524134,0.760417,All
0.554625,0.765625,-1.48437,0.0765625,0.536872,0.765625,All
0.598661,0.770833,-1.48304,0.0770833,0.543899,0.770833,All
0.599327,0.776042,-1.47908,0.0776042,0.548416,0.776042,All
0.60266,0.78125,-1.47806,0.078125,0.590426,0.78125,All
0.618036,0.786458,-1.47341,0.0786458,0.606167,0.786458,All
0.619319,0.791667,-1.46895,0.0791667,0.655522,0.791667,All
0.641419,0.796875,-1.46466,0.0796875,0.66776,0.796875,All
0.661948,0.802083,-1.4639,0.0802083,0.684693,0.802083,All
0.685182,0.807292,-1.46133,0.0807292,0.720237,0.807292,All
0.721247,0.8125,-1.45655,0.08125,0.725779,0.8125,All
0.727249,0.817708,-1.45379,0.0817708,0.73994,0.817708,All
0.72789,0.822917,-1.45301,0.0822917,0.740432,0.822917,All
0.734434,0.828125,-1.44118,0.0828125,0.794868,0.828125,All
0.735063,0.833333,-1.4346,0.0833333,0.800744,0.833333,All
0.852779,0.838542,-1.42968,0.0838542,0.882779,0.838542,All
0.870583,0.84375,-1.42846,0.084375,0.883994,0.84375,All
0.907413,0.848958,-1.42782,0.0848958,0.894265,0.848958,All
0.910479,0.854167,-1.42519,0.0854167,0.898504,0.854167,All
0.919734,0.859375,-1.42472,0.0859375,0.918251,0.859375,All
0.921751,0.864583,-1.41549,0.0864583,0.922094,0.864583,All
0.940269,0.869792,-1.40875,0.0869792,1.04148,0.869792,All
0.948775,0.875,-1.4058,0.0875,1.0669,0.875,All
0.973869,0.880208,-1.40575,0.0880208,1.0732,0.880208,All
1.04975,0.885417,-1.40197,0.0885417,1.08811,0.885417,All
1.11252,0.890625,-1.40021,0.0890625,1.1451,0.890625,All
1.11296,0.895833,-1.39608,0.0895833,1.1903,0.895833,All
1.11819,0.901042,-1.39586,0.0901042,1.22239,0.901042,All
1.17098,0.90625,-1.39345,0.090625,1.33408,0.90625,All
1.17185,0.911458,-1.38568,0.0911458,1.34262,0.911458,All
1.25725,0.916667,-1.38156,0.0916667,1.34657,0.916667,All
1.26159,0.921875,-1.38012,0.0921875,1.36962,0.921875,All
1.28245,0.927083,-1.37904,0.0927083,1.39324,0.927083,All
1.29282,0.932292,-1.37504,0.0932292,1.46839,0.932292,All
1.48154,0.9375,-1.37302,0.09375,1.47729,0.9375,All
1.4901,0.942708,-1.37192,0.0942708,1.59929,0.942708,All
1.50949,0.947917,-1.37046,0.0947917,1.62546,0.947917,All
1.5788,0.953125,-1.36093,0.0953125,1.72221,0.953125,All
1.5958,0.958333,-1.35776,0.0958333,1.7664,0.958333,All
1.74104,0.963542,-1.35774,0.0963542,1.77876,0.963542,All
1.74787,0.96875,-1.35625,0.096875,1.93534,0.96875,All
1.98331,0.973958,-1.35602,0.0973958,2.07379,0.973958,All
2.16861,0.979167,-1.3474,0.0979167,2.20276,0.979167,All
2.24117,0.984375,-1.34594,0.0984375,2.33771,0.984375,All
2.26677,0.989583,-1.34085,0.0989583,2.41514,0.989583,All
2.30851,0.994792,-1.33757,0.0994792,2.56228,0.994792,All
2.52404,1,-1.33154,0.1,2.85508,1,All
4,1,-1.32529,0.100521,4,1,All
,,-1.32451,0.101042,,,All
,,-1.32294,0.101563,,,All
,,-1.31412,0.102083,,,All
,,-1.30535,0.102604,,,All
,,-1.30484,0.103125,,,All
,,-1.30253,0.103646,,,All
,,-1.30251,0.104167,,,All
,,-1.29233,0.104688,,,All
,,-1.29128,0.105208,,,All
,,-1.29073,0.105729,,,All
,,-1.29061,0.10625,,,All
,,-1.2844,0.106771,,,All
,,-1.28363,0.107292,,,All
,,-1.27967,0.107813,,,All
,,-1.27869,0.108333,,,All
,,-1.27254,0.108854,,,All
,,-1.26979,0.109375,,,All
,,-1.26246,0.109896,,,All
,,-1.26111,0.110417,,,All
,,-1.26042,0.110937,,,All
,,-1.25677,0.111458,,,All
,,-1.25578,0.111979,,,All
,,-1.25352,0.1125,,,All
,,-1.25268,0.113021,,,All
,,-1.25117,0.113542,,,All
,,-1.24921,0.114062,,,All
,,-1.24912,0.114583,,,All
,,-1.24897,0.115104,,,All
,,-1.24723,0.115625,,,All
,,-1.23577,0.116146,,,All
,,-1.23525,0.116667,,,All
,,-1.22808,0.117188,,,All
,,-1.22391,0.117708,,,All
,,-1.22194,0.118229,,,All
,,-1.21612,0.11875,,,All
,,-1.21266,0.119271,,,All
,,-1.21112,0.119792,,,All
,,-1.2089,0.120313,,,All
,,-1.2053,0.120833,,,All
,,-1.20334,0.121354,,,All
,,-1.20241,0.121875,,,All
,,-1.20232,0.122396,,,All
,,-1.20214,0.122917,,,All
,,-1.20041,0.123438,,,All
,,-1.1972,0.123958,,,All
,,-1.1941,0.124479,,,All
,,-1.19356,0.125,,,All
,,-1.19027,0.125521,,,All
,,-1.18842,0.126042,,,All
,,-1.18632,0.126562,,,All
,,-1.17748,0.127083,,,All
,,-1.17328,0.127604,,,All
,,-1.17251,0.128125,,,All
,,-1.17248,0.128646,,,All
,,-1.16249,0.129167,,,All
,,-1.15864,0.129688,,,All
,,-1.15663,0.130208,,,All
,,-1.14933,0.130729,,,All
,,-1.14752,0.13125,,,All
,,-1.14423,0.131771,,,All
,,-1.14308,0.132292,,,All
,,-1.14291,0.132813,,,All
,,-1.14273,0.133333,,,All
,,-1.14138,0.133854,,,All
,,-1.13859,0.134375,,,All
,,-1.13755,0.134896,,,All
,,-1.1344,0.135417,,,All
,,-1.13286,0.135937,,,All
,,-1.13223,0.136458,,,All
,,-1.13012,0.136979,,,All
,,-1.12285,0.1375,,,All
,,-1.11669,0.138021,,,All
,,-1.11498,0.138542,,,All
,,-1.10277,0.139063,,,All
,,-1.10071,0.139583,,,All
,,-1.09953,0.140104,,,All
,,-1.0969,0.140625,,,All
,,-1.0959,0.141146,,,All
,,-1.09572,0.141667,,,All
,,-1.09426,0.142187,,,All
,,-1.09368,0.142708,,,All
,,-1.09262,0.143229,,,All
,,-1.08753,0.14375,,,All
,,-1.0851,0.144271,,,All
,,-1.07734,0.144792,,,All
,,-1.07293,0.145313,,,All
,,-1.07183,0.145833,,,All
,,-1.0718,0.146354,,,All
,,-1.06951,0.146875,,,All
,,-1.06464,0.147396,,,All
,,-1.06211,0.147917,,,All
,,-1.06152,0.148438,,,All
,,-1.06128,0.148958,,,All
,,-1.05979,0.149479,,,All
,,-1.05505,0.15,,,All
,,-1.05387,0.150521,,,All
,,-1.05061,0.151042,,,All
,,-1.04438,0.151562,,,All
,,-1.04359,0.152083,,,All
,,-1.0417,0.152604,,,All
,,-1.0363,0.153125,,,All
,,-1.03567,0.153646,,,All
,,-1.03282,0.154167,,,All
,,-1.03195,0.154688,,,All
,,-1.02531,0.155208,,,All
,,-1.02213,0.155729,,,All
,,-1.01885,0.15625,,,All
,,-1.01383,0.156771,,,All
,,-1.0128,0.157292,,,All
,,-1.01183,0.157812,,,All
,,-1.00721,0.158333,,,All
,,-1.00715,0.158854,,,All
,,-1.00617,0.159375,,,All
,,-0.999395,0.159896,,,All
,,-0.998379,0.160417,,,All
,,-0.9969,0.160938,,,All
,,-0.992419,0.161458,,,All
,,-0.992197,0.161979,,,All
,,-0.987024,0.1625,,,All
,,-0.982204,0.163021,,,All
,,-0.98092,0.163542,,,All
,,-0.977485,0.164063,,,All
,,-0.976363,0.164583,,,All
,,-0.974936,0.165104,,,All
,,-0.974214,0.165625,,,All
,,-0.969138,0.166146,,,All
,,-0.96141,0.166667,,,All
,,-0.96009,0.167187,,,All
,,-0.959065,0.167708,,,All
,,-0.95651,0.168229,,,All
,,-0.954429,0.16875,,,All
,,-0.95167,0.169271,,,All
,,-0.945412,0.169792,,,All
,,-0.939726,0.170313,,,All
,,-0.939026,0.170833,,,All
,,-0.938227,0.171354,,,All
,,-0.93793,0.171875,,,All
,,-0.9368,0.172396,,,All
,,-0.933419,0.172917,,,All
,,-0.933123,0.173437,,,All
,,-0.927269,0.173958,,,All
,,-0.926473,0.174479,,,All
,,-0.922419,0.175,,,All
,,-0.920545,0.175521,,,All
,,-0.917306,0.176042,,,All
,,-0.914187,0.176563,,,All
,,-0.911587,0.177083,,,All
,,-0.90694,0.177604,,,All
,,-0.906762,0.178125,,,All
,,-0.902047,0.178646,,,All
,,-0.900665,0.179167,,,All
,,-0.892106,0.179688,,,All
,,-0.886481,0.180208,,,All
,,-0.884713,0.180729,,,All
,,-0.884138,0.18125,,,All
,,-0.883408,0.181771,,,All
,,-0.883142,0.182292,,,All
,,-0.882862,0.182812,,,All
,,-0.882567,0.183333,,,All
,,-0.875116,0.183854,,,All
,,-0.869921,0.184375,,,All
,,-0.869885,0.184896,,,All
,,-0.867117,0.185417,,,All
,,-0.86511,0.185938,,,All
,,-0.864646,0.186458,,,All
,,-0.863783,0.186979,,,All
,,-0.862516,0.1875,,,All
,,-0.861292,0.188021,,,All
,,-0.860359,0.188542,,,All
,,-0.857864,0.189062,,,All
,,-0.857532,0.189583,,,All
,,-0.855222,0.190104,,,All
,,-0.854795,0.190625,,,All
,,-0.854091,0.191146,,,All
,,-0.852958,0.191667,,,All
,,-0.85278,0.192188,,,All
,,-0.85202,0.192708,,,All
,,-0.851018,0.193229,,,All
,,-0.850817,0.19375,,,All
,,-0.849918,0.194271,,,All
,,-0.849801,0.194792,,,All
,,-0.849356,0.195313,,,All
,,-0.8401,0.195833,,,All
,,-0.838037,0.196354,,,All
,,-0.837565,0.196875,,,All
,,-0.834233,0.197396,,,All
,,-0.832243,0.197917,,,All
,,-0.830962,0.198437,,,All
,,-0.829112,0.198958,,,All
,,-0.827342,0.199479,,,All
,,-0.819345,0.2,,,All
,,-0.815902,0.200521,,,All
,,-0.813752,0.201042,,,All
,,-0.811742,0.201563,,,All
,,-0.810535,0.202083,,,All
,,-0.809675,0.202604,,,All
,,-0.807093,0.203125,,,All
,,-0.80442,0.203646,,,All
,,-0.803179,0.204167,,,All
,,-0.800771,0.204687,,,All
,,-0.798098,0.205208,,,All
,,-0.795741,0.205729,,,All
,,-0.795649,0.20625,,,All
,,-0.793174,0.206771,,,All
,,-0.792742,0.207292,,,All
,,-0.791604,0.207813,,,All
,,-0.789773,0.208333,,,All
,,-0.788091,0.208854,,,All
,,-0.786446,0.209375,,,All
,,-0.785555,0.209896,,,All
,,-0.782467,0.210417,,,All
,,-0.780412,0.210938,,,All
,,-0.779069,0.211458,,,All
,,-0.778594,0.211979,,,All
,,-0.77486,0.2125,,,All
,,-0.766127,0.213021,,,All
,,-0.764424,0.213542,,,All
,,-0.762113,0.214062,,,All
,,-0.76115,0.214583,,,All
,,-0.755746,0.215104,,,All
,,-0.753034,0.215625,,,All
,,-0.752193,0.216146,,,All
,,-0.750807,0.216667,,,All
,,-0.747462,0.217188,,,All
,,-0.736125,0.217708,,,All
,,-0.732041,0.218229,,,All
,,-0.731312,0.21875,,,All
,,-0.725562,0.219271,,,All
,,-0.723645,0.219792,,,All
,,-0.721186,0.220312,,,All
,,-0.719659,0.220833,,,All
,,-0.718723,0.221354,,,All
,,-0.718409,0.221875,,,All
,,-0.717078,0.222396,,,All
,,-0.715613,0.222917,,,All
,,-0.70986,0.223438,,,All
,,-0.70903,0.223958,,,All
,,-0.707462,0.224479,,,All
,,-0.704355,0.225,,,All
,,-0.70164,0.225521,,,All
,,-0.70048,0.226042,,,All
,,-0.696456,0.226563,,,All
,,-0.694349,0.227083,,,All
,,-0.690422,0.227604,,,All
,,-0.690396,0.228125,,,All
,,-0.688886,0.228646,,,All
,,-0.687694,0.229167,,,All
,,-0.687648,0.229687,,,All
,,-0.687399,0.230208,,,All
,,-0.683572,0.230729,,,All
,,-0.680911,0.23125,,,All
,,-0.680602,0.231771,,,All
,,-0.679851,0.232292,,,All
,,-0.670797,0.232813,,,All
,,-0.668419,0.233333,,,All
,,-0.66795,0.233854,,,All
,,-0.666874,0.234375,,,All
,,-0.661479,0.234896,,,All
,,-0.656062,0.235417,,,All
,,-0.65606,0.235937,,,All
,,-0.654268,0.236458,,,All
,,-0.651062,0.236979,,,All
,,-0.651062,0.2375,,,All
,,-0.650315,0.238021,,,All
,,-0.642748,0.238542,,,All
,,-0.642509,0.239063,,,All
,,-0.639976,0.239583,,,All
,,-0.639022,0.240104,,,All
,,-0.637454,0.240625,,,All
,,-0.631658,0.241146,,,All
,,-0.630896,0.241667,,,All
,,-0.625591,0.242188,,,All
,,-0.623944,0.242708,,,All
,,-0.617808,0.243229,,,All
,,-0.614594,0.24375,,,All
,,-0.614437,0.244271,,,All
,,-0.613425,0.244792,,,All
,,-0.61337,0.245312,,,All
,,-0.612072,0.245833,,,All
,,-0.609668,0.246354,,,All
,,-0.607989,0.246875,,,All
,,-0.605975,0.247396,,,All
,,-0.603291,0.247917,,,All
,,-0.602856,0.248438,,,All
,,-0.6025,0.248958,,,All
,,-0.602245,0.249479,,,All
,,-0.601894,0.25,,,All
,,-0.60121,0.250521,,,All
,,-0.598399,0.251042,,,All
,,-0.598301,0.251563,,,All
,,-0.597587,0.252083,,,All
,,-0.597047,0.252604,,,All
,,-0.596891,0.253125,,,All
,,-0.59202,0.253646,,,All
,,-0.591879,0.254167,,,All
,,-0.589654,0.254688,,,All
,,-0.589244,0.255208,,,All
,,-0.586628,0.255729,,,All
,,-0.578506,0.25625,,,All
,,-0.575392,0.256771,,,All
,,-0.568268,0.257292,,,All
,,-0.561539,0.257813,,,All
,,-0.556913,0.258333,,,All
,,-0.556782,0.258854,,,All
,,-0.555484,0.259375,,,All
,,-0.555337,0.259896,,,All
,,-0.551569,0.260417,,,All
,,-0.550569,0.260937,,,All
,,-0.549696,0.261458,,,All
,,-0.545962,0.261979,,,All
,,-0.543139,0.2625,,,All
,,-0.542851,0.263021,,,All
,,-0.541407,0.263542,,,All
,,-0.537207,0.264062,,,All
,,-0.536545,0.264583,,,All
,,-0.5349,0.265104,,,All
,,-0.53471,0.265625,,,All
,,-0.534505,0.266146,,,All
,,-0.532925,0.266667,,,All
,,-0.527427,0.267188,,,All
,,-0.52668,0.267708,,,All
,,-0.5256,0.268229,,,All
,,-0.522813,0.26875,,,All
,,-0.52218,0.269271,,,All
,,-0.521367,0.269792,,,All
,,-0.520567,0.270313,,,All
,,-0.520284,0.270833,,,All
,,-0.519033,0.271354,,,All
,,-0.515538,0.271875,,,All
,,-0.515297,0.272396,,,All
,,-0.51385,0.272917,,,All
,,-0.513309,0.273438,,,All
,,-0.512499,0.273958,,,All
,,-0.509553,0.274479,,,All
,,-0.506918,0.275,,,All
,,-0.506612,0.275521,,,All
,,-0.506456,0.276042,,,All
,,-0.503082,0.276562,,,All
,,-0.502046,0.277083,,,All
,,-0.497931,0.277604,,,All
,,-0.496367,0.278125,,,All
,,-0.493717,0.278646,,,All
,,-0.490134,0.279167,,,All
,,-0.489555,0.279687,,,All
,,-0.488163,0.280208,,,All
,,-0.482347,0.280729,,,All
,,-0.48104,0.28125,,,All
,,-0.480571,0.281771,,,All
,,-0.479795,0.282292,,,All
,,-0.479648,0.282813,,,All
,,-0.478783,0.283333,,,All
,,-0.478637,0.283854,,,All
,,-0.477055,0.284375,,,All
,,-0.475585,0.284896,,,All
,,-0.475123,0.285417,,,All
,,-0.474424,0.285938,,,All
,,-0.473314,0.286458,,,All
,,-0.472479,0.286979,,,All
,,-0.47226,0.2875,,,All
,,-0.471934,0.288021,,,All
,,-0.471744,0.288542,,,All
,,-0.468849,0.289063,,,All
,,-0.468619,0.289583,,,All
,,-0.468062,0.290104,,,All
,,-0.467673,0.290625,,,All
,,-0.463517,0.291146,,,All
,,-0.457998,0.291667,,,All
,,-0.457702,0.292187,,,All
,,-0.455958,0.292708,,,All
,,-0.450401,0.293229,,,All
,,-0.446673,0.29375,,,All
,,-0.445395,0.294271,,,All
,,-0.444917,0.294792,,,All
,,-0.441855,0.295312,,,All
,,-0.440431,0.295833,,,All
,,-0.438194,0.296354,,,All
,,-0.437689,0.296875,,,All
,,-0.437285,0.297396,,,All
,,-0.436114,0.297917,,,All
,,-0.435661,0.298438,,,All
,,-0.433443,0.298958,,,All
,,-0.428763,0.299479,,,All
,,-0.427009,0.3,,,All
,,-0.425568,0.300521,,,All
,,-0.424116,0.301042,,,All
,,-0.424016,0.301563,,,All
,,-0.423107,0.302083,,,All
,,-0.419909,0.302604,,,All
,,-0.419862,0.303125,,,All
,,-0.418924,0.303646,,,All
,,-0.416317,0.304167,,,All
,,-0.413875,0.304688,,,All
,,-0.412355,0.305208,,,All
,,-0.411006,0.305729,,,All
,,-0.41069,0.30625,,,All
,,-0.410459,0.306771,,,All
,,-0.410321,0.307292,,,All
,,-0.409499,0.307812,,,All
,,-0.40917,0.308333,,,All
,,-0.406717,0.308854,,,All
,,-0.40646,0.309375,,,All
,,-0.403718,0.309896,,,All
,,-0.40099,0.310417,,,All
,,-0.399831,0.310937,,,All
,,-0.398682,0.311458,,,All
,,-0.397316,0.311979,,,All
,,-0.396106,0.3125,,,All
,,-0.395588,0.313021,,,All
,,-0.393943,0.313542,,,All
,,-0.392534,0.314063,,,All
,,-0.392106,0.314583,,,All
,,-0.390602,0.315104,,,All
,,-0.390541,0.315625,,,All
,,-0.389189,0.316146,,,All
,,-0.388875,0.316667,,,All
,,-0.388507,0.317188,,,All
,,-0.38771,0.317708,,,All
,,-0.38476,0.318229,,,All
,,-0.384318,0.31875,,,All
,,-0.383212,0.319271,,,All
,,-0.383073,0.319792,,,All
,,-0.380924,0.320313,,,All
,,-0.379419,0.320833,,,All
,,-0.378367,0.321354,,,All
,,-0.378367,0.321875,,,All
,,-0.377941,0.322396,,,All
,,-0.37768,0.322917,,,All
,,-0.377612,0.323437,,,All
,,-0.374238,0.323958,,,All
,,-0.373956,0.324479,,,All
,,-0.373621,0.325,,,All
,,-0.371511,0.325521,,,All
,,-0.371511,0.326042,,,All
,,-0.368022,0.326562,,,All
,,-0.367587,0.327083,,,All
,,-0.366482,0.327604,,,All
,,-0.366137,0.328125,,,All
,,-0.362729,0.328646,,,All
,,-0.359062,0.329167,,,All
,,-0.358749,0.329688,,,All
,,-0.358568,0.330208,,,All
,,-0.353961,0.330729,,,All
,,-0.352791,0.33125,,,All
,,-0.350788,0.331771,,,All
,,-0.350418,0.332292,,,All
,,-0.349033,0.332813,,,All
,,-0.345302,0.333333,,,All
,,-0.344956,0.333854,,,All
,,-0.340759,0.334375,,,All
,,-0.338951,0.334896,,,All
,,-0.336353,0.335417,,,All
,,-0.334778,0.335938,,,All
,,-0.334642,0.336458,,,All
,,-0.333831,0.336979,,,All
,,-0.33355,0.3375,,,All
,,-0.332056,0.338021,,,All
,,-0.330658,0.338542,,,All
,,-0.329608,0.339062,,,All
,,-0.329573,0.339583,,,All
,,-0.329025,0.340104,,,All
,,-0.328519,0.340625,,,All
,,-0.327357,0.341146,,,All
,,-0.323301,0.341667,,,All
,,-0.322539,0.342187,,,All
,,-0.322496,0.342708,,,All
,,-0.32102,0.343229,,,All
,,-0.320878,0.34375,,,All
,,-0.319922,0.344271,,,All
,,-0.318305,0.344792,,,All
,,-0.316833,0.345313,,,All
,,-0.316691,0.345833,,,All
,,-0.315005,0.346354,,,All
,,-0.313232,0.346875,,,All
,,-0.31214,0.347396,,,All
,,-0.310491,0.347917,,,All
,,-0.310177,0.348438,,,All
,,-0.308319,0.348958,,,All
,,-0.307845,0.349479,,,All
,,-0.306462,0.35,,,All
,,-0.3049,0.350521,,,All
,,-0.304601,0.351042,,,All
,,-0.303933,0.351563,,,All
,,-0.303522,0.352083,,,All
,,-0.303486,0.352604,,,All
,,-0.302284,0.353125,,,All
,,-0.300582,0.353646,,,All
,,-0.300557,0.354167,,,All
,,-0.300529,0.354687,,,All
,,-0.299202,0.355208,,,All
,,-0.295245,0.355729,,,All
,,-0.291469,0.35625,,,All
,,-0.290456,0.356771,,,All
,,-0.287963,0.357292,,,All
,,-0.283877,0.357812,,,All
,,-0.283664,0.358333,,,All
,,-0.281278,0.358854,,,All
,,-0.2795,0.359375,,,All
,,-0.274751,0.359896,,,All
,,-0.272347,0.360417,,,All
,,-0.272149,0.360938,,,All
,,-0.271141,0.361458,,,All
,,-0.269452,0.361979,,,All
,,-0.267633,0.3625,,,All
,,-0.267173,0.363021,,,All
,,-0.265065,0.363542,,,All
,,-0.262743,0.364063,,,All
,,-0.262199,0.364583,,,All
,,-0.262176,0.365104,,,All
,,-0.26197,0.365625,,,All
,,-0.259179,0.366146,,,All
,,-0.257574,0.366667,,,All
,,-0.255043,0.367188,,,All
,,-0.253669,0.367708,,,All
,,-0.251241,0.368229,,,All
,,-0.250954,0.36875,,,All
,,-0.249149,0.369271,,,All
,,-0.248791,0.369792,,,All
,,-0.24693,0.370312,,,All
,,-0.246717,0.370833,,,All
,,-0.24668,0.371354,,,All
,,-0.246542,0.371875,,,All
,,-0.246249,0.372396,,,All
,,-0.243987,0.372917,,,All
,,-0.243505,0.373437,,,All
,,-0.241134,0.373958,,,All
,,-0.24056,0.374479,,,All
,,-0.239088,0.375,,,All
,,-0.237586,0.375521,,,All
,,-0.237277,0.376042,,,All
,,-0.236995,0.376563,,,All
,,-0.235932,0.377083,,,All
,,-0.235572,0.377604,,,All
,,-0.235497,0.378125,,,All
,,-0.235329,0.378646,,,All
,,-0.234992,0.379167,,,All
,,-0.23473,0.379688,,,All
,,-0.233853,0.380208,,,All
,,-0.233853,0.380729,,,All
,,-0.232157,0.38125,,,All
,,-0.231391,0.381771,,,All
,,-0.230896,0.382292,,,All
,,-0.228999,0.382813,,,All
,,-0.227353,0.383333,,,All
,,-0.224235,0.383854,,,All
,,-0.223696,0.384375,,,All
,,-0.222308,0.384896,,,All
,,-0.222177,0.385417,,,All
,,-0.220384,0.385937,,,All
,,-0.219349,0.386458,,,All
,,-0.218838,0.386979,,,All
,,-0.217384,0.3875,,,All
,,-0.216436,0.388021,,,All
,,-0.21497,0.388542,,,All
,,-0.214391,0.389062,,,All
,,-0.213689,0.389583,,,All
,,-0.213668,0.390104,,,All
,,-0.213417,0.390625,,,All
,,-0.213001,0.391146,,,All
,,-0.211884,0.391667,,,All
,,-0.206494,0.392188,,,All
,,-0.203734,0.392708,,,All
,,-0.200927,0.393229,,,All
,,-0.200927,0.39375,,,All
,,-0.200151,0.394271,,,All
,,-0.199581,0.394792,,,All
,,-0.198703,0.395313,,,All
,,-0.197331,0.395833,,,All
,,-0.197228,0.396354,,,All
,,-0.196781,0.396875,,,All
,,-0.196377,0.397396,,,All
,,-0.196323,0.397917,,,All
,,-0.195296,0.398438,,,All
,,-0.19482,0.398958,,,All
,,-0.194341,0.399479,,,All
,,-0.192657,0.4,,,All
,,-0.192194,0.400521,,,All
,,-0.191238,0.401042,,,All
,,-0.189005,0.401562,,,All
,,-0.184083,0.402083,,,All
,,-0.184064,0.402604,,,All
,,-0.183622,0.403125,,,All
,,-0.182841,0.403646,,,All
,,-0.182324,0.404167,,,All
,,-0.181529,0.404687,,,All
,,-0.17975,0.405208,,,All
,,-0.17975,0.405729,,,All
,,-0.178452,0.40625,,,All
,,-0.177604,0.406771,,,All
,,-0.17596,0.407292,,,All
,,-0.175282,0.407813,,,All
,,-0.174867,0.408333,,,All
,,-0.173625,0.408854,,,All
,,-0.171874,0.409375,,,All
,,-0.169834,0.409896,,,All
,,-0.167688,0.410417,,,All
,,-0.164121,0.410938,,,All
,,-0.162426,0.411458,,,All
,,-0.16186,0.411979,,,All
,,-0.161187,0.4125,,,All
,,-0.160991,0.413021,,,All
,,-0.15986,0.413542,,,All
,,-0.159712,0.414063,,,All
,,-0.159515,0.414583,,,All
,,-0.158769,0.415104,,,All
,,-0.15794,0.415625,,,All
,,-0.157705,0.416146,,,All
,,-0.156004,0.416667,,,All
,,-0.154155,0.417187,,,All
,,-0.154006,0.417708,,,All
,,-0.153878,0.418229,,,All
,,-0.153462,0.41875,,,All
,,-0.153262,0.419271,,,All
,,-0.153042,0.419792,,,All
,,-0.152993,0.420312,,,All
,,-0.152834,0.420833,,,All
,,-0.152015,0.421354,,,All
,,-0.151018,0.421875,,,All
,,-0.150362,0.422396,,,All
,,-0.148847,0.422917,,,All
,,-0.148453,0.423438,,,All
,,-0.146569,0.423958,,,All
,,-0.145606,0.424479,,,All
,,-0.141436,0.425,,,All
,,-0.139856,0.425521,,,All
,,-0.13984,0.426042,,,All
,,-0.132553,0.426563,,,All
,,-0.131743,0.427083,,,All
,,-0.131591,0.427604,,,All
,,-0.129399,0.428125,,,All
,,-0.128389,0.428646,,,All
,,-0.128054,0.429167,,,All
,,-0.127213,0.429688,,,All
,,-0.126577,0.430208,,,All
,,-0.12585,0.430729,,,All
,,-0.123424,0.43125,,,All
,,-0.12307,0.431771,,,All
,,-0.122565,0.432292,,,All
,,-0.121195,0.432812,,,All
,,-0.12085,0.433333,,,All
,,-0.120675,0.433854,,,All
,,-0.120393,0.434375,,,All
,,-0.111725,0.434896,,,All
,,-0.108854,0.435417,,,All
,,-0.108401,0.435937,,,All
,,-0.108341,0.436458,,,All
,,-0.105801,0.436979,,,All
,,-0.105538,0.4375,,,All
,,-0.105471,0.438021,,,All
,,-0.104571,0.438542,,,All
,,-0.101265,0.439063,,,All
,,-0.0962707,0.439583,,,All
,,-0.093578,0.440104,,,All
,,-0.0933087,0.440625,,,All
,,-0.093054,0.441146,,,All
,,-0.0904224,0.441667,,,All
,,-0.0892878,0.442188,,,All
,,-0.0889535,0.442708,,,All
,,-0.0883388,0.443229,,,All
,,-0.0878762,0.44375,,,All
,,-0.0874632,0.444271,,,All
,,-0.0867826,0.444792,,,All
,,-0.0867142,0.445313,,,All
,,-0.0864344,0.445833,,,All
,,-0.0863253,0.446354,,,All
,,-0.0863253,0.446875,,,All
,,-0.0860939,0.447396,,,All
,,-0.083704,0.447917,,,All
,,-0.0820236,0.448437,,,All
,,-0.0817568,0.448958,,,All
,,-0.0801927,0.449479,,,All
,,-0.0793763,0.45,,,All
,,-0.0786177,0.450521,,,All
,,-0.0770022,0.451042,,,All
,,-0.0766283,0.451562,,,All
,,-0.074958,0.452083,,,All
,,-0.074958,0.452604,,,All
,,-0.0748086,0.453125,,,All
,,-0.0729793,0.453646,,,All
,,-0.0728712,0.454167,,,All
,,-0.0727236,0.454688,,,All
,,-0.0716851,0.455208,,,All
,,-0.0698729,0.455729,,,All
,,-0.0653467,0.45625,,,All
,,-0.0627942,0.456771,,,All
,,-0.0611892,0.457292,,,All
,,-0.0554627,0.457813,,,All
,,-0.054166,0.458333,,,All
,,-0.0525616,0.458854,,,All
,,-0.0518451,0.459375,,,All
,,-0.0515235,0.459896,,,All
,,-0.0501823,0.460417,,,All
,,-0.0465837,0.460938,,,All
,,-0.0462178,0.461458,,,All
,,-0.0459287,0.461979,,,All
,,-0.0455351,0.4625,,,All
,,-0.0435673,0.463021,,,All
,,-0.0400321,0.463542,,,All
,,-0.0393821,0.464062,,,All
,,-0.0390569,0.464583,,,All
,,-0.0365832,0.465104,,,All
,,-0.0365561,0.465625,,,All
,,-0.0335504,0.466146,,,All
,,-0.0331904,0.466667,,,All
,,-0.0320132,0.467187,,,All
,,-0.0319827,0.467708,,,All
,,-0.0310361,0.468229,,,All
,,-0.0264252,0.46875,,,All
,,-0.0262831,0.469271,,,All
,,-0.0238774,0.469792,,,All
,,-0.0233963,0.470313,,,All
,,-0.0221191,0.470833,,,All
,,-0.020752,0.471354,,,All
,,-0.0206032,0.471875,,,All
,,-0.0198873,0.472396,,,All
,,-0.0197056,0.472917,,,All
,,-0.018823,0.473438,,,All
,,-0.0185205,0.473958,,,All
,,-0.017952,0.474479,,,All
,,-0.0174207,0.475,,,All
,,-0.0169688,0.475521,,,All
,,-0.0163187,0.476042,,,All
,,-0.0138013,0.476563,,,All
,,-0.0131561,0.477083,,,All
,,-0.0131,0.477604,,,All
,,-0.0107168,0.478125,,,All
,,-0.0101647,0.478646,,,All
,,-0.00941544,0.479167,,,All
,,-0.00890062,0.479687,,,All
,,-0.00882057,0.480208,,,All
,,-0.00743654,0.480729,,,All
,,-0.00622996,0.48125,,,All
,,-0.00621149,0.481771,,,All
,,-0.00559875,0.482292,,,All
,,-0.00540834,0.482812,,,All
,,-0.00450029,0.483333,,,All
,,-0.00392521,0.483854,,,All
,,-0.00125869,0.484375,,,All
,,0.00218355,0.484896,,,All
,,0.00463022,0.485417,,,All
,,0.00546855,0.485938,,,All
,,0.00677139,0.486458,,,All
,,0.00776763,0.486979,,,All
,,0.00856381,0.4875,,,All
,,0.00997646,0.488021,,,All
,,0.0111869,0.488542,,,All
,,0.0130581,0.489063,,,All
,,0.0139465,0.489583,,,All
,,0.0148971,0.490104,,,All
,,0.0160177,0.490625,,,All
,,0.016824,0.491146,,,All
,,0.0179541,0.491667,,,All
,,0.0182112,0.492188,,,All
,,0.0189389,0.492708,,,All
,,0.0199391,0.493229,,,All
,,0.0201877,0.49375,,,All
,,0.0212495,0.494271,,,All
,,0.0231268,0.494792,,,All
,,0.0233582,0.495312,,,All
,,0.025159,0.495833,,,All
,,0.0264888,0.496354,,,All
,,0.0264888,0.496875,,,All
,,0.0298619,0.497396,,,All
,,0.0301932,0.497917,,,All
,,0.0318532,0.498437,,,All
,,0.032647,0.498958,,,All
,,0.0328532,0.499479,,,All
,,0.033977,0.5,,,All
,,0.0352879,0.500521,,,All
,,0.0360071,0.501042,,,All
,,0.0386186,0.501563,,,All
,,0.040375,0.502083,,,All
,,0.0409531,0.502604,,,All
,,0.0433573,0.503125,,,All
,,0.0456045,0.503646,,,All
,,0.0456683,0.504167,,,All
,,0.0465561,0.504687,,,All
,,0.047511,0.505208,,,All
,,0.0480841,0.505729,,,All
,,0.048326,0.50625,,,All
,,0.0555162,0.506771,,,All
,,0.0559241,0.507292,,,All
,,0.0562814,0.507813,,,All
,,0.0567031,0.508333,,,All
,,0.0585519,0.508854,,,All
,,0.0589077,0.509375,,,All
,,0.0616656,0.509896,,,All
,,0.0624376,0.510417,,,All
,,0.0640013,0.510938,,,All
,,0.065799,0.511458,,,All
,,0.0676494,0.511979,,,All
,,0.0686541,0.5125,,,All
,,0.0693592,0.513021,,,All
,,0.0700693,0.513542,,,All
,,0.0706972,0.514062,,,All
,,0.0714382,0.514583,,,All
,,0.0725361,0.515104,,,All
,,0.0732667,0.515625,,,All
,,0.0744955,0.516146,,,All
,,0.0814179,0.516667,,,All
,,0.0831055,0.517188,,,All
,,0.0841983,0.517708,,,All
,,0.085247,0.518229,,,All
,,0.0862162,0.51875,,,All
,,0.0886086,0.519271,,,All
,,0.0921664,0.519792,,,All
,,0.0933471,0.520312,,,All
,,0.0938797,0.520833,,,All
,,0.0947348,0.521354,,,All
,,0.0951294,0.521875,,,All
,,0.095783,0.522396,,,All
,,0.0981583,0.522917,,,All
,,0.100331,0.523438,,,All
,,0.10079,0.523958,,,All
,,0.101075,0.524479,,,All
,,0.101168,0.525,,,All
,,0.102281,0.525521,,,All
,,0.102414,0.526042,,,All
,,0.10467,0.526563,,,All
,,0.106697,0.527083,,,All
,,0.107091,0.527604,,,All
,,0.107448,0.528125,,,All
,,0.108112,0.528646,,,All
,,0.109717,0.529167,,,All
,,0.109865,0.529687,,,All
,,0.110243,0.530208,,,All
,,0.110857,0.530729,,,All
,,0.112428,0.53125,,,All
,,0.112436,0.531771,,,All
,,0.112784,0.532292,,,All
,,0.112947,0.532813,,,All
,,0.113328,0.533333,,,All
,,0.114002,0.533854,,,All
,,0.114412,0.534375,,,All
,,0.116422,0.534896,,,All
,,0.116749,0.535417,,,All
,,0.117295,0.535937,,,All
,,0.118976,0.536458,,,All
,,0.121736,0.536979,,,All
,,0.121754,0.5375,,,All
,,0.123418,0.538021,,,All
,,0.12378,0.538542,,,All
,,0.124013,0.539063,,,All
,,0.125603,0.539583,,,All
,,0.126691,0.540104,,,All
,,0.126992,0.540625,,,All
,,0.128203,0.541146,,,All
,,0.128402,0.541667,,,All
,,0.131239,0.542188,,,All
,,0.131382,0.542708,,,All
,,0.133386,0.543229,,,All
,,0.13499,0.54375,,,All
,,0.135606,0.544271,,,All
,,0.135891,0.544792,,,All
,,0.136595,0.545312,,,All
,,0.137025,0.545833,,,All
,,0.138292,0.546354,,,All
,,0.139149,0.546875,,,All
,,0.139757,0.547396,,,All
,,0.141224,0.547917,,,All
,,0.141932,0.548438,,,All
,,0.143595,0.548958,,,All
,,0.144799,0.549479,,,All
,,0.145851,0.55,,,All
,,0.149359,0.550521,,,All
,,0.15229,0.551042,,,All
,,0.152425,0.551562,,,All
,,0.153666,0.552083,,,All
,,0.154538,0.552604,,,All
,,0.155081,0.553125,,,All
,,0.155909,0.553646,,,All
,,0.156096,0.554167,,,All
,,0.15641,0.554688,,,All
,,0.156501,0.555208,,,All
,,0.157438,0.555729,,,All
,,0.157925,0.55625,,,All
,,0.157928,0.556771,,,All
,,0.159255,0.557292,,,All
,,0.159762,0.557813,,,All
,,0.160027,0.558333,,,All
,,0.16084,0.558854,,,All
,,0.161241,0.559375,,,All
,,0.161953,0.559896,,,All
,,0.162287,0.560417,,,All
,,0.162893,0.560937,,,All
,,0.16306,0.561458,,,All
,,0.164975,0.561979,,,All
,,0.16515,0.5625,,,All
,,0.16517,0.563021,,,All
,,0.16528,0.563542,,,All
,,0.167143,0.564063,,,All
,,0.167311,0.564583,,,All
,,0.16998,0.565104,,,All
,,0.170473,0.565625,,,All
,,0.170797,0.566146,,,All
,,0.171803,0.566667,,,All
,,0.173639,0.567187,,,All
,,0.17716,0.567708,,,All
,,0.177339,0.568229,,,All
,,0.177651,0.56875,,,All
,,0.179277,0.569271,,,All
,,0.179547,0.569792,,,All
,,0.180304,0.570313,,,All
,,0.181812,0.570833,,,All
,,0.182589,0.571354,,,All
,,0.18445,0.571875,,,All
,,0.1868,0.572396,,,All
,,0.189154,0.572917,,,All
,,0.189671,0.573438,,,All
,,0.191287,0.573958,,,All
,,0.19593,0.574479,,,All
,,0.19651,0.575,,,All
,,0.196919,0.575521,,,All
,,0.197833,0.576042,,,All
,,0.197914,0.576562,,,All
,,0.198262,0.577083,,,All
,,0.198895,0.577604,,,All
,,0.199632,0.578125,,,All
,,0.201455,0.578646,,,All
,,0.201616,0.579167,,,All
,,0.201915,0.579688,,,All
,,0.202106,0.580208,,,All
,,0.202221,0.580729,,,All
,,0.203817,0.58125,,,All
,,0.204157,0.581771,,,All
,,0.205049,0.582292,,,All
,,0.205765,0.582812,,,All
,,0.209964,0.583333,,,All
,,0.211328,0.583854,,,All
,,0.215416,0.584375,,,All
,,0.218275,0.584896,,,All
,,0.218718,0.585417,,,All
,,0.219271,0.585938,,,All
,,0.219563,0.586458,,,All
,,0.219661,0.586979,,,All
,,0.220709,0.5875,,,All
,,0.220774,0.588021,,,All
,,0.220961,0.588542,,,All
,,0.221474,0.589063,,,All
,,0.22154,0.589583,,,All
,,0.222778,0.590104,,,All
,,0.224458,0.590625,,,All
,,0.226,0.591146,,,All
,,0.227483,0.591667,,,All
,,0.227614,0.592187,,,All
,,0.229022,0.592708,,,All
,,0.230402,0.593229,,,All
,,0.233817,0.59375,,,All
,,0.233909,0.594271,,,All
,,0.2357,0.594792,,,All
,,0.236134,0.595313,,,All
,,0.236531,0.595833,,,All
,,0.238272,0.596354,,,All
,,0.238925,0.596875,,,All
,,0.24065,0.597396,,,All
,,0.241092,0.597917,,,All
,,0.241467,0.598437,,,All
,,0.243492,0.598958,,,All
,,0.243512,0.599479,,,All
,,0.243586,0.6,,,All
,,0.244906,0.600521,,,All
,,0.2451,0.601042,,,All
,,0.245824,0.601563,,,All
,,0.246593,0.602083,,,All
,,0.249918,0.602604,,,All
,,0.250145,0.603125,,,All
,,0.252,0.603646,,,All
,,0.252817,0.604167,,,All
,,0.254429,0.604688,,,All
,,0.256757,0.605208,,,All
,,0.259502,0.605729,,,All
,,0.26191,0.60625,,,All
,,0.26218,0.606771,,,All
,,0.262579,0.607292,,,All
,,0.263771,0.607812,,,All
,,0.263975,0.608333,,,All
,,0.265468,0.608854,,,All
,,0.269114,0.609375,,,All
,,0.269484,0.609896,,,All
,,0.270133,0.610417,,,All
,,0.270484,0.610938,,,All
,,0.27078,0.611458,,,All
,,0.271226,0.611979,,,All
,,0.271793,0.6125,,,All
,,0.272111,0.613021,,,All
,,0.273896,0.613542,,,All
,,0.274273,0.614062,,,All
,,0.27478,0.614583,,,All
,,0.275144,0.615104,,,All
,,0.276411,0.615625,,,All
,,0.28003,0.616146,,,All
,,0.280083,0.616667,,,All
,,0.280107,0.617188,,,All
,,0.280409,0.617708,,,All
,,0.280921,0.618229,,,All
,,0.282083,0.61875,,,All
,,0.282142,0.619271,,,All
,,0.282387,0.619792,,,All
,,0.282679,0.620313,,,All
,,0.282763,0.620833,,,All
,,0.283317,0.621354,,,All
,,0.285068,0.621875,,,All
,,0.286222,0.622396,,,All
,,0.28909,0.622917,,,All
,,0.290117,0.623437,,,All
,,0.292098,0.623958,,,All
,,0.293894,0.624479,,,All
,,0.295955,0.625,,,All
,,0.2965,0.625521,,,All
,,0.2965,0.626042,,,All
,,0.298456,0.626563,,,All
,,0.298481,0.627083,,,All
,,0.298494,0.627604,,,All
,,0.299201,0.628125,,,All
,,0.299411,0.628646,,,All
,,0.301161,0.629167,,,All
,,0.301974,0.629687,,,All
,,0.302166,0.630208,,,All
,,0.302898,0.630729,,,All
,,0.303756,0.63125,,,All
,,0.303973,0.631771,,,All
,,0.305603,0.632292,,,All
,,0.305745,0.632813,,,All
,,0.30598,0.633333,,,All
,,0.306615,0.633854,,,All
,,0.307078,0.634375,,,All
,,0.307154,0.634896,,,All
,,0.309334,0.635417,,,All
,,0.309623,0.635938,,,All
,,0.313717,0.636458,,,All
,,0.316305,0.636979,,,All
,,0.316629,0.6375,,,All
,,0.318097,0.638021,,,All
,,0.318387,0.638542,,,All
,,0.319603,0.639062,,,All
,,0.320907,0.639583,,,All
,,0.321875,0.640104,,,All
,,0.322063,0.640625,,,All
,,0.326786,0.641146,,,All
,,0.327183,0.641667,,,All
,,0.32786,0.642188,,,All
,,0.329282,0.642708,,,All
,,0.329884,0.643229,,,All
,,0.331374,0.64375,,,All
,,0.334616,0.644271,,,All
,,0.335053,0.644792,,,All
,,0.335127,0.645312,,,All
,,0.337712,0.645833,,,All
,,0.337778,0.646354,,,All
,,0.338735,0.646875,,,All
,,0.342266,0.647396,,,All
,,0.344018,0.647917,,,All
,,0.344183,0.648438,,,All
,,0.345215,0.648958,,,All
,,0.345926,0.649479,,,All
,,0.34675,0.65,,,All
,,0.347101,0.650521,,,All
,,0.34725,0.651042,,,All
,,0.351014,0.651563,,,All
,,0.352545,0.652083,,,All
,,0.352989,0.652604,,,All
,,0.353122,0.653125,,,All
,,0.358471,0.653646,,,All
,,0.359933,0.654167,,,All
,,0.360099,0.654687,,,All
,,0.360819,0.655208,,,All
,,0.361328,0.655729,,,All
,,0.36218,0.65625,,,All
,,0.362285,0.656771,,,All
,,0.363045,0.657292,,,All
,,0.363673,0.657813,,,All
,,0.367069,0.658333,,,All
,,0.36871,0.658854,,,All
,,0.369353,0.659375,,,All
,,0.371033,0.659896,,,All
,,0.372119,0.660417,,,All
,,0.37234,0.660937,,,All
,,0.372464,0.661458,,,All
,,0.373051,0.661979,,,All
,,0.373069,0.6625,,,All
,,0.37318,0.663021,,,All
,,0.374859,0.663542,,,All
,,0.374942,0.664063,,,All
,,0.374995,0.664583,,,All
,,0.375811,0.665104,,,All
,,0.376316,0.665625,,,All
,,0.379078,0.666146,,,All
,,0.382554,0.666667,,,All
,,0.382866,0.667188,,,All
,,0.383178,0.667708,,,All
,,0.385349,0.668229,,,All
,,0.385411,0.66875,,,All
,,0.385965,0.669271,,,All
,,0.387163,0.669792,,,All
,,0.388616,0.670312,,,All
,,0.389434,0.670833,,,All
,,0.389442,0.671354,,,All
,,0.39034,0.671875,,,All
,,0.391277,0.672396,,,All
,,0.395532,0.672917,,,All
,,0.39579,0.673438,,,All
,,0.395934,0.673958,,,All
,,0.396373,0.674479,,,All
,,0.397234,0.675,,,All
,,0.399675,0.675521,,,All
,,0.401084,0.676042,,,All
,,0.401861,0.676562,,,All
,,0.403344,0.677083,,,All
,,0.403713,0.677604,,,All
,,0.404594,0.678125,,,All
,,0.405798,0.678646,,,All
,,0.40657,0.679167,,,All
,,0.410447,0.679688,,,All
,,0.411898,0.680208,,,All
,,0.413656,0.680729,,,All
,,0.415184,0.68125,,,All
,,0.417327,0.681771,,,All
,,0.419943,0.682292,,,All
,,0.420065,0.682813,,,All
,,0.424676,0.683333,,,All
,,0.425236,0.683854,,,All
,,0.426918,0.684375,,,All
,,0.427335,0.684896,,,All
,,0.427536,0.685417,,,All
,,0.432184,0.685937,,,All
,,0.432628,0.686458,,,All
,,0.435021,0.686979,,,All
,,0.436939,0.6875,,,All
,,0.43701,0.688021,,,All
,,0.437831,0.688542,,,All
,,0.438742,0.689063,,,All
,,0.440352,0.689583,,,All
,,0.442415,0.690104,,,All
,,0.442498,0.690625,,,All
,,0.442915,0.691146,,,All
,,0.443948,0.691667,,,All
,,0.444176,0.692187,,,All
,,0.44595,0.692708,,,All
,,0.446374,0.693229,,,All
,,0.447008,0.69375,,,All
,,0.45135,0.694271,,,All
,,0.452131,0.694792,,,All
,,0.453897,0.695313,,,All
,,0.455761,0.695833,,,All
,,0.455876,0.696354,,,All
,,0.456549,0.696875,,,All
,,0.456749,0.697396,,,All
,,0.457407,0.697917,,,All
,,0.457663,0.698438,,,All
,,0.458709,0.698958,,,All
,,0.459943,0.699479,,,All
,,0.460186,0.7,,,All
,,0.461801,0.700521,,,All
,,0.463163,0.701042,,,All
,,0.464608,0.701562,,,All
,,0.466626,0.702083,,,All
,,0.469742,0.702604,,,All
,,0.471474,0.703125,,,All
,,0.471638,0.703646,,,All
,,0.473265,0.704167,,,All
,,0.473564,0.704688,,,All
,,0.476726,0.705208,,,All
,,0.478086,0.705729,,,All
,,0.480135,0.70625,,,All
,,0.480152,0.706771,,,All
,,0.48058,0.707292,,,All
,,0.481945,0.707812,,,All
,,0.482783,0.708333,,,All
,,0.484507,0.708854,,,All
,,0.485079,0.709375,,,All
,,0.485456,0.709896,,,All
,,0.486193,0.710417,,,All
,,0.487269,0.710938,,,All
,,0.487321,0.711458,,,All
,,0.487747,0.711979,,,All
,,0.489082,0.7125,,,All
,,0.489783,0.713021,,,All
,,0.490484,0.713542,,,All
,,0.491793,0.714063,,,All
,,0.493346,0.714583,,,All
,,0.49342,0.715104,,,All
,,0.49501,0.715625,,,All
,,0.495263,0.716146,,,All
,,0.497033,0.716667,,,All
,,0.497328,0.717187,,,All
,,0.498693,0.717708,,,All
,,0.499104,0.718229,,,All
,,0.502101,0.71875,,,All
,,0.502293,0.719271,,,All
,,0.50557,0.719792,,,All
,,0.508069,0.720313,,,All
,,0.50918,0.720833,,,All
,,0.51071,0.721354,,,All
,,0.511649,0.721875,,,All
,,0.512809,0.722396,,,All
,,0.51577,0.722917,,,All
,,0.516628,0.723437,,,All
,,0.517452,0.723958,,,All
,,0.518369,0.724479,,,All
,,0.51994,0.725,,,All
,,0.519974,0.725521,,,All
,,0.520989,0.726042,,,All
,,0.523535,0.726563,,,All
,,0.523941,0.727083,,,All
,,0.52497,0.727604,,,All
,,0.527785,0.728125,,,All
,,0.528432,0.728646,,,All
,,0.528694,0.729167,,,All
,,0.529078,0.729688,,,All
,,0.529614,0.730208,,,All
,,0.530491,0.730729,,,All
,,0.532299,0.73125,,,All
,,0.533742,0.731771,,,All
,,0.533875,0.732292,,,All
,,0.534179,0.732812,,,All
,,0.535068,0.733333,,,All
,,0.535219,0.733854,,,All
,,0.535956,0.734375,,,All
,,0.536162,0.734896,,,All
,,0.536316,0.735417,,,All
,,0.537982,0.735938,,,All
,,0.53807,0.736458,,,All
,,0.53846,0.736979,,,All
,,0.539806,0.7375,,,All
,,0.542024,0.738021,,,All
,,0.542291,0.738542,,,All
,,0.54297,0.739062,,,All
,,0.546409,0.739583,,,All
,,0.547778,0.740104,,,All
,,0.548548,0.740625,,,All
,,0.553682,0.741146,,,All
,,0.553852,0.741667,,,All
,,0.554172,0.742188,,,All
,,0.557353,0.742708,,,All
,,0.557541,0.743229,,,All
,,0.557926,0.74375,,,All
,,0.560398,0.744271,,,All
,,0.560565,0.744792,,,All
,,0.562899,0.745313,,,All
,,0.564044,0.745833,,,All
,,0.565744,0.746354,,,All
,,0.566683,0.746875,,,All
,,0.567998,0.747396,,,All
,,0.571194,0.747917,,,All
,,0.571218,0.748437,,,All
,,0.572808,0.748958,,,All
,,0.573248,0.749479,,,All
,,0.573954,0.75,,,All
,,0.574813,0.750521,,,All
,,0.576853,0.751042,,,All
,,0.580485,0.751563,,,All
,,0.583884,0.752083,,,All
,,0.585473,0.752604,,,All
,,0.587397,0.753125,,,All
,,0.588375,0.753646,,,All
,,0.589085,0.754167,,,All
,,0.591458,0.754687,,,All
,,0.591909,0.755208,,,All
,,0.591995,0.755729,,,All
,,0.594418,0.75625,,,All
,,0.594706,0.756771,,,All
,,0.595035,0.757292,,,All
,,0.595062,0.757813,,,All
,,0.59766,0.758333,,,All
,,0.597693,0.758854,,,All
,,0.598005,0.759375,,,All
,,0.598934,0.759896,,,All
,,0.600038,0.760417,,,All
,,0.600154,0.760938,,,All
,,0.601171,0.761458,,,All
,,0.60244,0.761979,,,All
,,0.606562,0.7625,,,All
,,0.609939,0.763021,,,All
,,0.610152,0.763542,,,All
,,0.610802,0.764062,,,All
,,0.611546,0.764583,,,All
,,0.614133,0.765104,,,All
,,0.617862,0.765625,,,All
,,0.617949,0.766146,,,All
,,0.618281,0.766667,,,All
,,0.618537,0.767188,,,All
,,0.624572,0.767708,,,All
,,0.624839,0.768229,,,All
,,0.625543,0.76875,,,All
,,0.626893,0.769271,,,All
,,0.627842,0.769792,,,All
,,0.630989,0.770312,,,All
,,0.636293,0.770833,,,All
,,0.637193,0.771354,,,All
,,0.6373,0.771875,,,All
,,0.638584,0.772396,,,All
,,0.63957,0.772917,,,All
,,0.640894,0.773438,,,All
,,0.643315,0.773958,,,All
,,0.644469,0.774479,,,All
,,0.645957,0.775,,,All
,,0.647123,0.775521,,,All
,,0.647141,0.776042,,,All
,,0.647528,0.776563,,,All
,,0.649205,0.777083,,,All
,,0.649596,0.777604,,,All
,,0.655375,0.778125,,,All
,,0.655731,0.778646,,,All
,,0.655926,0.779167,,,All
,,0.656282,0.779687,,,All
,,0.659057,0.780208,,,All
,,0.660547,0.780729,,,All
,,0.662297,0.78125,,,All
,,0.666029,0.781771,,,All
,,0.66829,0.782292,,,All
,,0.668456,0.782813,,,All
,,0.669009,0.783333,,,All
,,0.67208,0.783854,,,All
,,0.67456,0.784375,,,All
,,0.675854,0.784896,,,All
,,0.677489,0.785417,,,All
,,0.677949,0.785937,,,All
,,0.681633,0.786458,,,All
,,0.682251,0.786979,,,All
,,0.682816,0.7875,,,All
,,0.685034,0.788021,,,All
,,0.685872,0.788542,,,All
,,0.68674,0.789063,,,All
,,0.687249,0.789583,,,All
,,0.687921,0.790104,,,All
,,0.688284,0.790625,,,All
,,0.693551,0.791146,,,All
,,0.693713,0.791667,,,All
,,0.69674,0.792188,,,All
,,0.699481,0.792708,,,All
,,0.700699,0.793229,,,All
,,0.700937,0.79375,,,All
,,0.701038,0.794271,,,All
,,0.705146,0.794792,,,All
,,0.707478,0.795312,,,All
,,0.709857,0.795833,,,All
,,0.710104,0.796354,,,All
,,0.711301,0.796875,,,All
,,0.711499,0.797396,,,All
,,0.713155,0.797917,,,All
,,0.715664,0.798438,,,All
,,0.715796,0.798958,,,All
,,0.716234,0.799479,,,All
,,0.717186,0.8,,,All
,,0.71721,0.800521,,,All
,,0.719153,0.801042,,,All
,,0.719492,0.801562,,,All
,,0.720721,0.802083,,,All
,,0.724152,0.802604,,,All
,,0.726028,0.803125,,,All
,,0.726204,0.803646,,,All
,,0.727152,0.804167,,,All
,,0.731706,0.804688,,,All
,,0.732181,0.805208,,,All
,,0.73235,0.805729,,,All
,,0.732442,0.80625,,,All
,,0.732852,0.806771,,,All
,,0.733746,0.807292,,,All
,,0.734081,0.807813,,,All
,,0.735316,0.808333,,,All
,,0.735905,0.808854,,,All
,,0.739343,0.809375,,,All
,,0.739716,0.809896,,,All
,,0.740081,0.810417,,,All
,,0.745102,0.810937,,,All
,,0.746712,0.811458,,,All
,,0.746882,0.811979,,,All
,,0.749886,0.8125,,,All
,,0.751029,0.813021,,,All
,,0.752746,0.813542,,,All
,,0.752951,0.814063,,,All
,,0.753537,0.814583,,,All
,,0.753642,0.815104,,,All
,,0.755826,0.815625,,,All
,,0.756984,0.816146,,,All
,,0.758847,0.816667,,,All
,,0.759202,0.817187,,,All
,,0.760371,0.817708,,,All
,,0.762934,0.818229,,,All
,,0.763561,0.81875,,,All
,,0.763595,0.819271,,,All
,,0.764374,0.819792,,,All
,,0.76485,0.820313,,,All
,,0.765728,0.820833,,,All
,,0.767526,0.821354,,,All
,,0.768712,0.821875,,,All
,,0.768727,0.822396,,,All
,,0.769725,0.822917,,,All
,,0.770209,0.823438,,,All
,,0.772254,0.823958,,,All
,,0.772763,0.824479,,,All
,,0.775071,0.825,,,All
,,0.775154,0.825521,,,All
,,0.777358,0.826042,,,All
,,0.778405,0.826562,,,All
,,0.77865,0.827083,,,All
,,0.781613,0.827604,,,All
,,0.782327,0.828125,,,All
,,0.783034,0.828646,,,All
,,0.783132,0.829167,,,All
,,0.783992,0.829688,,,All
,,0.785403,0.830208,,,All
,,0.785561,0.830729,,,All
,,0.78711,0.83125,,,All
,,0.787887,0.831771,,,All
,,0.791548,0.832292,,,All
,,0.794305,0.832812,,,All
,,0.79459,0.833333,,,All
,,0.794723,0.833854,,,All
,,0.794906,0.834375,,,All
,,0.795022,0.834896,,,All
,,0.796776,0.835417,,,All
,,0.7975,0.835938,,,All
,,0.798831,0.836458,,,All
,,0.799851,0.836979,,,All
,,0.799922,0.8375,,,All
,,0.800367,0.838021,,,All
,,0.800698,0.838542,,,All
,,0.800764,0.839063,,,All
,,0.801791,0.839583,,,All
,,0.802028,0.840104,,,All
,,0.80418,0.840625,,,All
,,0.806647,0.841146,,,All
,,0.806838,0.841667,,,All
,,0.807166,0.842187,,,All
,,0.808625,0.842708,,,All
,,0.812585,0.843229,,,All
,,0.813525,0.84375,,,All
,,0.81353,0.844271,,,All
,,0.818022,0.844792,,,All
,,0.818891,0.845313,,,All
,,0.822208,0.845833,,,All
,,0.824684,0.846354,,,All
,,0.825358,0.846875,,,All
,,0.825554,0.847396,,,All
,,0.825743,0.847917,,,All
,,0.826265,0.848437,,,All
,,0.831586,0.848958,,,All
,,0.832881,0.849479,,,All
,,0.834307,0.85,,,All
,,0.835712,0.850521,,,All
,,0.83595,0.851042,,,All
,,0.838146,0.851563,,,All
,,0.839944,0.852083,,,All
,,0.842066,0.852604,,,All
,,0.844094,0.853125,,,All
,,0.849841,0.853646,,,All
,,0.85099,0.854167,,,All
,,0.85114,0.854688,,,All
,,0.851823,0.855208,,,All
,,0.854714,0.855729,,,All
,,0.856254,0.85625,,,All
,,0.859396,0.856771,,,All
,,0.862286,0.857292,,,All
,,0.863109,0.857812,,,All
,,0.866234,0.858333,,,All
,,0.869179,0.858854,,,All
,,0.870373,0.859375,,,All
,,0.871006,0.859896,,,All
,,0.873336,0.860417,,,All
,,0.873704,0.860938,,,All
,,0.875271,0.861458,,,All
,,0.888189,0.861979,,,All
,,0.888897,0.8625,,,All
,,0.889168,0.863021,,,All
,,0.892189,0.863542,,,All
,,0.895409,0.864062,,,All
,,0.902627,0.864583,,,All
,,0.905104,0.865104,,,All
,,0.909096,0.865625,,,All
,,0.909257,0.866146,,,All
,,0.910019,0.866667,,,All
,,0.913094,0.867188,,,All
,,0.913325,0.867708,,,All
,,0.916975,0.868229,,,All
,,0.919491,0.86875,,,All
,,0.920721,0.869271,,,All
,,0.922301,0.869792,,,All
,,0.924548,0.870313,,,All
,,0.925724,0.870833,,,All
,,0.925797,0.871354,,,All
,,0.934493,0.871875,,,All
,,0.938063,0.872396,,,All
,,0.938363,0.872917,,,All
,,0.939648,0.873437,,,All
,,0.939809,0.873958,,,All
,,0.943988,0.874479,,,All
,,0.945989,0.875,,,All
,,0.948063,0.875521,,,All
,,0.948682,0.876042,,,All
,,0.950726,0.876563,,,All
,,0.950927,0.877083,,,All
,,0.95103,0.877604,,,All
,,0.954999,0.878125,,,All
,,0.956085,0.878646,,,All
,,0.964032,0.879167,,,All
,,0.964049,0.879687,,,All
,,0.972825,0.880208,,,All
,,0.973785,0.880729,,,All
,,0.975811,0.88125,,,All
,,0.97666,0.881771,,,All
,,0.977848,0.882292,,,All
,,0.978085,0.882813,,,All
,,0.978508,0.883333,,,All
,,0.983285,0.883854,,,All
,,0.983812,0.884375,,,All
,,0.984668,0.884896,,,All
,,0.984988,0.885417,,,All
,,0.986371,0.885938,,,All
,,0.992334,0.886458,,,All
,,1.0012,0.886979,,,All
,,1.00795,0.8875,,,All
,,1.00903,0.888021,,,All
,,1.01249,0.888542,,,All
,,1.01902,0.889062,,,All
,,1.02155,0.889583,,,All
,,1.02487,0.890104,,,All
,,1.02899,0.890625,,,All
,,1.03278,0.891146,,,All
,,1.03418,0.891667,,,All
,,1.03855,0.892188,,,All
,,1.04191,0.892708,,,All
,,1.0466,0.893229,,,All
,,1.04797,0.89375,,,All
,,1.05037,0.894271,,,All
,,1.0517,0.894792,,,All
,,1.05651,0.895312,,,All
,,1.05821,0.895833,,,All
,,1.06639,0.896354,,,All
,,1.07057,0.896875,,,All
,,1.07559,0.897396,,,All
,,1.07695,0.897917,,,All
,,1.07952,0.898438,,,All
,,1.08087,0.898958,,,All
,,1.08958,0.899479,,,All
,,1.0908,0.9,,,All
,,1.0927,0.900521,,,All
,,1.09933,0.901042,,,All
,,1.10466,0.901563,,,All
,,1.1049,0.902083,,,All
,,1.10587,0.902604,,,All
,,1.10653,0.903125,,,All
,,1.1086,0.903646,,,All
,,1.10933,0.904167,,,All
,,1.10976,0.904687,,,All
,,1.11059,0.905208,,,All
,,1.12097,0.905729,,,All
,,1.12285,0.90625,,,All
,,1.12407,0.906771,,,All
,,1.12425,0.907292,,,All
,,1.1499,0.907813,,,All
,,1.15598,0.908333,,,All
,,1.15648,0.908854,,,All
,,1.1574,0.909375,,,All
,,1.15854,0.909896,,,All
,,1.15884,0.910417,,,All
,,1.16689,0.910937,,,All
,,1.173,0.911458,,,All
,,1.17429,0.911979,,,All
,,1.17669,0.9125,,,All
,,1.17725,0.913021,,,All
,,1.1778,0.913542,,,All
,,1.17913,0.914063,,,All
,,1.18318,0.914583,,,All
,,1.19377,0.915104,,,All
,,1.21327,0.915625,,,All
,,1.22575,0.916146,,,All
,,1.22765,0.916667,,,All
,,1.23173,0.917188,,,All
,,1.24988,0.917708,,,All
,,1.26369,0.918229,,,All
,,1.26861,0.91875,,,All
,,1.26931,0.919271,,,All
,,1.27058,0.919792,,,All
,,1.27456,0.920312,,,All
,,1.28619,0.920833,,,All
,,1.29199,0.921354,,,All
,,1.29357,0.921875,,,All
,,1.29612,0.922396,,,All
,,1.30199,0.922917,,,All
,,1.30657,0.923438,,,All
,,1.31095,0.923958,,,All
,,1.31602,0.924479,,,All
,,1.32325,0.925,,,All
,,1.33616,0.925521,,,All
,,1.33728,0.926042,,,All
,,1.34119,0.926562,,,All
,,1.34468,0.927083,,,All
,,1.34663,0.927604,,,All
,,1.34879,0.928125,,,All
,,1.35032,0.928646,,,All
,,1.35125,0.929167,,,All
,,1.35369,0.929688,,,All
,,1.35752,0.930208,,,All
,,1.35825,0.930729,,,All
,,1.37494,0.93125,,,All
,,1.37613,0.931771,,,All
,,1.39192,0.932292,,,All
,,1.39464,0.932813,,,All
,,1.39909,0.933333,,,All
,,1.39928,0.933854,,,All
,,1.40588,0.934375,,,All
,,1.41337,0.934896,,,All
,,1.41575,0.935417,,,All
,,1.42588,0.935937,,,All
,,1.42951,0.936458,,,All
,,1.43211,0.936979,,,All
,,1.43537,0.9375,,,All
,,1.43711,0.938021,,,All
,,1.44788,0.938542,,,All
,,1.4504,0.939063,,,All
,,1.45266,0.939583,,,All
,,1.45576,0.940104,,,All
,,1.46508,0.940625,,,All
,,1.477,0.941146,,,All
,,1.49014,0.941667,,,All
,,1.49342,0.942187,,,All
,,1.49384,0.942708,,,All
,,1.50924,0.943229,,,All
,,1.52163,0.94375,,,All
,,1.5261,0.944271,,,All
,,1.53517,0.944792,,,All
,,1.53553,0.945313,,,All
,,1.53685,0.945833,,,All
,,1.53814,0.946354,,,All
,,1.54082,0.946875,,,All
,,1.54629,0.947396,,,All
,,1.54727,0.947917,,,All
,,1.55,0.948438,,,All
,,1.55243,0.948958,,,All
,,1.56443,0.949479,,,All
,,1.57743,0.95,,,All
,,1.59333,0.950521,,,All
,,1.59351,0.951042,,,All
,,1.60909,0.951562,,,All
,,1.62388,0.952083,,,All
,,1.62952,0.952604,,,All
,,1.64822,0.953125,,,All
,,1.66592,0.953646,,,All
,,1.66877,0.954167,,,All
,,1.6796,0.954688,,,All
,,1.68122,0.955208,,,All
,,1.70408,0.955729,,,All
,,1.71622,0.95625,,,All
,,1.71977,0.956771,,,All
,,1.72064,0.957292,,,All
,,1.73606,0.957812,,,All
,,1.75843,0.958333,,,All
,,1.77578,0.958854,,,All
,,1.77699,0.959375,,,All
,,1.79773,0.959896,,,All
,,1.79891,0.960417,,,All
,,1.80277,0.960938,,,All
,,1.80833,0.961458,,,All
,,1.82946,0.961979,,,All
,,1.85252,0.9625,,,All
,,1.8606,0.963021,,,All
,,1.86871,0.963542,,,All
,,1.87963,0.964063,,,All
,,1.89108,0.964583,,,All
,,1.89311,0.965104,,,All
,,1.91084,0.965625,,,All
,,1.91378,0.966146,,,All
,,1.91759,0.966667,,,All
,,1.93062,0.967187,,,All
,,1.93358,0.967708,,,All
,,1.9426,0.968229,,,All
,,1.94391,0.96875,,,All
,,1.95025,0.969271,,,All
,,1.95067,0.969792,,,All
,,1.95093,0.970313,,,All
,,1.96071,0.970833,,,All
,,1.97755,0.971354,,,All
,,1.99594,0.971875,,,All
,,2.00213,0.972396,,,All
,,2.00704,0.972917,,,All
,,2.01432,0.973437,,,All
,,2.01635,0.973958,,,All
,,2.01665,0.974479,,,All
,,2.03052,0.975,,,All
,,2.04746,0.975521,,,All
,,2.08108,0.976042,,,All
,,2.12454,0.976563,,,All
,,2.1253,0.977083,,,All
,,2.12862,0.977604,,,All
,,2.13887,0.978125,,,All
,,2.13935,0.978646,,,All
,,2.14556,0.979167,,,All
,,2.14796,0.979688,,,All
,,2.15023,0.980208,,,All
,,2.17176,0.980729,,,All
,,2.17242,0.98125,,,All
,,2.1752,0.981771,,,All
,,2.18102,0.982292,,,All
,,2.19295,0.982812,,,All
,,2.21498,0.983333,,,All
,,2.21901,0.983854,,,All
,,2.22066,0.984375,,,All
,,2.22427,0.984896,,,All
,,2.23424,0.985417,,,All
,,2.2553,0.985938,,,All
,,2.4379,0.986458,,,All
,,2.49057,0.986979,,,All
,,2.59568,0.9875,,,All
,,2.61984,0.988021,,,All
,,2.64736,0.988542,,,All
,,2.65017,0.989062,,,All
,,2.65806,0.989583,,,All
,,2.72672,0.990104,,,All
,,2.75339,0.990625,,,All
,,2.78572,0.991146,,,All
,,2.83714,0.991667,,,All
,,2.84063,0.992188,,,All
,,2.84098,0.992708,,,All
,,2.90071,0.993229,,,All
,,2.94748,0.99375,,,All
,,2.97371,0.994271,,,All
,,3.03872,0.994792,,,All
,,3.06578,0.995313,,,All
,,3.15358,0.995833,,,All
,,3.27209,0.996354,,,All
,,3.27362,0.996875,,,All
,,3.35562,0.997396,,,All
,,3.36521,0.997917,,,All
,,3.38697,0.998437,,,All
,,3.4288,0.998958,,,All
,,3.50774,0.999479,,,All
,,3.73938,1,,,All
,,4,1,,,All
