popPred_spline_abscissa,popPred_spline,popPred_ci_abscissa,popPred_piLower,popPred_piUpper,indivPred_spline_abscissa,indivPred_spline,indivPred_ci_abscissa,indivPred_piLower,indivPred_piUpper,split
2.22045e-16,0.136397,2.22045e-16,-1.43186e-16,5.87275e-16,2.22045e-16,-0.0469608,2.22045e-16,-1.43186e-16,5.87275e-16,All
4.65027e-16,0.136397,4.65027e-16,9.97964e-17,8.30258e-16,4.6854e-16,-0.0469608,4.6854e-16,1.03309e-16,8.33771e-16,All
9.73905e-16,0.136397,9.73905e-16,3.45742e-16,1.60207e-15,9.88674e-16,-0.0469608,9.88674e-16,3.50985e-16,1.62636e-15,All
2.03965e-15,0.136397,2.03965e-15,7.24086e-16,3.35521e-15,2.08622e-15,-0.0469608,2.08622e-15,7.40619e-16,3.43182e-15,All
4.27162e-15,0.136397,4.27162e-15,1.51645e-15,7.0268e-15,4.40216e-15,-0.0469608,4.40216e-15,1.56279e-15,7.24153e-15,All
8.94605e-15,0.136397,8.94605e-15,3.1759e-15,1.47162e-14,9.28908e-15,-0.0469608,9.28908e-15,3.29768e-15,1.52805e-14,All
1.87357e-14,0.136397,1.87357e-14,6.65128e-15,3.08201e-14,1.9601e-14,-0.0469608,1.9601e-14,6.95848e-15,3.22436e-14,All
3.92381e-14,0.136397,3.92381e-14,1.39297e-14,6.45464e-14,4.13605e-14,-0.0469608,4.13605e-14,1.46832e-14,6.80377e-14,All
8.21762e-14,0.136397,8.21762e-14,2.9173e-14,1.35179e-13,8.72754e-14,-0.0469608,8.72754e-14,3.09833e-14,1.43568e-13,All
1.72101e-13,0.136397,1.72101e-13,6.1097e-14,2.83106e-13,1.84161e-13,-0.0469608,1.84161e-13,6.53783e-14,3.02944e-13,All
3.60431e-13,0.136397,3.60431e-13,1.27955e-13,5.92907e-13,3.88602e-13,-0.0469608,3.88602e-13,1.37956e-13,6.39248e-13,All
7.5485e-13,0.136397,7.5485e-13,2.67976e-13,1.24172e-12,8.19995e-13,-0.0469608,8.19995e-13,2.91103e-13,1.34889e-12,All
1.58088e-12,0.136397,1.58088e-12,5.61221e-13,2.60054e-12,1.73029e-12,-0.0469608,1.73029e-12,6.14261e-13,2.84631e-12,All
3.31083e-12,0.136397,3.31083e-12,1.17536e-12,5.4463e-12,3.6511e-12,-0.0469608,3.6511e-12,1.29616e-12,6.00605e-12,All
6.93386e-12,0.136397,6.93386e-12,2.46156e-12,1.14062e-11,7.70426e-12,-0.0469608,7.70426e-12,2.73506e-12,1.26735e-11,All
1.45216e-11,0.136397,1.45216e-11,5.15524e-12,2.38879e-11,1.62569e-11,-0.0469608,1.62569e-11,5.77129e-12,2.67425e-11,All
3.04125e-11,0.136397,3.04125e-11,1.07966e-11,5.00283e-11,3.43039e-11,-0.0469608,3.43039e-11,1.21781e-11,5.64297e-11,All
6.36927e-11,0.136397,6.36927e-11,2.26113e-11,1.04774e-10,7.23853e-11,-0.0469608,7.23853e-11,2.56972e-11,1.19073e-10,All
1.33391e-10,0.136397,1.33391e-10,4.73547e-11,2.19428e-10,1.52741e-10,-0.0469608,1.52741e-10,5.42241e-11,2.51259e-10,All
2.79361e-10,0.136397,2.79361e-10,9.91749e-11,4.59548e-10,3.22302e-10,-0.0469608,3.22302e-10,1.14419e-10,5.30185e-10,All
5.85066e-10,0.136397,5.85066e-10,2.07702e-10,9.62429e-10,6.80095e-10,-0.0469608,6.80095e-10,2.41438e-10,1.11875e-09,All
1.2253e-09,0.136397,1.2253e-09,4.34989e-10,2.01561e-09,1.43508e-09,-0.0469608,1.43508e-09,5.09461e-10,2.3607e-09,All
2.56614e-09,0.136397,2.56614e-09,9.10996e-10,4.22129e-09,3.02818e-09,-0.0469608,3.02818e-09,1.07502e-09,4.98135e-09,All
5.37427e-09,0.136397,5.37427e-09,1.9079e-09,8.84064e-09,6.38982e-09,-0.0469608,6.38982e-09,2.26842e-09,1.05112e-08,All
1.12553e-08,0.136397,1.12553e-08,3.9957e-09,1.85149e-08,1.34833e-08,-0.0469608,1.34833e-08,4.78664e-09,2.21799e-08,All
2.3572e-08,0.136397,2.3572e-08,8.36818e-09,3.87757e-08,2.84513e-08,-0.0469608,2.84513e-08,1.01004e-08,4.68022e-08,All
4.93667e-08,0.136397,4.93667e-08,1.75255e-08,8.12079e-08,6.00355e-08,-0.0469608,6.00355e-08,2.1313e-08,9.87581e-08,All
1.03388e-07,0.136397,1.03388e-07,3.67035e-08,1.70073e-07,1.26682e-07,-0.0469607,1.26682e-07,4.49728e-08,2.08391e-07,All
2.16526e-07,0.136398,2.16526e-07,7.6868e-08,3.56184e-07,2.67314e-07,-0.0469607,2.67314e-07,9.48979e-08,4.39729e-07,All
4.5347e-07,0.136398,4.5347e-07,1.60984e-07,7.45955e-07,5.64063e-07,-0.0469605,5.64063e-07,2.00246e-07,9.2788e-07,All
9.497e-07,0.136398,9.497e-07,3.37149e-07,1.56225e-06,1.19024e-06,-0.04696,1.19024e-06,4.22542e-07,1.95794e-06,All
1.98895e-06,0.136398,1.98895e-06,7.0609e-07,3.27182e-06,2.51154e-06,-0.0469591,2.51154e-06,8.91612e-07,4.13147e-06,All
4.16546e-06,0.136399,4.16546e-06,1.47876e-06,6.85216e-06,5.29965e-06,-0.0469572,5.29965e-06,1.88141e-06,8.71789e-06,All
8.72371e-06,0.1364,8.72371e-06,3.09697e-06,1.43505e-05,1.11829e-05,-0.0469532,1.11829e-05,3.96999e-06,1.83958e-05,All
1.827e-05,0.136404,1.827e-05,6.48597e-06,3.00541e-05,2.35972e-05,-0.0469447,2.35972e-05,8.37713e-06,3.88172e-05,All
3.82629e-05,0.136411,3.82629e-05,1.35835e-05,6.29422e-05,4.97928e-05,-0.0469268,4.97928e-05,1.76767e-05,8.19088e-05,All
8.01338e-05,0.136425,8.01338e-05,2.8448e-05,0.00013182,0.000105069,-0.0468889,0.000105069,3.73e-05,0.000172837,All
0.000167824,0.136456,0.000167824,5.95785e-05,0.00027607,0.000221707,-0.0468088,0.000221707,7.87073e-05,0.000364707,All
0.000351473,0.13652,0.000351473,0.000124775,0.000578172,0.000467828,-0.0466377,0.000467828,0.000166081,0.000769574,All
0.000736089,0.136653,0.000736089,0.000261316,0.00121086,0.000987171,-0.0462518,0.000987171,0.000350451,0.00162389,All
0.00154159,0.136933,0.00154159,0.000547273,0.00253591,0.00208305,-0.0454358,0.00208305,0.000739493,0.0034266,All
0.00322855,0.13752,0.00322855,0.00114615,0.00531094,0.00439547,-0.043606,0.00439547,0.00156042,0.00723052,All
0.00676153,0.138748,0.00676153,0.00240038,0.0111227,0.00927495,-0.0390646,0.00927495,0.00329266,0.0152572,All
0.0141607,0.145207,0.0141607,0.00502712,0.0232942,0.0195712,-0.0278773,0.0195712,0.0069479,0.0321946,All
0.0296566,0.163616,0.0296566,0.0105283,0.048785,0.0412976,-0.00144334,0.0412976,0.0146609,0.0679343,All
0.0500473,0.187839,0.0500473,0.0177671,0.0823276,0.072911,0.0336215,0.072911,0.0258838,0.119938,All
0.0621098,0.202169,0.0621098,0.0220493,0.10217,0.0871427,0.0482314,0.0871427,0.0309362,0.143349,All
0.100095,0.242355,0.100095,0.0355342,0.164655,0.145822,0.105741,0.145822,0.0517677,0.239876,All
0.130076,0.27,0.130076,0.0461778,0.213975,0.183881,0.143664,0.183881,0.0652789,0.302484,All
0.150142,0.288502,0.150142,0.0533013,0.246983,0.218733,0.180507,0.218733,0.0776515,0.359815,All
0.200189,0.34195,0.200189,0.0710684,0.32931,0.291644,0.262109,0.291644,0.103535,0.479753,All
0.250237,0.398026,0.250237,0.0888355,0.411638,0.364555,0.339801,0.364555,0.129419,0.599691,All
0.272418,0.425648,0.272418,0.0967101,0.448127,0.388011,0.361367,0.388011,0.137746,0.638276,All
0.300284,0.460586,0.300284,0.106603,0.493965,0.437466,0.404624,0.437466,0.155303,0.719629,All
0.350331,0.523336,0.350331,0.12437,0.576293,0.510377,0.468938,0.510377,0.181187,0.839568,All
0.400379,0.571627,0.400379,0.142137,0.658621,0.583288,0.549768,0.583288,0.207071,0.959506,All
0.450426,0.618607,0.450426,0.159904,0.740948,0.656199,0.64077,0.656199,0.232955,1.07944,All
0.500473,0.658936,0.500473,0.177671,0.823276,0.72911,0.721678,0.72911,0.258838,1.19938,All
0.550521,0.694812,0.550521,0.195438,0.905603,0.802022,0.788225,0.802022,0.284722,1.31932,All
0.570525,0.709151,0.570525,0.20254,0.93851,0.818748,0.80229,0.818748,0.29066,1.34684,All
0.600568,0.73073,0.600568,0.213205,0.987931,0.874933,0.847986,0.874933,0.310606,1.43926,All
0.650615,0.771886,0.650615,0.230972,1.07026,0.947844,0.910004,0.947844,0.33649,1.5592,All
0.700663,0.824335,0.700663,0.248739,1.15259,1.02075,0.979603,1.02075,0.362374,1.67914,All
0.75071,0.87805,0.75071,0.266506,1.23491,1.09367,1.06106,1.09367,0.388258,1.79907,All
0.800757,0.935697,0.800757,0.284273,1.31724,1.16658,1.14539,1.16658,0.414141,1.91901,All
0.850805,0.993343,0.850805,0.302041,1.39957,1.23949,1.22296,1.23949,0.440025,2.03895,All
0.900852,1.04315,0.900852,0.319808,1.4819,1.3124,1.28728,1.3124,0.465909,2.15889,All
0.950899,1.07903,0.950899,0.337575,1.56422,1.38531,1.34606,1.38531,0.491793,2.27883,All
1.00095,1.1149,1.00095,0.355342,1.64655,1.45822,1.41075,1.45822,0.517677,2.39876,All
1.05099,1.14656,1.05099,0.373109,1.72888,1.53113,1.49325,1.53113,0.543561,2.5187,All
1.10104,1.17433,1.10104,0.390876,1.81121,1.60404,1.59555,1.60404,0.569445,2.63864,All
1.15109,1.20209,1.15109,0.408643,1.89353,1.67695,1.69561,1.67695,0.595328,2.75858,All
1.19485,1.23226,1.19485,0.424178,1.96552,1.72765,1.75234,1.72765,0.613327,2.84198,All
1.20114,1.23748,1.20114,0.42641,1.97586,1.74987,1.77258,1.74987,0.621212,2.87852,All
1.25118,1.27902,1.25118,0.444177,2.05819,1.82278,1.83057,1.82278,0.647096,2.99846,All
1.30123,1.32056,1.30123,0.461944,2.14052,1.89569,1.89362,1.89569,0.67298,3.11839,All
1.35128,1.36593,1.35128,0.479711,2.22284,1.9686,1.97863,1.9686,0.698864,3.23833,All
1.40133,1.43948,1.40133,0.497479,2.30517,2.04151,2.07369,2.04151,0.724748,3.35827,All
1.45137,1.51302,1.45137,0.515246,2.3875,2.11442,2.15928,2.11442,0.750631,3.47821,All
1.50142,1.58657,1.50142,0.533013,2.46983,2.18733,2.22797,2.18733,0.776515,3.59815,All
1.55147,1.66207,1.55147,0.55078,2.55215,2.26024,2.29033,2.26024,0.802399,3.71809,All
1.60151,1.74158,1.60151,0.568547,2.63448,2.33315,2.36201,2.33315,0.828283,3.83802,All
1.65156,1.82108,1.65156,0.586314,2.71681,2.40606,2.45526,2.40606,0.854167,3.95796,All
1.70161,1.90059,1.70161,0.604081,2.79914,2.47898,2.56361,2.47898,0.880051,4.0779,All
1.75166,1.96902,1.75166,0.621848,2.88146,2.55189,2.67547,2.55189,0.905935,4.19784,All
1.8017,2.00427,1.8017,0.639615,2.96379,2.6248,2.77883,2.6248,0.931818,4.31778,All
1.85175,2.03953,1.85175,0.657382,3.04612,2.69771,2.86216,2.69771,0.957702,4.43772,All
1.9018,2.07479,1.9018,0.67515,3.12845,2.77062,2.92757,2.77062,0.983586,4.55765,All
1.95185,2.10889,1.95185,0.692917,3.21078,2.84353,2.98762,2.84353,1.00947,4.67759,All
2.00189,2.13303,2.00189,0.710684,3.2931,2.91644,3.05613,2.91644,1.03535,4.79753,All
2.05194,2.1629,2.05194,0.728451,3.37543,2.98935,3.14132,2.98935,1.06124,4.91747,All
2.10199,2.19403,2.10199,0.746218,3.45776,3.06226,3.23916,3.06226,1.08712,5.03741,All
2.15204,2.22528,2.15204,0.763985,3.54009,3.13517,3.34567,3.13517,1.11301,5.15734,All
2.20208,2.25784,2.20208,0.781752,3.62241,3.20809,3.45667,3.20809,1.13889,5.27728,All
2.25213,2.2904,2.25213,0.799519,3.70474,3.281,3.56151,3.281,1.16477,5.39722,All
2.30218,2.35282,2.30218,0.817286,3.78707,3.35391,3.66342,3.35391,1.19066,5.51716,All
2.35222,2.47552,2.35222,0.835053,3.8694,3.42682,3.76532,3.42682,1.21654,5.6371,All
2.40227,2.49258,2.40227,0.85282,3.95172,3.49973,3.8546,3.49973,1.24242,5.75704,All
2.45232,2.50857,2.45232,0.870588,4.03405,3.57264,3.92438,3.57264,1.26831,5.87697,All
2.50237,2.53772,2.50237,0.888355,4.11638,3.64555,3.97556,3.64555,1.29419,5.99691,All
