beta_exp_abscissa,beta_exp_cdf,delta0_abscissa,delta0_cdf,p_abscissa,p_cdf,td_abscissa,td_cdf,b_exp_abscissa,b_exp_cdf,h_0_abscissa,h_0_cdf,tc_abscissa,tc_cdf,sigma_abscissa,sigma_cdf,rho_exp_abscissa,rho_exp_cdf,q_exp_abscissa,q_exp_cdf,ifn0_abscissa,ifn0_cdf,split
-5.36001,0,0.106556,0,1.36333,0.00833333,0.528159,0,-5.35521,0.00833333,0.230207,0,1.1797,0,0.0822944,0.00833333,-3.39837,0,-4.62025,0,0.100529,0,All
-4.78995,0.00833333,0.133725,0.00833333,1.40049,0.0166667,0.616478,0.00833333,-5.32136,0.0166667,0.391686,0.00833333,1.51205,0.00833333,0.0843643,0.0166667,-2.80701,0.00833333,-4.3343,0.00833333,0.13391,0.00833333,All
-4.74826,0.0166667,0.140764,0.0166667,1.46883,0.025,0.647734,0.0166667,-5.26843,0.025,0.411159,0.0166667,1.83721,0.0166667,0.0912801,0.025,-2.77401,0.0166667,-4.3242,0.0166667,0.138826,0.0166667,All
-4.73406,0.025,0.141977,0.025,1.57399,0.0333333,0.664352,0.025,-5.23048,0.0333333,0.414982,0.025,1.93247,0.025,0.0919953,0.0333333,-2.74251,0.025,-4.32312,0.025,0.142263,0.025,All
-4.71559,0.0333333,0.15535,0.0333333,1.61199,0.0416667,0.664669,0.0333333,-5.22552,0.0416667,0.415165,0.0333333,1.9327,0.0333333,0.0959707,0.0416667,-2.66866,0.0333333,-4.32257,0.0333333,0.148521,0.0333333,All
-4.71127,0.0416667,0.158675,0.0416667,1.65174,0.05,0.691457,0.0416667,-5.02284,0.05,0.418239,0.0416667,1.9333,0.0416667,0.103698,0.05,-2.64765,0.0416667,-4.32243,0.0416667,0.15008,0.0416667,All
-4.71024,0.05,0.172623,0.05,1.81101,0.0583333,0.84427,0.05,-5.02106,0.0583333,0.428727,0.05,2.02859,0.05,0.105854,0.0583333,-2.63128,0.05,-4.32015,0.05,0.150228,0.05,All
-4.68289,0.0583333,0.180125,0.0583333,1.85476,0.0666667,0.854053,0.0583333,-4.96951,0.0666667,0.429541,0.0583333,2.03047,0.0583333,0.115728,0.0666667,-2.61801,0.0583333,-4.31617,0.0583333,0.153529,0.0583333,All
-4.66315,0.0666667,0.181651,0.0666667,1.89205,0.075,0.871232,0.0666667,-4.95,0.075,0.430628,0.0666667,2.10305,0.0666667,0.116647,0.075,-2.57475,0.0666667,-4.31586,0.0666667,0.170666,0.0666667,All
-4.6351,0.075,0.183877,0.075,2.12395,0.0833333,0.8719,0.075,-4.73447,0.0833333,0.435987,0.075,2.1548,0.075,0.118454,0.0833333,-2.56771,0.075,-4.31243,0.075,0.17846,0.075,All
-4.6282,0.0833333,0.187784,0.0833333,2.13324,0.0916667,0.882513,0.0833333,-4.7097,0.0916667,0.446507,0.0833333,2.21222,0.0833333,0.118885,0.0916667,-2.53381,0.0833333,-4.31182,0.0833333,0.179896,0.0833333,All
-4.60264,0.0916667,0.191233,0.0916667,2.13571,0.1,1.16826,0.0916667,-4.6764,0.1,0.451411,0.0916667,2.4064,0.0916667,0.133363,0.1,-2.51388,0.0916667,-4.31129,0.0916667,0.182945,0.0916667,All
-4.56689,0.1,0.192009,0.1,2.22943,0.108333,1.25182,0.1,-4.44727,0.108333,0.454151,0.1,2.4178,0.1,0.141942,0.108333,-2.50104,0.1,-4.3112,0.1,0.198009,0.1,All
-4.53574,0.108333,0.19235,0.108333,2.24954,0.116667,1.29972,0.108333,-4.4255,0.116667,0.456593,0.108333,2.53726,0.108333,0.172046,0.116667,-2.49807,0.108333,-4.31034,0.108333,0.198736,0.108333,All
-4.53162,0.116667,0.199072,0.116667,2.26886,0.125,1.30687,0.116667,-4.04321,0.125,0.458702,0.116667,2.57991,0.116667,0.174379,0.125,-2.47989,0.116667,-4.30931,0.116667,0.205303,0.116667,All
-4.53084,0.125,0.209206,0.125,2.30314,0.133333,1.35294,0.125,-4.01524,0.133333,0.461873,0.125,2.68874,0.125,0.18048,0.133333,-2.45133,0.125,-4.30836,0.125,0.205364,0.125,All
-4.501,0.133333,0.20953,0.133333,2.3139,0.141667,1.35342,0.133333,-3.96701,0.141667,0.469282,0.133333,2.69346,0.133333,0.181185,0.141667,-2.43353,0.133333,-4.30751,0.133333,0.206759,0.133333,All
-4.48104,0.141667,0.218749,0.141667,2.35942,0.15,1.35898,0.141667,-3.96116,0.15,0.47091,0.141667,2.72187,0.141667,0.187801,0.15,-2.41566,0.141667,-4.30736,0.141667,0.208164,0.141667,All
-4.47377,0.15,0.22309,0.15,2.44487,0.158333,1.36682,0.15,-3.92716,0.158333,0.477251,0.15,2.91419,0.15,0.203673,0.158333,-2.37429,0.15,-4.30678,0.15,0.208493,0.15,All
-4.46361,0.158333,0.228219,0.158333,2.45615,0.166667,1.37409,0.158333,-3.88159,0.166667,0.477384,0.158333,2.92486,0.158333,0.213374,0.166667,-2.36432,0.158333,-4.30589,0.158333,0.2113,0.158333,All
-4.4413,0.166667,0.231471,0.166667,2.49338,0.175,1.38792,0.166667,-3.74304,0.175,0.477487,0.166667,2.93002,0.166667,0.227543,0.175,-2.35784,0.166667,-4.3051,0.166667,0.211323,0.166667,All
-4.43942,0.175,0.253226,0.175,2.50991,0.183333,1.40404,0.175,-3.70181,0.183333,0.481442,0.175,2.9391,0.175,0.249501,0.183333,-2.3539,0.175,-4.30382,0.175,0.230494,0.175,All
-4.36603,0.183333,0.254353,0.183333,2.53075,0.191667,1.41649,0.183333,-3.69965,0.191667,0.482847,0.183333,2.99445,0.183333,0.251421,0.191667,-2.33694,0.183333,-4.30381,0.183333,0.23051,0.183333,All
-4.35945,0.191667,0.256502,0.191667,2.53628,0.2,1.42222,0.191667,-3.65586,0.2,0.486282,0.191667,3.01656,0.191667,0.261658,0.2,-2.33433,0.191667,-4.30329,0.191667,0.235874,0.191667,All
-4.35181,0.2,0.268023,0.2,2.54343,0.208333,1.43593,0.2,-3.65389,0.208333,0.487821,0.2,3.15137,0.2,0.262948,0.208333,-2.33406,0.2,-4.3031,0.2,0.242185,0.2,All
-4.33158,0.208333,0.272049,0.208333,2.56234,0.216667,1.47693,0.208333,-3.59799,0.216667,0.493159,0.208333,3.20827,0.208333,0.269325,0.216667,-2.32219,0.208333,-4.30308,0.208333,0.245263,0.208333,All
-4.30951,0.216667,0.299587,0.216667,2.58392,0.225,1.48389,0.216667,-3.53358,0.225,0.496069,0.216667,3.27928,0.216667,0.26979,0.225,-2.31766,0.216667,-4.30306,0.216667,0.245666,0.216667,All
-4.30218,0.225,0.308935,0.225,2.5912,0.233333,1.53516,0.225,-3.3248,0.233333,0.496707,0.225,3.3538,0.225,0.273697,0.233333,-2.30756,0.225,-4.30224,0.225,0.254449,0.225,All
-4.28207,0.233333,0.330702,0.233333,2.5948,0.241667,1.5411,0.233333,-3.29048,0.241667,0.496784,0.233333,3.38082,0.233333,0.280188,0.241667,-2.30286,0.233333,-4.30178,0.233333,0.259531,0.233333,All
-4.2787,0.241667,0.348698,0.241667,2.60677,0.25,1.57497,0.241667,-3.27611,0.25,0.499852,0.241667,3.44422,0.241667,0.28165,0.25,-2.29594,0.241667,-4.30105,0.241667,0.261265,0.241667,All
-4.27424,0.25,0.358802,0.25,2.60697,0.258333,1.57738,0.25,-3.22138,0.258333,0.502205,0.25,3.45756,0.25,0.296041,0.258333,-2.28833,0.25,-4.29815,0.25,0.265206,0.25,All
-4.26303,0.258333,0.37586,0.258333,2.61064,0.266667,1.58605,0.258333,-3.20724,0.266667,0.504139,0.258333,3.52955,0.258333,0.296411,0.266667,-2.27603,0.258333,-4.29785,0.258333,0.265457,0.258333,All
-4.23554,0.266667,0.376896,0.266667,2.61131,0.275,1.58891,0.266667,-3.18819,0.275,0.504929,0.266667,3.582,0.266667,0.307727,0.275,-2.27442,0.266667,-4.29759,0.266667,0.265828,0.266667,All
-4.21365,0.275,0.399842,0.275,2.62771,0.283333,1.61145,0.275,-3.15488,0.283333,0.51139,0.275,3.73889,0.275,0.312318,0.283333,-2.26658,0.275,-4.29719,0.275,0.266727,0.275,All
-4.20446,0.283333,0.409381,0.283333,2.67891,0.291667,1.61622,0.283333,-3.1251,0.291667,0.511667,0.283333,3.73938,0.283333,0.316534,0.291667,-2.21458,0.283333,-4.29682,0.283333,0.268748,0.283333,All
-4.18002,0.291667,0.41555,0.291667,2.69681,0.3,1.64665,0.291667,-3.07375,0.3,0.513345,0.291667,3.74458,0.291667,0.317566,0.3,-2.21305,0.291667,-4.29637,0.291667,0.270994,0.291667,All
-4.16162,0.3,0.476653,0.3,2.70929,0.308333,1.64804,0.3,-3.02365,0.308333,0.518367,0.3,3.77426,0.3,0.321683,0.308333,-2.18881,0.3,-4.29607,0.3,0.273827,0.3,All
-4.15979,0.308333,0.481677,0.308333,2.74554,0.316667,1.65729,0.308333,-3.00608,0.316667,0.520377,0.308333,3.84798,0.308333,0.322947,0.316667,-2.18694,0.308333,-4.29477,0.308333,0.274634,0.308333,All
-4.14314,0.316667,0.492074,0.316667,2.75034,0.325,1.66886,0.316667,-2.97992,0.325,0.523874,0.316667,3.89132,0.316667,0.324924,0.325,-2.18451,0.316667,-4.29464,0.316667,0.275579,0.316667,All
-4.12323,0.325,0.495264,0.325,2.76917,0.333333,1.67446,0.325,-2.87948,0.333333,0.524914,0.325,3.89814,0.325,0.332019,0.333333,-2.18097,0.325,-4.29392,0.325,0.28047,0.325,All
-4.09844,0.333333,0.496325,0.333333,2.77132,0.341667,1.67766,0.333333,-2.80877,0.341667,0.52813,0.333333,3.90876,0.333333,0.33287,0.341667,-2.17925,0.333333,-4.29316,0.333333,0.284015,0.333333,All
-4.08795,0.341667,0.510845,0.341667,2.77285,0.35,1.68053,0.341667,-2.70202,0.35,0.528658,0.341667,3.98025,0.341667,0.338141,0.35,-2.17834,0.341667,-4.29297,0.341667,0.289595,0.341667,All
-4.07815,0.35,0.520843,0.35,2.79175,0.358333,1.6905,0.35,-2.59451,0.358333,0.530008,0.35,4.02461,0.35,0.339831,0.358333,-2.17239,0.35,-4.29274,0.35,0.295961,0.35,All
-4.05473,0.358333,0.535209,0.358333,2.79743,0.366667,1.69406,0.358333,-2.51742,0.366667,0.537103,0.358333,4.03266,0.358333,0.347874,0.366667,-2.14242,0.358333,-4.29271,0.358333,0.29691,0.358333,All
-4.047,0.366667,0.592275,0.366667,2.80807,0.375,1.6962,0.366667,-2.47395,0.375,0.537218,0.366667,4.04077,0.366667,0.353721,0.375,-2.13166,0.366667,-4.29211,0.366667,0.297719,0.366667,All
-4.01921,0.375,0.603787,0.375,2.88796,0.383333,1.70935,0.375,-2.4164,0.383333,0.542044,0.375,4.1609,0.375,0.355117,0.383333,-2.11965,0.375,-4.29096,0.375,0.310143,0.375,All
-3.98799,0.383333,0.618292,0.383333,2.89166,0.391667,1.71737,0.383333,-2.29783,0.391667,0.543308,0.383333,4.16584,0.383333,0.363282,0.391667,-2.11111,0.383333,-4.29095,0.383333,0.312038,0.383333,All
-3.95558,0.391667,0.630374,0.391667,2.91181,0.4,1.72242,0.391667,-2.28732,0.4,0.551063,0.391667,4.26547,0.391667,0.365761,0.4,-2.07323,0.391667,-4.29018,0.391667,0.315338,0.391667,All
-3.94527,0.4,0.636522,0.4,2.92311,0.408333,1.73861,0.4,-2.28156,0.408333,0.554186,0.4,4.35585,0.4,0.365908,0.408333,-2.07182,0.4,-4.28877,0.4,0.319591,0.4,All
-3.93427,0.408333,0.649843,0.408333,2.92488,0.416667,1.75709,0.408333,-2.27472,0.416667,0.558145,0.408333,4.35779,0.408333,0.391684,0.416667,-2.06355,0.408333,-4.28785,0.408333,0.321546,0.408333,All
-3.92185,0.416667,0.751345,0.416667,2.9427,0.425,1.75878,0.416667,-2.16243,0.425,0.560837,0.416667,4.42481,0.416667,0.392137,0.425,-2.05429,0.416667,-4.28729,0.416667,0.323361,0.416667,All
-3.86627,0.425,0.756111,0.425,2.94991,0.433333,1.76618,0.425,-2.14941,0.433333,0.563887,0.425,4.65076,0.425,0.393868,0.433333,-2.05358,0.425,-4.28693,0.425,0.329358,0.425,All
-3.84423,0.433333,0.766759,0.433333,2.97423,0.441667,1.77024,0.433333,-2.08621,0.441667,0.564532,0.433333,4.72128,0.433333,0.395216,0.441667,-2.05203,0.433333,-4.28647,0.433333,0.330826,0.433333,All
-3.83003,0.441667,0.80143,0.441667,2.98158,0.45,1.77494,0.441667,-2.02845,0.45,0.567434,0.441667,4.73025,0.441667,0.396614,0.45,-1.98731,0.441667,-4.28599,0.441667,0.331466,0.441667,All
-3.82733,0.45,0.91381,0.45,2.98367,0.458333,1.77705,0.45,-1.99316,0.458333,0.571822,0.45,4.7453,0.45,0.399287,0.458333,-1.98252,0.45,-4.28481,0.45,0.335223,0.45,All
-3.80707,0.458333,0.916818,0.458333,2.98589,0.466667,1.77735,0.458333,-1.9586,0.466667,0.573269,0.458333,4.75915,0.458333,0.404024,0.466667,-1.92875,0.458333,-4.28459,0.458333,0.337359,0.458333,All
-3.78937,0.466667,0.930224,0.466667,2.99183,0.475,1.77978,0.466667,-1.93274,0.475,0.575283,0.466667,4.79306,0.466667,0.407709,0.475,-1.92285,0.466667,-4.2845,0.466667,0.343578,0.466667,All
-3.78521,0.475,0.965277,0.475,2.99218,0.483333,1.78784,0.475,-1.92901,0.483333,0.576807,0.475,4.81288,0.475,0.412888,0.483333,-1.91657,0.475,-4.28401,0.475,0.344414,0.475,All
-3.77308,0.483333,0.980803,0.483333,2.99437,0.491667,1.79793,0.483333,-1.86165,0.491667,0.580298,0.483333,4.85736,0.483333,0.414247,0.491667,-1.91078,0.483333,-4.28338,0.483333,0.350818,0.483333,All
-3.76189,0.491667,0.981186,0.491667,3.00988,0.5,1.80579,0.491667,-1.83944,0.5,0.580568,0.491667,4.89731,0.491667,0.415124,0.5,-1.90658,0.491667,-4.28335,0.491667,0.353154,0.491667,All
-3.76109,0.5,0.990494,0.5,3.02569,0.508333,1.80622,0.5,-1.80734,0.508333,0.580968,0.5,4.99891,0.5,0.421445,0.508333,-1.89714,0.5,-4.28256,0.5,0.367137,0.5,All
-3.74824,0.508333,1.00133,0.508333,3.02851,0.516667,1.81464,0.508333,-1.79224,0.516667,0.58434,0.508333,5.17252,0.508333,0.43602,0.516667,-1.88041,0.508333,-4.2816,0.508333,0.367296,0.508333,All
-3.7413,0.516667,1.03251,0.516667,3.03155,0.525,1.82287,0.516667,-1.79161,0.525,0.590455,0.516667,5.19323,0.516667,0.44778,0.525,-1.87572,0.516667,-4.2807,0.516667,0.383136,0.516667,All
-3.74082,0.525,1.03387,0.525,3.03706,0.533333,1.83184,0.525,-1.78579,0.533333,0.590458,0.525,5.29183,0.525,0.455311,0.533333,-1.8585,0.525,-4.27913,0.525,0.385125,0.525,All
-3.72354,0.533333,1.03771,0.533333,3.06618,0.541667,1.83841,0.533333,-1.78355,0.541667,0.602414,0.533333,5.37103,0.533333,0.470761,0.541667,-1.83911,0.533333,-4.2785,0.533333,0.385266,0.533333,All
-3.7163,0.541667,1.05202,0.541667,3.07743,0.55,1.84828,0.541667,-1.77912,0.55,0.606556,0.541667,5.46609,0.541667,0.474253,0.55,-1.82532,0.541667,-4.27795,0.541667,0.392482,0.541667,All
-3.70809,0.55,1.0656,0.55,3.08262,0.558333,1.87918,0.55,-1.76293,0.558333,0.607016,0.55,5.4768,0.55,0.477055,0.558333,-1.81703,0.55,-4.27793,0.55,0.394729,0.55,All
-3.69057,0.558333,1.06607,0.558333,3.10429,0.566667,1.883,0.558333,-1.7521,0.566667,0.607641,0.558333,5.56692,0.558333,0.50247,0.566667,-1.80642,0.558333,-4.27757,0.558333,0.403529,0.558333,All
-3.68705,0.566667,1.14148,0.566667,3.11646,0.575,1.88659,0.566667,-1.7511,0.575,0.632162,0.566667,5.56973,0.566667,0.505301,0.575,-1.80319,0.566667,-4.2771,0.566667,0.406353,0.566667,All
-3.67864,0.575,1.18031,0.575,3.12323,0.583333,1.91408,0.575,-1.71589,0.583333,0.636266,0.575,5.65861,0.575,0.508653,0.583333,-1.78794,0.575,-4.277,0.575,0.408511,0.575,All
-3.67791,0.583333,1.21732,0.583333,3.12609,0.591667,2.00417,0.583333,-1.71289,0.591667,0.636615,0.583333,5.75258,0.583333,0.50872,0.591667,-1.78727,0.583333,-4.27618,0.583333,0.425952,0.583333,All
-3.67584,0.591667,1.23732,0.591667,3.14505,0.6,2.09005,0.591667,-1.70391,0.6,0.636722,0.591667,6.15382,0.591667,0.513388,0.6,-1.78623,0.591667,-4.27505,0.591667,0.460652,0.591667,All
-3.67023,0.6,1.26403,0.6,3.15458,0.608333,2.22259,0.6,-1.69576,0.608333,0.636782,0.6,6.18129,0.6,0.513706,0.608333,-1.77172,0.6,-4.27444,0.6,0.473612,0.6,All
-3.65576,0.608333,1.32511,0.608333,3.15823,0.616667,2.26765,0.608333,-1.66842,0.616667,0.639368,0.608333,6.19603,0.608333,0.521754,0.616667,-1.75775,0.608333,-4.27303,0.608333,0.477452,0.608333,All
-3.64393,0.616667,1.32786,0.616667,3.16058,0.625,2.27478,0.616667,-1.65357,0.625,0.644323,0.616667,6.35571,0.616667,0.5285,0.625,-1.7568,0.616667,-4.27226,0.616667,0.486432,0.616667,All
-3.62793,0.625,1.40396,0.625,3.16339,0.633333,2.31399,0.625,-1.5953,0.633333,0.654782,0.625,6.43839,0.625,0.530397,0.633333,-1.74863,0.625,-4.27133,0.625,0.487671,0.625,All
-3.58492,0.633333,1.46469,0.633333,3.17388,0.641667,2.36772,0.633333,-1.57876,0.641667,0.660179,0.633333,6.60144,0.633333,0.534237,0.641667,-1.72429,0.633333,-4.27097,0.633333,0.499637,0.633333,All
-3.5741,0.641667,1.7424,0.641667,3.17621,0.65,2.36853,0.641667,-1.56354,0.65,0.66023,0.641667,6.66617,0.641667,0.53876,0.65,-1.66304,0.641667,-4.27092,0.641667,0.500496,0.641667,All
-3.56959,0.65,1.8407,0.65,3.18342,0.658333,2.37729,0.65,-1.54968,0.658333,0.670456,0.65,6.75246,0.65,0.542144,0.658333,-1.65881,0.65,-4.27086,0.65,0.506836,0.65,All
-3.56833,0.658333,1.85416,0.658333,3.1854,0.666667,2.39276,0.658333,-1.53345,0.666667,0.674962,0.658333,6.85513,0.658333,0.543304,0.666667,-1.62432,0.658333,-4.2694,0.658333,0.507774,0.658333,All
-3.56318,0.666667,1.87258,0.666667,3.19745,0.675,2.40617,0.666667,-1.52986,0.675,0.685121,0.666667,6.88289,0.666667,0.545924,0.675,-1.6055,0.666667,-4.26913,0.666667,0.509218,0.666667,All
-3.5358,0.675,1.90807,0.675,3.21805,0.683333,2.40643,0.675,-1.51908,0.683333,0.689762,0.675,6.94686,0.675,0.547708,0.683333,-1.6034,0.675,-4.26848,0.675,0.516396,0.675,All
-3.53397,0.683333,1.92937,0.683333,3.22397,0.691667,2.42034,0.683333,-1.5052,0.691667,0.695312,0.683333,6.94968,0.683333,0.549269,0.691667,-1.55056,0.683333,-4.26707,0.683333,0.544003,0.683333,All
-3.50696,0.691667,1.99021,0.691667,3.22859,0.7,2.42702,0.691667,-1.47904,0.7,0.696322,0.691667,7.05623,0.691667,0.549872,0.7,-1.54683,0.691667,-4.26637,0.691667,0.552015,0.691667,All
-3.48915,0.7,2.05006,0.7,3.23086,0.708333,2.44951,0.7,-1.46644,0.708333,0.697537,0.7,7.06261,0.7,0.5637,0.708333,-1.53544,0.7,-4.26567,0.7,0.55628,0.7,All
-3.48741,0.708333,2.1715,0.708333,3.23726,0.716667,2.45416,0.708333,-1.46175,0.716667,0.699578,0.708333,7.21886,0.708333,0.56955,0.716667,-1.52881,0.708333,-4.26526,0.708333,0.563992,0.708333,All
-3.48482,0.716667,2.21566,0.716667,3.25828,0.725,2.46004,0.716667,-1.46156,0.725,0.705896,0.716667,7.28214,0.716667,0.575804,0.725,-1.51909,0.716667,-4.26513,0.716667,0.568875,0.716667,All
-3.48426,0.725,2.2514,0.725,3.26475,0.733333,2.471,0.725,-1.39695,0.733333,0.73413,0.725,7.53872,0.725,0.577339,0.733333,-1.50009,0.725,-4.26263,0.725,0.574967,0.725,All
-3.4732,0.733333,2.28192,0.733333,3.2689,0.741667,2.49099,0.733333,-1.36511,0.741667,0.735391,0.733333,7.69165,0.733333,0.580613,0.741667,-1.46609,0.733333,-4.26242,0.733333,0.580099,0.733333,All
-3.46803,0.741667,2.35322,0.741667,3.27757,0.75,2.52683,0.741667,-1.34493,0.75,0.737859,0.741667,7.6979,0.741667,0.581549,0.75,-1.46458,0.741667,-4.25946,0.741667,0.585111,0.741667,All
-3.46793,0.75,2.47008,0.75,3.28507,0.758333,2.56011,0.75,-1.32154,0.758333,0.738312,0.75,7.81086,0.75,0.593935,0.758333,-1.39611,0.75,-4.25499,0.75,0.612341,0.75,All
-3.45072,0.758333,2.55367,0.758333,3.2852,0.766667,2.57039,0.758333,-1.28944,0.766667,0.749721,0.758333,7.94061,0.758333,0.597213,0.766667,-1.3776,0.758333,-4.25468,0.758333,0.613947,0.758333,All
-3.44011,0.766667,2.65724,0.766667,3.29611,0.775,2.6382,0.766667,-1.27058,0.775,0.755401,0.766667,7.95753,0.766667,0.599155,0.775,-1.3321,0.766667,-4.25452,0.766667,0.622503,0.766667,All
-3.43814,0.775,2.71087,0.775,3.30744,0.783333,2.64545,0.775,-1.1773,0.783333,0.767393,0.775,8.1112,0.775,0.605489,0.783333,-1.3242,0.775,-4.25327,0.775,0.624983,0.775,All
-3.42456,0.783333,3.35166,0.783333,3.30996,0.791667,2.67875,0.783333,-1.15096,0.791667,0.771031,0.783333,8.37948,0.783333,0.611952,0.791667,-1.30284,0.783333,-4.25321,0.783333,0.628495,0.783333,All
-3.40674,0.791667,3.49055,0.791667,3.31878,0.8,2.67985,0.791667,-1.13638,0.8,0.772965,0.791667,8.41944,0.791667,0.617485,0.8,-1.29775,0.791667,-4.2512,0.791667,0.639693,0.791667,All
-3.37825,0.8,3.51032,0.8,3.32402,0.808333,2.68849,0.8,-1.12317,0.808333,0.773678,0.8,8.51773,0.8,0.621418,0.808333,-1.26438,0.8,-4.24716,0.8,0.643396,0.8,All
-3.37492,0.808333,3.51222,0.808333,3.33699,0.816667,2.69921,0.808333,-1.12211,0.816667,0.788472,0.808333,8.95457,0.808333,0.621764,0.816667,-1.2617,0.808333,-4.2457,0.808333,0.644506,0.808333,All
-3.3652,0.816667,4.22102,0.816667,3.36094,0.825,2.74245,0.816667,-1.12171,0.825,0.822545,0.816667,9.91026,0.816667,0.630815,0.825,-1.23158,0.816667,-4.24416,0.816667,0.658705,0.816667,All
-3.35866,0.825,4.54738,0.825,3.36952,0.833333,2.74846,0.825,-1.09309,0.833333,0.839716,0.825,10.19,0.825,0.639758,0.833333,-1.06608,0.825,-4.24356,0.825,0.663214,0.825,All
-3.33364,0.833333,4.57479,0.833333,3.39343,0.841667,2.75924,0.833333,-1.06972,0.841667,0.845556,0.833333,10.2897,0.833333,0.664281,0.841667,-0.919805,0.833333,-4.24204,0.833333,0.667368,0.833333,All
-3.32902,0.841667,4.65068,0.841667,3.40568,0.85,2.77868,0.841667,-1.06925,0.85,0.84639,0.841667,10.6082,0.841667,0.671748,0.85,-0.806186,0.841667,-4.24025,0.841667,0.671877,0.841667,All
-3.32808,0.85,4.89401,0.85,3.42,0.858333,2.77987,0.85,-1.05578,0.858333,0.846968,0.85,10.6931,0.85,0.674427,0.858333,-0.770065,0.85,-4.23996,0.85,0.675608,0.85,All
-3.3274,0.858333,4.89747,0.858333,3.42192,0.866667,2.79115,0.858333,-1.05235,0.866667,0.854834,0.858333,10.7137,0.858333,0.681681,0.866667,-0.758039,0.858333,-4.23894,0.858333,0.678675,0.858333,All
-3.31916,0.866667,5.0523,0.866667,3.45642,0.875,2.80093,0.866667,-1.01484,0.875,0.859669,0.866667,10.7843,0.866667,0.698348,0.875,-0.70478,0.866667,-4.23871,0.866667,0.684328,0.866667,All
-3.28895,0.875,5.24838,0.875,3.51243,0.883333,2.80254,0.875,-0.987543,0.883333,0.861093,0.875,10.8792,0.875,0.698562,0.883333,-0.70437,0.875,-4.23669,0.875,0.688044,0.875,All
-3.26522,0.883333,5.28922,0.883333,3.51244,0.891667,2.89047,0.883333,-0.975031,0.891667,0.865015,0.883333,10.955,0.883333,0.698681,0.891667,-0.680581,0.883333,-4.23603,0.883333,0.689466,0.883333,All
-3.23365,0.891667,5.33326,0.891667,3.53479,0.9,2.90174,0.891667,-0.973854,0.9,0.867403,0.891667,11.0597,0.891667,0.711109,0.9,-0.675851,0.891667,-4.23602,0.891667,0.700591,0.891667,All
-3.19321,0.9,5.40441,0.9,3.53722,0.908333,2.97872,0.9,-0.947235,0.908333,0.868782,0.9,11.1064,0.9,0.715739,0.908333,-0.660554,0.9,-4.23486,0.9,0.701165,0.9,All
-3.13412,0.908333,5.78032,0.908333,3.5373,0.916667,3.10754,0.908333,-0.907235,0.916667,0.874924,0.908333,11.239,0.908333,0.767931,0.916667,-0.659323,0.908333,-4.23326,0.908333,0.751544,0.908333,All
-3.08554,0.916667,6.17099,0.916667,3.54562,0.925,3.16843,0.916667,-0.89355,0.925,0.877362,0.916667,11.2832,0.916667,0.931946,0.925,-0.652597,0.916667,-4.23292,0.916667,0.796646,0.916667,All
-2.80328,0.925,6.75218,0.925,3.55055,0.933333,3.8225,0.925,-0.876083,0.933333,0.88011,0.925,11.3023,0.925,1.05631,0.933333,-0.638599,0.925,-4.23193,0.925,0.803703,0.925,All
-2.6259,0.933333,7.73259,0.933333,3.60599,0.941667,3.84996,0.933333,-0.840866,0.941667,0.880203,0.933333,11.3701,0.933333,1.09915,0.941667,-0.623917,0.933333,-4.23067,0.933333,0.815625,0.933333,All
-2.60633,0.941667,8.11337,0.941667,3.63371,0.95,3.98019,0.941667,-0.812462,0.95,0.883992,0.941667,11.3996,0.941667,1.23066,0.95,-0.605261,0.941667,-4.22837,0.941667,0.824917,0.941667,All
-2.54421,0.95,8.39882,0.95,3.63687,0.958333,3.99696,0.95,-0.781357,0.958333,0.886078,0.95,11.4199,0.95,1.38866,0.958333,-0.603897,0.95,-4.22783,0.95,0.828318,0.95,All
-2.47418,0.958333,10.4701,0.958333,3.65328,0.966667,4.02829,0.958333,-0.745489,0.966667,0.887141,0.958333,11.4309,0.958333,1.53052,0.966667,-0.527672,0.958333,-4.22775,0.958333,0.841262,0.958333,All
-2.41112,0.966667,11.4752,0.966667,3.66575,0.975,4.0307,0.966667,-0.636428,0.975,0.896118,0.966667,11.4816,0.966667,1.6089,0.975,-0.517609,0.966667,-4.22739,0.966667,0.844162,0.966667,All
-2.40267,0.975,13.6509,0.975,3.69754,0.983333,4.06016,0.975,-0.624162,0.983333,0.903319,0.975,11.5162,0.975,1.62633,0.983333,-0.451096,0.975,-4.22662,0.975,0.848996,0.975,All
-2.33643,0.983333,15.9298,0.983333,3.77019,0.991667,4.22355,0.983333,-0.600895,0.991667,0.904115,0.983333,11.5548,0.983333,1.76648,0.991667,-0.434256,0.983333,-4.22404,0.983333,0.959545,0.983333,All
-2.33328,0.991667,16.36,0.991667,3.78292,1,4.25096,0.991667,-0.562796,1,0.936474,0.991667,11.5736,0.991667,1.86127,1,-0.315414,0.991667,-4.21356,0.991667,1.07855,0.991667,All
-2.28389,1,19.2384,1,4.37391,1,4.29077,1,-0.0307651,1,0.970473,1,11.67,1,1.98996,1,-0.126981,1,-4.21045,1,1.14138,1,All
-2.28389,1,19.2384,1,4.37391,1,7.05045,1,-0.0307651,1,1.60362,1,11.67,1,1.98996,1,-0.126981,1,-3.93441,1,1.59158,1,All
