beta_exp_abscissa,beta_exp_pdf,beta_exp_cdf,delta0_abscissa,delta0_pdf,delta0_cdf,p_abscissa,p_pdf,p_cdf,td_abscissa,td_pdf,td_cdf,b_exp_abscissa,b_exp_pdf,b_exp_cdf,h_0_abscissa,h_0_pdf,h_0_cdf,tc_abscissa,tc_pdf,tc_cdf,sigma_abscissa,sigma_pdf,sigma_cdf,rho_exp_abscissa,rho_exp_pdf,rho_exp_cdf,q_exp_abscissa,q_exp_pdf,q_exp_cdf,ifn0_abscissa,ifn0_pdf,ifn0_cdf,split
-5.36001,0.0284614,0.00618912,0.106556,0.656057,0.0425126,1.36333,0.00908613,0.00148492,0.528159,0.02133,0.00151481,-5.35521,0.0242148,0.0127611,0.230207,0.00280064,3.77675e-05,1.1797,0.0674746,0.0473275,0.0822944,0.385246,0.00755094,-3.39837,0.0336216,0.00821568,-4.62025,2.22045e-16,2.22045e-16,0.100529,0.166942,0.00270445,All
-5.32894,0.0322601,0.00713145,0.299807,0.670766,0.177875,1.39374,0.0107499,0.0017859,0.59404,0.0406011,0.0035115,-5.30143,0.0264294,0.0141223,0.24408,0.00660267,9.9813e-05,1.28566,0.0700806,0.0546182,0.101564,0.645619,0.0174392,-3.36533,0.0378162,0.00939488,-4.61332,2.22045e-16,2.22045e-16,0.11559,0.305107,0.00620216,All
-5.29786,0.0364723,0.00819817,0.493058,0.540175,0.294818,1.42415,0.0126768,0.00214139,0.659922,0.0679242,0.00704218,-5.24765,0.0288015,0.0156068,0.257952,0.0140885,0.000237891,1.39163,0.0723923,0.062169,0.120833,0.915344,0.0324899,-3.33228,0.04243,0.0107195,-4.6064,2.22045e-16,2.22045e-16,0.130651,0.48522,0.0121066,All
-5.26679,0.041129,0.00940258,0.68631,0.431089,0.388199,1.45456,0.0149004,0.00255991,0.725804,0.102933,0.0126309,-5.19387,0.0313374,0.0172232,0.271825,0.0275673,0.000518317,1.49759,0.074451,0.069951,0.140103,1.16621,0.0525917,-3.29924,0.0474901,0.0122039,-4.59947,2.22045e-16,2.22045e-16,0.145712,0.696883,0.0209769,All
-5.23572,0.0462616,0.010759,0.879561,0.348724,0.463169,1.48497,0.0174569,0.00305101,0.791686,0.144347,0.0207461,-5.14008,0.0340434,0.0189806,0.285698,0.0500082,0.00104413,1.60355,0.076291,0.0779394,0.159372,1.38182,0.0772057,-3.2662,0.0530234,0.0138633,-4.59254,2.22045e-16,2.22045e-16,0.160774,0.92667,0.0331893,All
-5.20465,0.0519018,0.0122827,1.07281,0.286599,0.524282,1.51538,0.0203854,0.0036254,0.857567,0.190264,0.0317496,-5.0863,0.0369253,0.0208882,0.299571,0.0848745,0.00196326,1.70951,0.0779413,0.0861124,0.178641,1.5551,0.105572,-3.23315,0.0590565,0.0157137,-4.58561,2.22045e-16,2.22045e-16,0.175835,1.16085,0.0489121,All
-5.17358,0.0580806,0.01399,1.26606,0.239006,0.574872,1.54579,0.0237275,0.00429503,0.923449,0.238488,0.0458666,-5.03252,0.0399886,0.0229557,0.313444,0.135818,0.00347341,1.81548,0.0794259,0.0944513,0.197911,1.68519,0.136859,-3.20011,0.0656151,0.0177721,-4.57869,2.22045e-16,2.22045e-16,0.190896,1.38723,0.068117,All
-5.1425,0.0648289,0.015898,1.45931,0.201887,0.617331,1.5762,0.0275275,0.00507314,0.989331,0.286825,0.063176,-4.97874,0.0432385,0.025193,0.327317,0.206271,0.00582195,1.92144,0.0807655,0.10294,0.21718,1.77487,0.170257,-3.16706,0.0727235,0.0200562,-4.57176,2.22045e-16,2.22045e-16,0.205957,1.59611,0.0906101,All
-5.11143,0.0721761,0.0180249,1.65257,0.172445,0.653395,1.60661,0.0318319,0.00597436,1.05521,0.333291,0.0836184,-4.92495,0.0466794,0.0276101,0.34119,0.298998,0.00929972,2.0274,0.0819777,0.111563,0.236449,1.82879,0.20503,-3.13402,0.0804045,0.0225846,-4.56483,2.22045e-16,2.22045e-16,0.221018,1.7806,0.116072,All
-5.08036,0.0801506,0.0203897,1.84582,0.148733,0.684349,1.63702,0.0366894,0.00701476,1.12109,0.376244,0.107014,-4.87117,0.0503155,0.0302175,0.355062,0.415679,0.0142288,2.13337,0.0830776,0.120309,0.255719,1.85228,0.240541,-3.10097,0.0886792,0.0253765,-4.5579,2.22045e-16,2.22045e-16,0.236079,1.93646,0.144102,All
-5.04929,0.0887785,0.0230125,2.03907,0.129377,0.71116,1.66743,0.0421502,0.00821192,1.18698,0.414449,0.133089,-4.81739,0.05415,0.0330258,0.368935,0.556597,0.0209454,2.23933,0.084078,0.129166,0.274988,1.85068,0.276254,-3.06793,0.097566,0.028452,-4.55098,2.22045e-16,2.22045e-16,0.25114,2.06176,0.174249,All
-5.01822,0.0980838,0.0259138,2.23232,0.113387,0.73457,1.69784,0.0482659,0.00958496,1.25286,0.447073,0.161501,-4.76361,0.0581859,0.0360457,0.382808,0.720462,0.0297784,2.34529,0.0849903,0.138124,0.294258,1.82894,0.311734,-3.03488,0.10708,0.0318315,-4.54405,4.27269e-16,2.22045e-16,0.266201,2.15634,0.206052,All
-4.98715,0.108087,0.029115,2.42557,0.100038,0.755154,1.72825,0.0550888,0.0111546,1.31874,0.47366,0.191864,-4.70982,0.0624248,0.0392882,0.396681,0.904417,0.0410282,2.45126,0.0858241,0.147175,0.313527,1.79147,0.346638,-3.00184,0.117235,0.0355359,-4.53712,2.99163e-15,2.22045e-16,0.281262,2.22144,0.239055,All
-4.95607,0.118806,0.0326381,2.61882,0.0887882,0.77337,1.75866,0.0626712,0.0129431,1.38462,0.494071,0.223776,-4.65604,0.066868,0.0427641,0.410554,1.10419,0.0549454,2.55722,0.0865881,0.15631,0.332796,1.74206,0.380699,-2.9688,0.128038,0.0395865,-4.53019,1.99009e-14,2.22045e-16,0.296324,2.25918,0.272829,All
-4.925,0.130254,0.0365056,2.81207,0.0792269,0.78958,1.78907,0.0710646,0.0149745,1.4505,0.508425,0.256832,-4.60226,0.0715156,0.0464845,0.424427,1.31439,0.0717131,2.66318,0.0872896,0.165523,0.352066,1.68392,0.413719,-2.93575,0.139495,0.044005,-4.52326,1.25775e-13,4.44089e-16,0.311385,2.27227,0.306982,All
-4.89393,0.142441,0.0407403,3.00533,0.0710387,0.804079,1.81948,0.0803195,0.017274,1.51639,0.517038,0.290642,-4.54848,0.0763668,0.0504603,0.4383,1.52887,0.0914339,2.76914,0.0879353,0.174807,0.371335,1.61967,0.445556,-2.90271,0.151604,0.0488128,-4.51634,7.55224e-13,2.88658e-15,0.326446,2.26372,0.341166,All
-4.86286,0.155369,0.0453651,3.19858,0.0639783,0.817109,1.84989,0.0904837,0.0198687,1.58227,0.520359,0.324842,-4.4947,0.0814197,0.0547025,0.452173,1.74119,0.114123,2.87511,0.0885308,0.184157,0.390605,1.55148,0.476114,-2.86966,0.164361,0.0540314,-4.50941,4.30838e-12,1.70974e-14,0.341507,2.23661,0.375077,All
-4.83179,0.169036,0.0504031,3.39183,0.0578521,0.828867,1.8803,0.101602,0.0227869,1.64815,0.518928,0.359102,-4.44091,0.0866714,0.0592217,0.466045,1.94498,0.139705,2.98107,0.0890814,0.193567,0.409874,1.48107,0.505334,-2.83662,0.177755,0.0596822,-4.50248,2.33512e-11,9.54792e-14,0.356568,2.19395,0.40846,All
-4.80071,0.183436,0.0558772,3.58508,0.0525061,0.839519,1.91071,0.113714,0.0260582,1.71403,0.513326,0.393126,-4.38713,0.0921177,0.0640287,0.479918,2.13435,0.168021,3.08703,0.0895915,0.203034,0.429143,1.40979,0.533187,-2.80357,0.19177,0.0657859,-4.49555,1.20244e-10,5.06706e-13,0.371629,2.1386,0.4411,All
-4.76964,0.198554,0.06181,3.77833,0.0478166,0.849203,1.94112,0.126855,0.0297134,1.77991,0.504149,0.426661,-4.33335,0.0977534,0.0691337,0.493791,2.30416,0.198833,3.193,0.0900652,0.212553,0.448413,1.33873,0.559667,-2.77053,0.206383,0.0723626,-4.48863,5.88266e-10,2.55729e-12,0.38669,2.07318,0.472829,All
-4.73857,0.214368,0.0682233,3.97158,0.0436831,0.858036,1.97153,0.141053,0.0337842,1.84579,0.491983,0.459489,-4.27957,0.103572,0.0745468,0.507664,2.45027,0.231842,3.29896,0.0905061,0.22212,0.467682,1.26869,0.584786,-2.73749,0.221566,0.0794317,-4.4817,2.73428e-09,1.22733e-11,0.401751,2.00002,0.50351,All
-4.7075,0.23085,0.0751385,4.16483,0.0400235,0.866117,2.00194,0.156329,0.0383031,1.91168,0.477382,0.491433,-4.22578,0.109565,0.0802775,0.521537,2.56965,0.266694,3.40492,0.0909174,0.231732,0.486952,1.20029,0.608571,-2.70444,0.237284,0.0870115,-4.47477,1.20745e-08,5.60196e-11,0.416812,1.92121,0.533045,All
-4.67643,0.247963,0.0825758,4.35809,0.0367701,0.873531,2.03235,0.172695,0.0433031,1.97756,0.46086,0.522348,-4.172,0.115724,0.0863351,0.53541,2.66038,0.303006,3.51089,0.0913019,0.241387,0.506221,1.13398,0.631057,-2.6714,0.253494,0.095119,-4.46784,5.06586e-08,2.4319e-10,0.431873,1.83854,0.561362,All
-4.64536,0.265663,0.090554,4.55134,0.0338668,0.880352,2.06276,0.190151,0.0488174,2.04344,0.442884,0.552125,-4.11822,0.122039,0.0927282,0.549283,2.7217,0.340372,3.61685,0.0916622,0.251081,0.52549,1.07008,0.652289,-2.63835,0.270149,0.10377,-4.46092,2.01927e-07,1.00417e-09,0.446935,1.75356,0.588415,All
-4.61428,0.2839,0.0990906,4.74459,0.0312667,0.886641,2.09317,0.20869,0.054879,2.10932,0.42387,0.580682,-4.06444,0.128497,0.0994648,0.563155,2.75383,0.378386,3.72281,0.0920007,0.260812,0.54476,1.0088,0.672314,-2.60531,0.287192,0.112977,-4.45399,7.64706e-07,3.94425e-09,0.461996,1.66755,0.614178,All
-4.58321,0.302612,0.108201,4.93784,0.0289303,0.892453,2.12358,0.228289,0.0615206,2.1752,0.404182,0.607961,-4.01065,0.135086,0.106552,0.577028,2.75791,0.41665,3.82877,0.0923194,0.270577,0.564029,0.950269,0.691184,-2.57226,0.304564,0.122753,-4.44706,2.75139e-06,1.47384e-08,0.477057,1.5816,0.638645,All
-4.55214,0.321733,0.1179,5.13109,0.0268244,0.897837,2.15399,0.248915,0.0687739,2.24108,0.384133,0.63393,-3.95687,0.141791,0.113997,0.590901,2.73578,0.454785,3.93474,0.0926202,0.280376,0.583298,0.894554,0.708954,-2.53922,0.322195,0.133108,-4.44013,9.40517e-06,5.23966e-08,0.492118,1.49658,0.661824,All
-4.52107,0.341187,0.128199,5.32434,0.0249207,0.902834,2.1844,0.270519,0.0766695,2.30697,0.36399,0.658574,-3.90309,0.148596,0.121806,0.604774,2.68983,0.492445,4.0407,0.0929048,0.290205,0.602568,0.841664,0.725677,-2.50618,0.340012,0.144049,-4.4332,3.0545e-05,1.77244e-07,0.507179,1.41318,0.683734,All
-4.49,0.360893,0.139106,5.51759,0.0231951,0.90748,2.21481,0.29304,0.0852361,2.37285,0.343976,0.681894,-3.84931,0.155484,0.129982,0.618647,2.62288,0.529319,4.14666,0.0931747,0.300064,0.621837,0.791574,0.741409,-2.47313,0.357937,0.15558,-4.42628,9.42475e-05,5.70561e-07,0.52224,1.33197,0.704403,All
-4.45892,0.38076,0.150628,5.71084,0.0216267,0.911809,2.24522,0.3164,0.0945006,2.43873,0.324272,0.703904,-3.79553,0.162438,0.138531,0.63252,2.53794,0.565136,4.25263,0.0934314,0.309951,0.641107,0.744229,0.756201,-2.44009,0.375883,0.167705,-4.41935,0.000276285,1.74805e-06,0.537301,1.25336,0.723869,All
-4.42785,0.400694,0.162768,5.9041,0.0201979,0.915848,2.27563,0.340509,0.104487,2.50461,0.305026,0.724631,-3.74174,0.169438,0.147456,0.646393,2.43813,0.599668,4.35859,0.0936759,0.319864,0.660376,0.69955,0.770107,-2.40704,0.393762,0.180421,-4.41242,0.000769491,5.09781e-06,0.552362,1.17767,0.742172,All
-4.39678,0.420593,0.175528,6.09735,0.0188932,0.919624,2.30604,0.36526,0.115217,2.57049,0.286352,0.744108,-3.68796,0.176463,0.156757,0.660265,2.32654,0.632729,4.46455,0.0939095,0.329803,0.679645,0.657447,0.783178,-2.374,0.411482,0.193726,-4.40549,0.00203614,1.41535e-05,0.567423,1.10511,0.759358,All
-4.36571,0.440352,0.188904,6.2906,0.0176992,0.923158,2.33644,0.390532,0.126707,2.63638,0.268338,0.762376,-3.63418,0.183492,0.166437,0.674138,2.20612,0.664178,4.57051,0.0941332,0.339766,0.698915,0.617815,0.79546,-2.34095,0.428947,0.207613,-4.39857,0.00511881,3.7417e-05,0.582485,1.03582,0.775477,All
-4.33464,0.459859,0.20289,6.48385,0.0166042,0.926471,2.36685,0.416192,0.138973,2.70226,0.251049,0.779481,-3.5804,0.190504,0.176494,0.688011,2.07965,0.693912,4.67648,0.0943479,0.349752,0.718184,0.580546,0.807003,-2.30791,0.446057,0.222071,-4.39164,0.0122261,9.42079e-05,0.597546,0.969886,0.790576,All
-4.30356,0.479003,0.217477,6.6771,0.0155981,0.929581,2.39726,0.442091,0.152022,2.76814,0.234529,0.795472,-3.52661,0.197475,0.186928,0.701884,1.94964,0.721863,4.78244,0.0945545,0.35976,0.737454,0.545526,0.817848,-2.27486,0.462715,0.237087,-4.38471,0.0277437,0.000225952,0.612607,0.907321,0.804709,All
-4.27249,0.497668,0.232652,6.87035,0.0146719,0.932505,2.42767,0.468071,0.165861,2.83402,0.218805,0.810401,-3.47283,0.204381,0.197735,0.715757,1.81834,0.748,4.8884,0.0947536,0.36979,0.756723,0.512641,0.82804,-2.24182,0.478819,0.252645,-4.37778,0.0598134,0.000516377,0.627668,0.848111,0.817924,All
-4.24142,0.515738,0.248398,7.0636,0.0138176,0.935256,2.45808,0.493962,0.18049,2.8999,0.20389,0.824321,-3.41905,0.211198,0.20891,0.72963,1.68766,0.772317,4.99437,0.094946,0.379841,0.775992,0.481777,0.837618,-2.20878,0.494271,0.268724,-4.37086,0.122515,0.00112477,0.642729,0.792203,0.830272,All
-4.21035,0.533097,0.264695,7.25686,0.0130285,0.937849,2.48849,0.519585,0.195901,2.96578,0.189785,0.837284,-3.36527,0.217902,0.22045,0.743503,1.55927,0.794836,5.10033,0.0951322,0.389912,0.795262,0.452822,0.84662,-2.17573,0.508971,0.285302,-4.36393,0.238419,0.00233589,0.65779,0.739519,0.841803,All
-4.17928,0.549631,0.281518,7.45011,0.0122983,0.940296,2.5189,0.544755,0.212086,3.03167,0.176483,0.849345,-3.31148,0.224468,0.232346,0.757376,1.43449,0.815597,5.20629,0.0953128,0.400002,0.814531,0.425667,0.855081,-2.14269,0.522826,0.302352,-4.357,0.440806,0.00462696,0.672851,0.689963,0.852564,All
-4.14821,0.56523,0.298841,7.64336,0.0116216,0.942606,2.54931,0.569282,0.229027,3.09755,0.163968,0.860555,-3.2577,0.23087,0.244592,0.771248,1.31441,0.834659,5.31226,0.0954883,0.410111,0.833801,0.400206,0.863035,-2.10964,0.535742,0.319845,-4.35007,0.774307,0.00874548,0.687912,0.643422,0.862601,All
-4.11713,0.579784,0.316633,7.83661,0.0109935,0.944791,2.57972,0.592974,0.246701,3.16343,0.152219,0.870967,-3.20392,0.237084,0.257176,0.785121,1.19985,0.852092,5.41822,0.095659,0.420238,0.85307,0.376339,0.870514,-2.0766,0.547634,0.337748,-4.34314,1.29222,0.015781,0.702973,0.599774,0.87196,All
-4.08606,0.593193,0.334859,8.02986,0.0104097,0.946858,2.61013,0.615638,0.265081,3.22931,0.141211,0.880629,-3.15014,0.243085,0.27009,0.798994,1.09138,0.867978,5.52418,0.0958254,0.430383,0.872339,0.353967,0.877548,-2.04355,0.558418,0.356025,-4.33622,2.04888,0.0272019,0.718035,0.558889,0.880682,All
-4.05499,0.605359,0.353483,8.22311,0.0098664,0.948817,2.64054,0.637084,0.284132,3.29519,0.130916,0.889589,-3.09636,0.248849,0.28332,0.812867,0.989414,0.882403,5.63014,0.0959877,0.440546,0.891609,0.332999,0.884165,-2.01051,0.568021,0.37464,-4.32929,3.08642,0.0448199,0.733096,0.520634,0.888808,All
-4.02392,0.616196,0.372465,8.41636,0.00936001,0.950674,2.67095,0.657128,0.303814,3.36107,0.121301,0.897893,-3.04257,0.254352,0.296852,0.82674,0.894156,0.895461,5.73611,0.0961463,0.450725,0.910878,0.313347,0.89039,-1.97747,0.576374,0.393551,-4.32236,4.41724,0.0706463,0.748157,0.484875,0.896377,All
-3.99285,0.625622,0.391761,8.60962,0.00888748,0.952436,2.70136,0.675592,0.324082,3.42696,0.112335,0.905586,-2.98879,0.25957,0.310674,0.840613,0.80568,0.907244,5.84207,0.0963012,0.460922,0.930147,0.294927,0.896249,-1.94442,0.583418,0.412717,-4.31543,6.00627,0.106623,0.763218,0.451477,0.903425,All
-3.96177,0.633568,0.411328,8.80287,0.00844601,0.954111,2.73177,0.69231,0.344885,3.49284,0.103984,0.912709,-2.93501,0.264482,0.324768,0.854486,0.723938,0.917846,5.94803,0.0964528,0.471134,0.949417,0.277662,0.901764,-1.91138,0.589102,0.432094,-4.30851,7.75919,0.154249,0.778279,0.420309,0.909988,All
-3.9307,0.639975,0.431118,8.99612,0.00803306,0.955703,2.76218,0.707128,0.366169,3.55872,0.0962158,0.9193,-2.88123,0.269066,0.339117,0.868358,0.648783,0.927361,6.054,0.0966011,0.481362,0.968686,0.261478,0.906957,-1.87833,0.593384,0.451635,-4.30158,9.52326,0.214159,0.79334,0.391239,0.916096,All
-3.89963,0.644793,0.451082,9.18937,0.00764637,0.957217,2.79259,0.719909,0.387872,3.6246,0.0889962,0.925398,-2.82744,0.273301,0.353703,0.882231,0.579992,0.935877,6.15996,0.0967462,0.491606,0.987956,0.246305,0.911847,-1.84529,0.596234,0.471294,-4.29465,11.1048,0.285776,0.808401,0.364144,0.921782,All
-3.86856,0.647986,0.471171,9.38262,0.00728387,0.95866,2.823,0.730531,0.409932,3.69048,0.0822929,0.931038,-2.77366,0.27717,0.368508,0.896104,0.517288,0.943481,6.26592,0.0968881,0.501865,1.00723,0.232078,0.916455,-1.81224,0.597631,0.491023,-4.28772,12.3026,0.367132,0.823462,0.338901,0.927075,All
-3.83749,0.64953,0.491333,9.57587,0.00694369,0.960034,2.85341,0.738893,0.43228,3.75637,0.076074,0.936252,-2.71988,0.280655,0.38351,0.909977,0.46035,0.950256,6.37189,0.0970268,0.512139,1.02649,0.218735,0.920797,-1.7792,0.597565,0.510774,-4.2808,12.9491,0.454954,0.838523,0.315394,0.932,All
-3.80641,0.649412,0.511518,9.76912,0.00662414,0.961345,2.88382,0.744913,0.454847,3.82225,0.070309,0.941072,-2.6661,0.28374,0.398689,0.92385,0.40883,0.956279,6.47785,0.0971622,0.522428,1.04576,0.20622,0.92489,-1.74615,0.596035,0.530499,-4.27387,12.9491,0.545046,0.853584,0.293513,0.936583,All
-3.77534,0.647635,0.531673,9.96237,0.00632366,0.962595,2.91423,0.748534,0.477561,3.88813,0.0649681,0.945526,-2.61232,0.28641,0.414023,0.937723,0.362368,0.961623,6.58381,0.0972943,0.53273,1.06503,0.194479,0.928749,-1.71311,0.593053,0.55015,-4.26694,12.3026,0.632868,0.868646,0.273151,0.940849,All
-3.74427,0.64421,0.551747,10.1556,0.00604086,0.96379,2.94464,0.74972,0.500348,3.95401,0.0600231,0.949641,-2.55853,0.288655,0.429489,0.951596,0.320595,0.966355,6.68977,0.0974229,0.543047,1.0843,0.183461,0.93239,-1.68007,0.588642,0.569678,-4.26001,11.1048,0.714224,0.883707,0.254209,0.944818,All
-3.7132,0.639165,0.57169,10.3489,0.00577445,0.964931,2.97505,0.748459,0.523134,4.01989,0.0554471,0.953443,-2.50475,0.290462,0.445064,0.965468,0.283145,0.970538,6.79574,0.0975478,0.553376,1.10357,0.17312,0.935824,-1.64702,0.582832,0.589037,-4.25308,9.52326,0.785841,0.898768,0.236591,0.948513,All
-3.68213,0.632538,0.591451,10.5421,0.00552326,0.966023,3.00546,0.744765,0.545845,4.08577,0.0512146,0.956954,-2.45097,0.291825,0.460724,0.979341,0.24966,0.974229,6.9017,0.0976686,0.563719,1.12284,0.163411,0.939066,-1.61398,0.575667,0.608181,-4.24616,7.75919,0.845751,0.913829,0.220208,0.951951,All
-3.65106,0.624379,0.610982,10.7354,0.00528621,0.967067,3.03587,0.738672,0.568406,4.15166,0.0473013,0.960198,-2.39719,0.292736,0.476446,0.993214,0.219796,0.977481,7.00766,0.0977851,0.574075,1.14211,0.154294,0.942126,-1.58093,0.567198,0.627067,-4.23923,6.00627,0.893377,0.92889,0.204976,0.955151,All
-3.61998,0.614749,0.630237,10.9286,0.00506233,0.968067,3.06628,0.73024,0.590747,4.21754,0.0436846,0.963193,-2.3434,0.293191,0.492204,1.00709,0.193223,0.980343,7.11363,0.0978969,0.584442,1.16138,0.145731,0.945015,-1.54789,0.557485,0.645653,-4.2323,4.41724,0.929354,0.943951,0.190816,0.958131,All
-3.58891,0.603719,0.64917,11.1219,0.00485072,0.969024,3.09669,0.71955,0.612796,4.28342,0.040343,0.96596,-2.28962,0.293188,0.507975,1.02096,0.169629,0.982856,7.21959,0.0980036,0.594822,1.18065,0.137684,0.947745,-1.51484,0.546596,0.663898,-4.22537,3.08642,0.95518,0.959012,0.177653,0.960904,All
-3.55784,0.591372,0.66774,11.3151,0.00465054,0.969942,3.1271,0.706705,0.634488,4.3493,0.0372565,0.968515,-2.23584,0.292728,0.523733,1.03483,0.148724,0.985062,7.32555,0.0981045,0.605212,1.19992,0.130123,0.950325,-1.4818,0.534608,0.681765,-4.21845,2.04888,0.972798,0.974073,0.165418,0.963487,All
-3.52677,0.577795,0.685908,11.5084,0.00446103,0.970823,3.15751,0.691827,0.655757,4.41518,0.0344063,0.970874,-2.18206,0.291812,0.539454,1.04871,0.130237,0.986994,7.43152,0.0981991,0.615612,1.21919,0.123014,0.952763,-1.44876,0.521602,0.699218,-4.21152,1.29222,0.984219,0.989134,0.154046,0.965891,All
-3.4957,0.563087,0.703635,11.7016,0.0042815,0.971667,3.18792,0.675053,0.676545,4.48106,0.0317748,0.973053,-2.12827,0.290444,0.555113,1.06258,0.113916,0.988685,7.53748,0.0982868,0.626022,1.23846,0.116329,0.955068,-1.41571,0.507667,0.716227,-4.20459,0.774307,0.991255,1.0042,0.143477,0.968131,All
-3.46462,0.54735,0.720889,11.8949,0.0041113,0.972478,3.21833,0.656538,0.696796,4.54695,0.0293457,0.975065,-2.07449,0.288632,0.570687,1.07645,0.0995339,0.990164,7.64344,0.0983667,0.636441,1.25773,0.110042,0.957249,-1.38267,0.492894,0.73276,-4.19766,0.440806,0.995373,1.01926,0.133653,0.970217,All
-3.43355,0.530692,0.73764,12.0881,0.00394983,0.973257,3.24874,0.636449,0.71646,4.61283,0.0271037,0.976924,-2.02071,0.286382,0.586152,1.09032,0.0868788,0.991455,7.7494,0.0984379,0.646869,1.277,0.104126,0.959312,-1.34962,0.477379,0.748793,-4.19074,0.238419,0.997664,1.03432,0.124521,0.97216,All
-3.40248,0.513225,0.75386,12.2814,0.00379654,0.974005,3.27915,0.614963,0.735491,4.67871,0.0250347,0.97864,-1.96693,0.283707,0.601484,1.1042,0.0757602,0.992581,7.85537,0.0984994,0.657303,1.29627,0.0985576,0.961264,-1.31658,0.46122,0.764302,-4.18381,0.122515,0.998875,1.04938,0.116033,0.973971,All
-3.37141,0.495064,0.769526,12.4746,0.00365092,0.974725,3.30956,0.592265,0.753849,4.74459,0.0231254,0.980226,-1.91315,0.280618,0.616661,1.11807,0.0660052,0.993563,7.96133,0.0985502,0.667743,1.31554,0.0933156,0.963112,-1.28353,0.444517,0.779269,-4.17688,0.0598134,0.999484,1.06444,0.108143,0.975658,All
-3.34034,0.476325,0.784619,12.6679,0.00351249,0.975417,3.33997,0.568545,0.771502,4.81047,0.0213637,0.981691,-1.85936,0.277128,0.631662,1.13194,0.0574576,0.994418,8.06729,0.0985888,0.678188,1.3348,0.088379,0.964862,-1.25049,0.42737,0.793675,-4.16995,0.0277437,0.999774,1.0795,0.100808,0.977231,All
-3.30927,0.457123,0.799122,12.8611,0.00338083,0.976083,3.37038,0.543995,0.78842,4.87636,0.0197383,0.983044,-1.80558,0.273255,0.646464,1.14582,0.0499772,0.995162,8.17326,0.0986139,0.688636,1.35407,0.0837287,0.96652,-1.21744,0.409878,0.807509,-4.16303,0.0122261,0.999906,1.09456,0.093988,0.978698,All
-3.27819,0.437573,0.813023,13.0544,0.00325552,0.976724,3.40079,0.518808,0.804581,4.94224,0.0182385,0.984294,-1.7518,0.269015,0.661048,1.15969,0.0434384,0.995809,8.27922,0.0986239,0.699086,1.37334,0.0793468,0.968091,-1.1844,0.39214,0.820761,-4.1561,0.00511881,0.999963,1.10962,0.0876465,0.980065,All
-3.24712,0.417788,0.826312,13.2476,0.00313619,0.977341,3.4312,0.493174,0.819969,5.00812,0.0168548,0.98545,-1.69802,0.264428,0.675394,1.17356,0.0377286,0.996371,8.38518,0.098617,0.709536,1.39261,0.0752164,0.969579,-1.15136,0.374251,0.833423,-4.14917,0.00203614,0.999986,1.12468,0.0817491,0.98134,All
-3.21605,0.397878,0.838985,13.4409,0.00302249,0.977936,3.46161,0.467278,0.834573,5.074,0.0155781,0.986518,-1.64423,0.259512,0.689485,1.18743,0.032748,0.996859,8.49114,0.0985911,0.719985,1.41188,0.0713221,0.970991,-1.11831,0.356303,0.845494,-4.14224,0.000769491,0.999995,1.13975,0.0762641,0.982529,All
-3.18498,0.377947,0.851038,13.6342,0.00291409,0.97851,3.49202,0.441298,0.848388,5.13988,0.0144001,0.987505,-1.59045,0.254291,0.703303,1.20131,0.0284074,0.997283,8.59711,0.0985438,0.730429,1.43115,0.0676491,0.972329,-1.08527,0.338385,0.856971,-4.13531,0.000276285,0.999998,1.15481,0.0711619,0.983639,All
-3.15391,0.358097,0.862472,13.8274,0.00281069,0.979063,3.52243,0.415404,0.861413,5.20576,0.0133132,0.988417,-1.53667,0.248785,0.716832,1.21518,0.0246281,0.99765,8.70307,0.0984727,0.740868,1.45042,0.0641839,0.973599,-1.05222,0.320581,0.867859,-4.12839,9.42475e-05,0.999999,1.16987,0.0664151,0.984675,All
-3.12283,0.338422,0.873293,14.0207,0.002712,0.979596,3.55284,0.389754,0.873655,5.27165,0.0123102,0.989261,-1.48289,0.243018,0.730059,1.22905,0.0213401,0.997968,8.80903,0.0983748,0.751297,1.46969,0.0609137,0.974804,-1.01918,0.302971,0.87816,-4.12146,3.0545e-05,1,1.18493,0.0619983,0.985641,All
-3.09176,0.31901,0.883506,14.2139,0.00261777,0.980111,3.58325,0.364495,0.885122,5.33753,0.0113845,0.990041,-1.4291,0.237015,0.742968,1.24293,0.0184819,0.998244,8.915,0.0982467,0.761715,1.48896,0.0578267,0.975948,-0.986134,0.285626,0.887884,-4.11453,9.40517e-06,1,1.19999,0.0578878,0.986544,All
-3.06069,0.299942,0.893121,14.4072,0.00252774,0.980608,3.61366,0.339762,0.895829,5.40341,0.0105303,0.990762,-1.37532,0.230798,0.755549,1.2568,0.015999,0.998483,9.02096,0.0980847,0.772117,1.50823,0.0549116,0.977034,-0.95309,0.268616,0.897041,-4.1076,2.75139e-06,1,1.21505,0.0540618,0.987386,All
-3.02962,0.281293,0.90215,14.6004,0.00244168,0.981089,3.64407,0.315675,0.905793,5.46929,0.00974176,0.99143,-1.32154,0.224394,0.767791,1.27067,0.0138438,0.99869,9.12692,0.0978845,0.7825,1.5275,0.0521582,0.978065,-0.920045,0.251999,0.905641,-4.10068,7.64706e-07,1,1.23011,0.0504999,0.988174,All
-2.99855,0.263129,0.910607,14.7937,0.00235938,0.981552,3.67448,0.292339,0.915036,5.53517,0.0090139,0.992047,-1.26776,0.217827,0.779683,1.28454,0.011974,0.998868,9.23289,0.0976414,0.79286,1.54677,0.0495567,0.979045,-0.887001,0.235832,0.9137,-4.09375,2.01927e-07,1,1.24517,0.0471832,0.988909,All
-2.96747,0.245509,0.918507,14.9869,0.00228065,0.982001,3.70489,0.269845,0.923581,5.60105,0.00834193,0.992619,-1.21398,0.211121,0.791219,1.29842,0.010353,0.999023,9.33885,0.0973496,0.803191,1.56604,0.0470979,0.979976,-0.853957,0.220162,0.921233,-4.08682,5.06586e-08,1,1.26023,0.0440944,0.989596,All
-2.9364,0.228482,0.92587,15.1802,0.00220528,0.982434,3.7353,0.24827,0.931457,5.66694,0.00772149,0.993147,-1.16019,0.204303,0.80239,1.31229,0.00894831,0.999157,9.44481,0.097003,0.813489,1.58531,0.0447733,0.980861,-0.820912,0.205029,0.928256,-4.07989,1.20745e-08,1,1.2753,0.0412173,0.990238,All
-2.90533,0.212093,0.932713,15.3734,0.0021331,0.982853,3.76571,0.227675,0.938691,5.73282,0.00714856,0.993637,-1.10641,0.197396,0.813193,1.32616,0.00773179,0.999272,9.55077,0.0965943,0.823747,1.60458,0.0425751,0.981702,-0.787868,0.190469,0.934789,-4.07297,2.73428e-09,1,1.29036,0.0385367,0.990838,All
-2.87426,0.196376,0.939057,15.5667,0.00206395,0.983259,3.79612,0.208108,0.945314,5.7987,0.00661941,0.99409,-1.05263,0.190425,0.823622,1.34004,0.00667871,0.999372,9.65674,0.096115,0.833957,1.62385,0.0404957,0.982502,-0.754824,0.17651,0.940851,-4.06604,5.88266e-10,1,1.30542,0.0360387,0.9914,All
-2.84319,0.181358,0.944923,15.7599,0.00199767,0.983651,3.82653,0.189602,0.951359,5.86458,0.00613064,0.99451,-0.998846,0.183413,0.833675,1.35391,0.00576754,0.999458,9.7627,0.0955556,0.844113,1.64311,0.0385281,0.983264,-0.721779,0.163173,0.946461,-4.05911,1.20244e-10,1,1.32048,0.0337105,0.991925,All
-2.81212,0.167061,0.950334,15.9532,0.00193412,0.984031,3.85694,0.172179,0.956857,5.93046,0.0056791,0.994899,-0.945064,0.176383,0.84335,1.36778,0.00497946,0.999532,9.86866,0.0949048,0.854205,1.66238,0.0366657,0.983988,-0.688735,0.150475,0.951642,-4.05218,2.33512e-11,1,1.33554,0.03154,0.992416,All
-2.78104,0.153497,0.955313,16.1464,0.00187315,0.984399,3.88735,0.155847,0.961842,5.99635,0.00526188,0.995259,-0.891282,0.169358,0.852648,1.38165,0.00429813,0.999597,9.97463,0.0941496,0.864222,1.68165,0.0349026,0.984677,-0.65569,0.138425,0.956413,-4.04525,4.30838e-12,1,1.3506,0.0295162,0.992876,All
-2.74997,0.140674,0.959881,16.3397,0.00181465,0.984755,3.91776,0.140604,0.966347,6.06223,0.00487631,0.995593,-0.8375,0.162359,0.861568,1.39553,0.00370929,0.999652,10.0806,0.0932748,0.874153,1.70092,0.0332328,0.985334,-0.622646,0.127028,0.960797,-4.03833,7.55224e-13,1,1.36566,0.0276287,0.993306,All
-2.7189,0.128593,0.964062,16.5329,0.00175848,0.9851,3.94817,0.126438,0.970404,6.12811,0.00451993,0.995902,-0.783717,0.155405,0.870113,1.4094,0.00320054,0.9997,10.1866,0.0922624,0.883985,1.72019,0.031651,0.985959,-0.589602,0.116284,0.964815,-4.0314,1.25775e-13,1,1.38072,0.0258679,0.993709,All
-2.68783,0.117248,0.96788,16.7262,0.00170453,0.985435,3.97858,0.113329,0.974047,6.19399,0.00419048,0.996189,-0.729935,0.148518,0.878285,1.42327,0.00276114,0.999741,10.2925,0.0910913,0.893701,1.73946,0.0301522,0.986554,-0.556557,0.106188,0.968489,-4.02447,1.99009e-14,1,1.39578,0.0242251,0.994086,All
-2.65676,0.106631,0.971356,16.9194,0.0016527,0.985759,4.00899,0.101248,0.977307,6.25987,0.00388586,0.996455,-0.676153,0.141714,0.886089,1.43715,0.00238172,0.999777,10.3985,0.0897362,0.903283,1.75873,0.0287316,0.987121,-0.523513,0.0967314,0.97184,-4.01754,2.99163e-15,1,1.41085,0.0226918,0.994439,All
-2.62568,0.0967273,0.974514,17.1127,0.00160289,0.986074,4.0394,0.0901594,0.980215,6.32575,0.00360415,0.996702,-0.62237,0.13501,0.89353,1.45102,0.00205419,0.999808,10.5044,0.0881671,0.91271,1.778,0.0273848,0.987662,-0.490469,0.087901,0.974889,-4.01062,4.27269e-16,1,1.42591,0.0212607,0.99477,All
-2.59461,0.0875191,0.977374,17.3059,0.00155499,0.986379,4.06981,0.0800237,0.9828,6.39164,0.00334359,0.99693,-0.568588,0.128423,0.900614,1.46489,0.00177152,0.999834,10.6104,0.0863478,0.921959,1.79727,0.0261075,0.988177,-0.457424,0.0796811,0.977656,-4.00369,2.22045e-16,1,1.44097,0.0199244,0.99508,All
-2.56354,0.078985,0.97996,17.4992,0.00150892,0.986675,4.10022,0.0707958,0.985091,6.45752,0.00310253,0.997143,-0.514806,0.121967,0.907346,1.47876,0.00152761,0.999857,10.7164,0.0842342,0.930999,1.81654,0.0248959,0.988668,-0.42438,0.0720531,0.980162,-3.99676,2.22045e-16,1,1.45603,0.0186765,0.99537,All
-2.53247,0.0711008,0.98229,17.6924,0.0014646,0.986962,4.13063,0.0624279,0.987115,6.5234,0.00287948,0.99734,-0.461023,0.115654,0.913736,1.49264,0.00131718,0.999877,10.8223,0.0817726,0.939798,1.83581,0.0237463,0.989137,-0.391336,0.0649957,0.982424,-3.98983,2.22045e-16,1,1.47109,0.0175108,0.995643,All
-2.5014,0.0638399,0.984384,17.8857,0.00142193,0.987241,4.16104,0.0548695,0.988896,6.58928,0.00267305,0.997522,-0.407241,0.109496,0.919789,1.50651,0.00113567,0.999894,10.9283,0.0788966,0.948314,1.85508,0.0226552,0.989584,-0.358291,0.058486,0.984463,-3.98291,2.22045e-16,1,1.48615,0.0164218,0.995898,All
-2.47032,0.0571739,0.986263,18.0789,0.00138085,0.987512,4.19145,0.048069,0.99046,6.65516,0.00248196,0.997692,-0.353459,0.103505,0.925516,1.52038,0.000979133,0.999908,11.0343,0.0755237,0.956501,1.87435,0.0216193,0.99001,-0.325247,0.0524995,0.986295,-3.97598,2.22045e-16,1,1.50121,0.015404,0.996138,All
-2.43925,0.0510731,0.987943,18.2722,0.00134129,0.987775,4.22186,0.041974,0.991827,6.72104,0.00230504,0.99785,-0.299677,0.0976883,0.930926,1.53426,0.000844144,0.999921,11.1402,0.07155,0.964299,1.89362,0.0206357,0.990417,-0.292202,0.0470103,0.987938,-3.96905,2.22045e-16,1,1.51627,0.0144527,0.996362,All
-2.40818,0.0455065,0.989442,18.4654,0.00130317,0.98803,4.25227,0.0365324,0.993019,6.78693,0.0021412,0.997996,-0.245894,0.0920548,0.936028,1.54813,0.000727752,0.999932,11.2462,0.0668437,0.971638,1.91289,0.0197014,0.990806,-0.259158,0.041992,0.989407,-3.96212,2.22045e-16,1,1.53133,0.0135633,0.996573,All
-2.37711,0.040443,0.990776,18.6587,0.00126643,0.988279,4.28268,0.0316925,0.994055,6.85281,0.00198945,0.998132,-0.192112,0.0866106,0.940831,1.562,0.000627404,0.999941,11.3521,0.0612361,0.978433,1.93216,0.0188138,0.991177,-0.226114,0.0374175,0.990718,-3.95519,2.22045e-16,1,1.5464,0.0127315,0.996771,All
-2.34604,0.035851,0.991961,18.8519,0.00123101,0.98852,4.31309,0.0274042,0.994952,6.91869,0.00184886,0.998259,-0.13833,0.0813612,0.945347,1.57587,0.000540896,0.999949,11.4581,0.0545106,0.984576,1.95143,0.0179702,0.991531,-0.193069,0.0332597,0.991885,-3.94827,2.22045e-16,1,1.56146,0.0119536,0.996957,All
-2.31497,0.0316991,0.993009,19.0452,0.00119686,0.988755,4.3435,0.0236189,0.995727,6.98457,0.00171859,0.998376,-0.0845474,0.0763106,0.949586,1.58975,0.000466324,0.999956,11.5641,0.0463917,0.989936,1.97069,0.0171684,0.99187,-0.160025,0.0294915,0.992921,-3.94134,2.22045e-16,1,1.57652,0.0112257,0.997132,All
-2.28389,0.0279564,0.993935,19.2384,0.00116391,0.988983,4.37391,0.0202901,0.996393,7.05045,0.00159786,0.998485,-0.0307651,0.0714617,0.953559,1.60362,0.000402044,0.999962,11.67,0.0365466,0.994347,1.98996,0.016406,0.992193,-0.126981,0.0260863,0.993838,-3.93441,2.22045e-16,1,1.59158,0.0105446,0.997296,All
