standEta_beta_exp_abscissa,standEta_beta_exp_cdf,standEta_delta0_abscissa,standEta_delta0_cdf,standEta_p_abscissa,standEta_p_cdf,standEta_td_abscissa,standEta_td_cdf,standEta_b_exp_abscissa,standEta_b_exp_cdf,standEta_h_0_abscissa,standEta_h_0_cdf,standEta_tc_abscissa,standEta_tc_cdf,standEta_sigma_abscissa,standEta_sigma_cdf,standEta_rho_exp_abscissa,standEta_rho_exp_cdf,standEta_q_exp_abscissa,standEta_q_exp_cdf,standEta_ifn0_abscissa,standEta_ifn0_cdf,split
-4,0,-4,0,-4,0,-4,0,-4,0,-4,0,-4,0,-4,0,-4,0,-4,0,-4,0,All
-1.68905,0.00833333,-2.2904,0.00833333,-2.48572,0.00833333,-2.5562,0.00833333,-1.89743,0.00833333,-2.43661,0.00833333,-2.18318,0.00833333,-2.11795,0.00833333,-1.82553,0.00833333,-2.47783,0.00833333,-1.60824,0.00833333,All
-1.61722,0.0166667,-2.156,0.0166667,-2.46029,0.0166667,-1.52416,0.0166667,-1.78859,0.0166667,-1.91535,0.0166667,-2.05419,0.0166667,-1.99937,0.0166667,-1.81357,0.0166667,-1.89705,0.0166667,-1.49917,0.0166667,All
-1.53278,0.025,-1.92465,0.025,-2.37311,0.025,-1.52133,0.025,-1.77634,0.025,-1.81692,0.025,-2.03919,0.025,-1.87534,0.025,-1.70817,0.025,-1.68842,0.025,-1.49349,0.025,All
-1.50953,0.0333333,-1.71567,0.0333333,-2.19157,0.0333333,-1.45173,0.0333333,-1.77591,0.0333333,-1.78096,0.0333333,-2.03242,0.0333333,-1.87048,0.0333333,-1.65196,0.0333333,-1.59164,0.0333333,-1.4685,0.0333333,All
-1.50805,0.0416667,-1.71208,0.0416667,-2.12816,0.0416667,-1.39902,0.0416667,-1.75009,0.0416667,-1.76872,0.0416667,-1.97768,0.0416667,-1.83882,0.0416667,-1.43545,0.0416667,-1.46932,0.0416667,-1.40873,0.0416667,All
-1.43275,0.05,-1.69178,0.05,-1.59393,0.05,-1.39545,0.05,-1.65239,0.05,-1.73234,0.05,-1.81335,0.05,-1.81479,0.05,-1.43236,0.05,-1.20103,0.05,-1.32714,0.05,All
-1.42631,0.0583333,-1.6893,0.0583333,-1.59185,0.0583333,-1.33163,0.0583333,-1.64114,0.0583333,-1.58006,0.0583333,-1.75177,0.0583333,-1.51186,0.0583333,-1.41561,0.0583333,-1.18162,0.0583333,-1.28226,0.0583333,All
-1.42095,0.0666667,-1.68758,0.0666667,-1.58458,0.0666667,-1.22347,0.0666667,-1.59315,0.0666667,-1.54498,0.0666667,-1.72822,0.0666667,-1.46611,0.0666667,-1.39874,0.0666667,-1.13552,0.0666667,-1.21838,0.0666667,All
-1.3845,0.075,-1.61854,0.075,-1.54099,0.075,-1.19465,0.075,-1.57075,0.075,-1.50057,0.075,-1.67337,0.075,-1.46109,0.075,-1.38053,0.075,-1.05804,0.075,-1.1713,0.075,All
-1.36666,0.0833333,-1.54143,0.0833333,-1.49632,0.0833333,-1.18138,0.0833333,-1.53768,0.0833333,-1.43251,0.0833333,-1.60538,0.0833333,-1.39471,0.0833333,-1.27177,0.0833333,-1.04915,0.0833333,-1.08533,0.0833333,All
-1.35834,0.0916667,-1.5408,0.0916667,-1.47161,0.0916667,-1.1475,0.0916667,-1.51073,0.0916667,-1.42649,0.0916667,-1.55447,0.0916667,-1.39191,0.0916667,-1.26481,0.0916667,-0.943203,0.0916667,-1.05556,0.0916667,All
-1.35218,0.1,-1.54019,0.1,-1.42653,0.1,-1.13879,0.1,-1.47783,0.1,-1.41385,0.1,-1.47246,0.1,-1.36717,0.1,-1.21307,0.1,-0.938363,0.1,-1.03368,0.1,All
-1.34467,0.108333,-1.49846,0.108333,-1.32615,0.108333,-1.13316,0.108333,-1.44798,0.108333,-1.3588,0.108333,-1.4403,0.108333,-1.35975,0.108333,-1.1448,0.108333,-0.857713,0.108333,-1.02734,0.108333,All
-1.26416,0.116667,-1.46278,0.116667,-1.30464,0.116667,-1.11245,0.116667,-1.44638,0.116667,-1.26758,0.116667,-1.38874,0.116667,-1.29907,0.116667,-1.14127,0.116667,-0.83474,0.116667,-1.01914,0.116667,All
-1.25365,0.125,-1.41829,0.125,-1.29208,0.125,-1.11161,0.125,-1.40707,0.125,-1.2592,0.125,-1.32816,0.125,-1.26323,0.125,-1.14081,0.125,-0.800889,0.125,-0.987999,0.125,All
-1.21199,0.133333,-1.38344,0.133333,-1.23656,0.133333,-1.09172,0.133333,-1.38327,0.133333,-1.24336,0.133333,-1.32514,0.133333,-1.25408,0.133333,-1.13551,0.133333,-0.719464,0.133333,-0.933788,0.133333,All
-1.18715,0.141667,-1.31946,0.141667,-1.21503,0.141667,-1.09061,0.141667,-1.33849,0.141667,-1.22446,0.141667,-1.23552,0.141667,-1.22391,0.141667,-1.126,0.141667,-0.715244,0.141667,-0.877771,0.141667,All
-1.15302,0.15,-1.2755,0.15,-1.20873,0.15,-1.0703,0.15,-1.23471,0.15,-1.21935,0.15,-1.17313,0.15,-1.1717,0.15,-1.11354,0.15,-0.707325,0.15,-0.828863,0.15,All
-1.13397,0.158333,-1.2695,0.158333,-1.11424,0.158333,-1.06866,0.158333,-1.21773,0.158333,-1.21863,0.158333,-1.16188,0.158333,-1.11614,0.158333,-1.09685,0.158333,-0.699177,0.158333,-0.816121,0.158333,All
-1.07783,0.166667,-1.25925,0.166667,-1.01626,0.166667,-1.05951,0.166667,-1.20819,0.166667,-1.19858,0.166667,-1.13116,0.166667,-1.07607,0.166667,-1.09545,0.166667,-0.67006,0.166667,-0.790903,0.166667,All
-1.0633,0.175,-1.25635,0.175,-1.00182,0.175,-1.04067,0.175,-1.16927,0.175,-1.18541,0.175,-1.03296,0.175,-1.06649,0.175,-1.08637,0.175,-0.661968,0.175,-0.777052,0.175,All
-1.05577,0.183333,-1.12391,0.183333,-0.953078,0.183333,-0.982505,0.183333,-1.12963,0.183333,-1.17369,0.183333,-1.02485,0.183333,-1.04054,0.183333,-1.07963,0.183333,-0.649693,0.183333,-0.775674,0.183333,All
-1.02118,0.191667,-1.11873,0.191667,-0.942918,0.191667,-0.971162,0.191667,-1.10189,0.191667,-1.16955,0.191667,-1.0099,0.191667,-1.0293,0.191667,-1.0335,0.191667,-0.647822,0.191667,-0.762983,0.191667,All
-0.982254,0.2,-1.09517,0.2,-0.869175,0.2,-0.84373,0.2,-1.09394,0.2,-1.15352,0.2,-0.999953,0.2,-1.02468,0.2,-1.02859,0.2,-0.6397,0.2,-0.76138,0.2,All
-0.935115,0.208333,-1.08946,0.208333,-0.851246,0.208333,-0.809166,0.208333,-1.06942,0.208333,-1.09746,0.208333,-0.953852,0.208333,-1.00906,0.208333,-1.02609,0.208333,-0.627769,0.208333,-0.750153,0.208333,All
-0.93162,0.216667,-1.07561,0.216667,-0.833158,0.216667,-0.774674,0.216667,-1.06336,0.216667,-1.06407,0.216667,-0.935668,0.216667,-1.00006,0.216667,-0.993262,0.216667,-0.624105,0.216667,-0.726945,0.216667,All
-0.922609,0.225,-1.06663,0.225,-0.817649,0.225,-0.743187,0.225,-0.960103,0.225,-1.06221,0.225,-0.858492,0.225,-0.934496,0.225,-0.983807,0.225,-0.619329,0.225,-0.70565,0.225,All
-0.920838,0.233333,-1.05713,0.233333,-0.80702,0.233333,-0.738071,0.233333,-0.945974,0.233333,-1.03868,0.233333,-0.849549,0.233333,-0.905521,0.233333,-0.962339,0.233333,-0.598886,0.233333,-0.672388,0.233333,All
-0.910317,0.241667,-0.993192,0.241667,-0.748696,0.241667,-0.636038,0.241667,-0.925311,0.241667,-1.03322,0.241667,-0.845724,0.241667,-0.88741,0.241667,-0.948359,0.241667,-0.595949,0.241667,-0.665481,0.241667,All
-0.872103,0.25,-0.983497,0.25,-0.729206,0.25,-0.599505,0.25,-0.871681,0.25,-1.0314,0.25,-0.822908,0.25,-0.82634,0.25,-0.915239,0.25,-0.581814,0.25,-0.657046,0.25,All
-0.837253,0.258333,-0.983374,0.258333,-0.708934,0.258333,-0.593152,0.258333,-0.849255,0.258333,-0.988698,0.258333,-0.820246,0.258333,-0.813002,0.258333,-0.91288,0.258333,-0.565006,0.258333,-0.65659,0.258333,All
-0.816478,0.266667,-0.97989,0.266667,-0.682859,0.266667,-0.589097,0.266667,-0.812463,0.266667,-0.968837,0.266667,-0.78943,0.266667,-0.802386,0.266667,-0.862137,0.266667,-0.564611,0.266667,-0.655252,0.266667,All
-0.814274,0.275,-0.950097,0.275,-0.663072,0.275,-0.580246,0.275,-0.782355,0.275,-0.9465,0.275,-0.714996,0.275,-0.787019,0.275,-0.815743,0.275,-0.557252,0.275,-0.640903,0.275,All
-0.780227,0.283333,-0.925958,0.283333,-0.614124,0.283333,-0.569764,0.283333,-0.705191,0.283333,-0.942019,0.283333,-0.637953,0.283333,-0.784445,0.283333,-0.804887,0.283333,-0.528994,0.283333,-0.620452,0.283333,All
-0.759419,0.291667,-0.922378,0.291667,-0.607156,0.291667,-0.558653,0.291667,-0.702349,0.291667,-0.924117,0.291667,-0.630487,0.291667,-0.77754,0.291667,-0.782944,0.291667,-0.527211,0.291667,-0.598129,0.291667,All
-0.747585,0.3,-0.83943,0.3,-0.53074,0.3,-0.490135,0.3,-0.690261,0.3,-0.906026,0.3,-0.620491,0.3,-0.757085,0.3,-0.760484,0.3,-0.495481,0.3,-0.579824,0.3,All
-0.703422,0.308333,-0.826149,0.308333,-0.522625,0.308333,-0.489649,0.308333,-0.682519,0.308333,-0.877928,0.308333,-0.616352,0.308333,-0.736791,0.308333,-0.727618,0.308333,-0.488785,0.308333,-0.52413,0.308333,All
-0.68133,0.316667,-0.825603,0.316667,-0.517771,0.316667,-0.468326,0.316667,-0.659317,0.316667,-0.837533,0.316667,-0.597408,0.316667,-0.731451,0.316667,-0.684552,0.316667,-0.479148,0.316667,-0.457949,0.316667,All
-0.63487,0.325,-0.785801,0.325,-0.452274,0.325,-0.458415,0.325,-0.653845,0.325,-0.828705,0.325,-0.573114,0.325,-0.708687,0.325,-0.683536,0.325,-0.438163,0.325,-0.454879,0.325,All
-0.60312,0.333333,-0.755322,0.333333,-0.428127,0.333333,-0.456217,0.333333,-0.588659,0.333333,-0.770293,0.333333,-0.557843,0.333333,-0.680442,0.333333,-0.682681,0.333333,-0.413978,0.333333,-0.453726,0.333333,All
-0.597316,0.341667,-0.752864,0.341667,-0.394647,0.341667,-0.435465,0.341667,-0.585692,0.341667,-0.76971,0.341667,-0.536317,0.341667,-0.648043,0.341667,-0.676898,0.341667,-0.413822,0.341667,-0.44193,0.341667,All
-0.595021,0.35,-0.74373,0.35,-0.355692,0.35,-0.412575,0.35,-0.559969,0.35,-0.757396,0.35,-0.532905,0.35,-0.632855,0.35,-0.660471,0.35,-0.404875,0.35,-0.413078,0.35,All
-0.588675,0.358333,-0.729033,0.358333,-0.346937,0.358333,-0.392005,0.358333,-0.538448,0.358333,-0.733987,0.358333,-0.524864,0.358333,-0.620877,0.358333,-0.631557,0.358333,-0.381083,0.358333,-0.359817,0.358333,All
-0.578728,0.366667,-0.70334,0.366667,-0.255012,0.366667,-0.39155,0.366667,-0.537634,0.366667,-0.728559,0.366667,-0.491755,0.366667,-0.59456,0.366667,-0.620999,0.366667,-0.370897,0.366667,-0.318575,0.366667,All
-0.545388,0.375,-0.696439,0.375,-0.25334,0.375,-0.381908,0.375,-0.492744,0.375,-0.70818,0.375,-0.487318,0.375,-0.559216,0.375,-0.58416,0.375,-0.370013,0.375,-0.315302,0.375,All
-0.520059,0.383333,-0.628803,0.383333,-0.222414,0.383333,-0.36432,0.383333,-0.432932,0.383333,-0.636497,0.383333,-0.4707,0.383333,-0.546517,0.383333,-0.54863,0.383333,-0.361305,0.383333,-0.290746,0.383333,All
-0.458654,0.391667,-0.606727,0.391667,-0.180508,0.391667,-0.359898,0.391667,-0.410596,0.391667,-0.627852,0.391667,-0.462535,0.391667,-0.535947,0.391667,-0.529467,0.391667,-0.35503,0.391667,-0.279188,0.391667,All
-0.447085,0.4,-0.591807,0.4,-0.168548,0.4,-0.355885,0.4,-0.388007,0.4,-0.616888,0.4,-0.447818,0.4,-0.447291,0.4,-0.489692,0.4,-0.340783,0.4,-0.238262,0.4,All
-0.440863,0.408333,-0.535891,0.408333,-0.109721,0.408333,-0.34527,0.408333,-0.378258,0.408333,-0.599674,0.408333,-0.436907,0.408333,-0.428903,0.408333,-0.475895,0.408333,-0.318597,0.408333,-0.231172,0.408333,All
-0.428422,0.416667,-0.476031,0.416667,-0.0410713,0.416667,-0.335608,0.416667,-0.318684,0.416667,-0.586078,0.416667,-0.348081,0.416667,-0.406445,0.416667,-0.424092,0.416667,-0.309453,0.416667,-0.231135,0.416667,All
-0.382219,0.425,-0.457515,0.425,-0.0195025,0.425,-0.310031,0.425,-0.271401,0.425,-0.515996,0.425,-0.281953,0.425,-0.386879,0.425,-0.415619,0.425,-0.295711,0.425,-0.221065,0.425,All
-0.376828,0.433333,-0.393992,0.433333,0.0032077,0.433333,-0.265875,0.433333,-0.158656,0.433333,-0.45665,0.433333,-0.280759,0.433333,-0.383262,0.433333,-0.407943,0.433333,-0.27896,0.433333,-0.21048,0.433333,All
-0.348056,0.441667,-0.384666,0.441667,0.0170313,0.441667,-0.256233,0.441667,-0.127245,0.441667,-0.414662,0.441667,-0.278669,0.441667,-0.344259,0.441667,-0.358988,0.441667,-0.252148,0.441667,-0.209493,0.441667,All
-0.323509,0.45,-0.338309,0.45,0.0239553,0.45,-0.240034,0.45,-0.0926674,0.45,-0.404158,0.45,-0.220224,0.45,-0.330151,0.45,-0.358671,0.45,-0.243224,0.45,-0.177447,0.45,All
-0.296412,0.458333,-0.302853,0.458333,0.0531078,0.458333,-0.232244,0.458333,0.0451084,0.458333,-0.362346,0.458333,-0.195807,0.458333,-0.324193,0.458333,-0.332507,0.458333,-0.199974,0.458333,-0.176618,0.458333,All
-0.293522,0.466667,-0.279015,0.466667,0.0624002,0.466667,-0.214146,0.466667,0.100231,0.466667,-0.259309,0.466667,-0.184142,0.466667,-0.269145,0.466667,-0.327312,0.466667,-0.172581,0.466667,-0.155461,0.466667,All
-0.207077,0.475,-0.259844,0.475,0.112484,0.475,-0.204123,0.475,0.14634,0.475,-0.244675,0.475,-0.162892,0.475,-0.261773,0.475,-0.321438,0.475,-0.147002,0.475,-0.142833,0.475,All
-0.192648,0.483333,-0.227495,0.483333,0.159732,0.483333,-0.17421,0.483333,0.153545,0.483333,-0.233807,0.483333,-0.159823,0.483333,-0.249955,0.483333,-0.267824,0.483333,-0.130041,0.483333,-0.125169,0.483333,All
-0.177726,0.491667,-0.181738,0.491667,0.188637,0.491667,-0.154283,0.491667,0.166422,0.491667,-0.173981,0.491667,-0.0929324,0.491667,-0.230244,0.491667,-0.2641,0.491667,-0.126367,0.491667,-0.116348,0.491667,All
-0.0946788,0.5,-0.118753,0.5,0.213921,0.5,-0.111798,0.5,0.319792,0.5,-0.104469,0.5,-0.050653,0.5,-0.197679,0.5,-0.253374,0.5,-0.106842,0.5,-0.100956,0.5,All
-0.0498332,0.508333,-0.0625834,0.508333,0.247039,0.508333,-0.0901998,0.508333,0.377158,0.508333,-0.10357,0.508333,-0.0483145,0.508333,-0.131205,0.508333,-0.208129,0.508333,-0.0871218,0.508333,-0.0293138,0.508333,All
0.000955082,0.516667,-0.0291824,0.516667,0.254844,0.516667,-0.0794905,0.516667,0.3788,0.516667,-0.0736193,0.516667,-0.0132957,0.516667,-0.128495,0.516667,-0.185062,0.516667,-0.044791,0.516667,-0.0224271,0.516667,All
0.0181879,0.525,-0.0172421,0.525,0.264509,0.525,-0.0126456,0.525,0.427834,0.525,-0.0735616,0.525,-0.0115963,0.525,-0.127751,0.525,-0.175383,0.525,0.0117921,0.525,-0.00418952,0.525,All
0.0280866,0.533333,0.0947129,0.533333,0.276324,0.533333,0.041105,0.533333,0.449025,0.533333,-0.0269291,0.533333,0.0207489,0.533333,-0.121657,0.533333,-0.124301,0.533333,0.0281388,0.533333,0.0119165,0.533333,All
0.0343146,0.541667,0.166121,0.541667,0.282267,0.541667,0.184564,0.541667,0.497254,0.541667,0.051329,0.541667,0.0386755,0.541667,-0.0579906,0.541667,-0.120501,0.541667,0.0722963,0.541667,0.0228123,0.541667,All
0.0370004,0.55,0.187537,0.55,0.302707,0.55,0.215213,0.55,0.546844,0.55,0.100398,0.55,0.0683935,0.55,-0.015341,0.55,-0.0578273,0.55,0.0760377,0.55,0.0261497,0.55,All
0.0394802,0.558333,0.22787,0.558333,0.316328,0.558333,0.249429,0.558333,0.554365,0.558333,0.10651,0.558333,0.0899518,0.558333,0.0251554,0.558333,-0.0501797,0.558333,0.0763452,0.558333,0.0506012,0.558333,All
0.0634029,0.566667,0.235184,0.566667,0.36106,0.566667,0.266054,0.566667,0.586878,0.566667,0.120267,0.566667,0.100119,0.566667,0.157301,0.566667,-0.0423925,0.566667,0.0779406,0.566667,0.056882,0.566667,All
0.101492,0.575,0.249505,0.575,0.366218,0.575,0.273125,0.575,0.588609,0.575,0.137572,0.575,0.174226,0.575,0.343725,0.575,-0.0375751,0.575,0.094021,0.575,0.0657018,0.575,All
0.125034,0.583333,0.268385,0.583333,0.373771,0.583333,0.302199,0.583333,0.675878,0.583333,0.142288,0.583333,0.288117,0.583333,0.346098,0.583333,-0.0278605,0.583333,0.0955453,0.583333,0.0717241,0.583333,All
0.135947,0.591667,0.269441,0.591667,0.380797,0.591667,0.316359,0.591667,0.719026,0.591667,0.227796,0.591667,0.296342,0.591667,0.365409,0.591667,-0.0233958,0.591667,0.120613,0.591667,0.131953,0.591667,All
0.148771,0.6,0.271119,0.6,0.441869,0.6,0.361386,0.6,0.719999,0.6,0.309005,0.6,0.297732,0.6,0.389155,0.6,-0.0190184,0.6,0.160802,0.6,0.145962,0.6,All
0.278344,0.608333,0.340949,0.608333,0.568438,0.608333,0.426321,0.608333,0.768196,0.608333,0.394122,0.608333,0.365997,0.608333,0.389346,0.608333,-0.0119975,0.608333,0.172775,0.608333,0.149582,0.608333,All
0.306277,0.616667,0.341702,0.616667,0.584928,0.616667,0.455805,0.616667,0.788318,0.616667,0.398682,0.616667,0.406592,0.616667,0.43575,0.616667,0.0767353,0.616667,0.199938,0.616667,0.17674,0.616667,All
0.330512,0.625,0.394705,0.625,0.594813,0.625,0.463095,0.625,0.802099,0.625,0.429073,0.625,0.41087,0.625,0.459033,0.625,0.116152,0.625,0.231433,0.625,0.209755,0.625,All
0.359923,0.633333,0.434555,0.633333,0.623054,0.633333,0.470748,0.633333,0.805823,0.633333,0.447261,0.633333,0.429473,0.633333,0.482756,0.633333,0.141457,0.633333,0.27621,0.633333,0.235103,0.633333,All
0.400282,0.641667,0.442006,0.641667,0.625819,0.641667,0.476472,0.641667,0.811722,0.641667,0.478104,0.641667,0.437898,0.641667,0.48639,0.641667,0.19429,0.641667,0.304566,0.641667,0.244719,0.641667,All
0.425146,0.65,0.453348,0.65,0.638349,0.65,0.499328,0.65,0.81769,0.65,0.478391,0.65,0.454009,0.65,0.518042,0.65,0.250332,0.65,0.306112,0.65,0.267925,0.65,All
0.42997,0.658333,0.462708,0.658333,0.643213,0.658333,0.527967,0.658333,0.850088,0.658333,0.525532,0.658333,0.477763,0.658333,0.520964,0.658333,0.28655,0.658333,0.309722,0.658333,0.272064,0.658333,All
0.446922,0.666667,0.488632,0.666667,0.66359,0.666667,0.538009,0.666667,0.859961,0.666667,0.58723,0.666667,0.49421,0.666667,0.530388,0.666667,0.564025,0.666667,0.327918,0.666667,0.288628,0.666667,All
0.462112,0.675,0.511304,0.675,0.675795,0.675,0.549796,0.675,0.872896,0.675,0.592161,0.675,0.52033,0.675,0.537783,0.675,0.570878,0.675,0.366835,0.675,0.295088,0.675,All
0.476288,0.683333,0.528378,0.683333,0.682854,0.683333,0.553768,0.683333,0.878782,0.683333,0.595298,0.683333,0.53035,0.683333,0.581359,0.683333,0.641199,0.683333,0.39829,0.683333,0.34697,0.683333,All
0.513102,0.691667,0.559851,0.691667,0.698177,0.691667,0.563431,0.691667,0.891274,0.691667,0.633767,0.691667,0.579596,0.691667,0.611683,0.691667,0.649863,0.691667,0.437751,0.691667,0.355128,0.691667,All
0.558985,0.7,0.57908,0.7,0.703141,0.7,0.571776,0.7,0.910735,0.7,0.643857,0.7,0.594899,0.7,0.631696,0.7,0.656457,0.7,0.467314,0.7,0.380639,0.7,All
0.574837,0.708333,0.588678,0.708333,0.717035,0.708333,0.586629,0.708333,0.91318,0.708333,0.663555,0.708333,0.651933,0.708333,0.706501,0.708333,0.688419,0.708333,0.468254,0.708333,0.413396,0.708333,All
0.587978,0.716667,0.60657,0.716667,0.738455,0.716667,0.59376,0.716667,0.916577,0.716667,0.671091,0.716667,0.67832,0.716667,0.734625,0.716667,0.693258,0.716667,0.501201,0.716667,0.439243,0.716667,All
0.603838,0.725,0.608713,0.725,0.753372,0.725,0.611723,0.725,0.917292,0.725,0.671985,0.725,0.680758,0.725,0.758266,0.725,0.743249,0.725,0.572589,0.725,0.462627,0.725,All
0.610003,0.733333,0.641147,0.733333,0.760693,0.733333,0.622024,0.733333,0.917453,0.733333,0.681587,0.733333,0.683322,0.733333,0.773762,0.733333,0.783451,0.733333,0.595104,0.733333,0.464494,0.733333,All
0.634451,0.741667,0.648479,0.741667,0.80507,0.741667,0.624819,0.741667,0.932833,0.741667,0.707441,0.741667,0.707335,0.741667,0.797306,0.741667,0.814425,0.741667,0.597271,0.741667,0.474685,0.741667,All
0.677656,0.75,0.665521,0.75,0.829252,0.75,0.627832,0.75,0.935621,0.75,0.733381,0.75,0.708088,0.75,0.832604,0.75,0.821476,0.75,0.653518,0.75,0.512626,0.75,All
0.681954,0.758333,0.68198,0.758333,0.830068,0.758333,0.633259,0.758333,0.951624,0.758333,0.791337,0.758333,0.739969,0.758333,0.851023,0.758333,0.889877,0.758333,0.691853,0.758333,0.51663,0.758333,All
0.703095,0.766667,0.749525,0.766667,0.837132,0.766667,0.64011,0.766667,0.984678,0.766667,0.852074,0.766667,0.759762,0.766667,0.880634,0.766667,0.894307,0.766667,0.716819,0.766667,0.51955,0.766667,All
0.707208,0.775,0.77342,0.775,0.848606,0.775,0.641365,0.775,1.02882,0.775,0.898094,0.775,0.766059,0.775,0.893383,0.775,0.909967,0.775,0.722422,0.775,0.532089,0.775,All
0.718969,0.783333,0.865306,0.783333,0.852828,0.783333,0.682625,0.783333,1.0416,0.783333,0.906004,0.783333,0.767124,0.783333,0.909973,0.783333,0.925663,0.783333,0.731415,0.783333,0.542199,0.783333,All
0.85127,0.791667,0.868968,0.791667,0.955834,0.791667,0.688622,0.791667,1.05185,0.791667,0.958577,0.791667,0.828015,0.791667,1.00651,0.791667,0.951146,0.791667,0.817102,0.791667,0.568156,0.791667,All
0.906812,0.8,0.869029,0.8,0.979651,0.8,0.694658,0.8,1.05542,0.8,0.980876,0.8,0.832062,0.8,1.00802,0.8,0.954961,0.8,0.825031,0.8,0.64271,0.8,All
0.916125,0.808333,0.886204,0.808333,0.985452,0.808333,0.708931,0.808333,1.07533,0.808333,0.991263,0.808333,0.883769,0.808333,1.01839,0.808333,0.996743,0.808333,0.849246,0.808333,0.648108,0.808333,All
1.05753,0.816667,0.916493,0.816667,1.0142,0.816667,0.713926,0.816667,1.08257,0.816667,0.99201,0.816667,0.901826,0.816667,1.01899,0.816667,1.05907,0.816667,0.917503,0.816667,0.696729,0.816667,All
1.08981,0.825,0.948758,0.825,1.01761,0.825,0.771133,0.825,1.08764,0.825,1.0004,0.825,0.936965,0.825,1.0329,0.825,1.07882,0.825,0.919503,0.825,0.892267,0.825,All
1.11186,0.833333,0.955862,0.833333,1.02411,0.833333,0.772645,0.833333,1.09062,0.833333,1.05257,0.833333,0.948596,0.833333,1.04745,0.833333,1.09878,0.833333,0.952689,0.833333,0.911601,0.833333,All
1.1202,0.841667,0.9743,0.841667,1.02621,0.841667,0.819062,0.841667,1.09163,0.841667,1.10181,0.841667,0.969715,0.841667,1.10297,0.841667,1.11492,0.841667,0.991534,0.841667,0.912007,0.841667,All
1.28369,0.85,1.00114,0.85,1.0917,0.85,0.838076,0.85,1.09545,0.85,1.10588,0.85,0.974643,0.85,1.11849,0.85,1.17292,0.85,1.02348,0.85,0.920241,0.85,All
1.36216,0.858333,1.06189,0.858333,1.09731,0.858333,0.866406,0.858333,1.12837,0.858333,1.15375,0.858333,1.1365,0.858333,1.15434,0.858333,1.18368,0.858333,1.05753,0.858333,1.06604,0.858333,All
1.37943,0.866667,1.09638,0.866667,1.12056,0.866667,0.874599,0.866667,1.13227,0.866667,1.18293,0.866667,1.15164,0.866667,1.18244,0.866667,1.2253,0.866667,1.22582,0.866667,1.0754,0.866667,All
1.43618,0.875,1.10408,0.875,1.14183,0.875,0.899389,0.875,1.14666,0.875,1.20939,0.875,1.18129,0.875,1.20057,0.875,1.23052,0.875,1.32421,0.875,1.17503,0.875,All
1.51525,0.883333,1.11382,0.883333,1.14832,0.883333,0.939259,0.883333,1.15335,0.883333,1.31815,0.883333,1.20624,0.883333,1.23078,0.883333,1.30054,0.883333,1.3339,0.883333,1.20258,0.883333,All
1.5278,0.891667,1.1705,0.891667,1.17949,0.891667,0.962087,0.891667,1.15481,0.891667,1.32569,0.891667,1.2132,0.891667,1.31251,0.891667,1.45221,0.891667,1.51408,0.891667,1.24344,0.891667,All
1.52867,0.9,1.18302,0.9,1.18703,0.9,1.09202,0.9,1.1688,0.9,1.36249,0.9,1.22653,0.9,1.31771,0.9,1.45541,0.9,1.56779,0.9,1.42257,0.9,All
1.54618,0.908333,1.19117,0.908333,1.2307,0.908333,1.12643,0.908333,1.18281,0.908333,1.37393,0.908333,1.34694,0.908333,1.38817,0.908333,1.47817,0.908333,1.77044,0.908333,1.51425,0.908333,All
1.56149,0.916667,1.34624,0.916667,1.24882,0.916667,1.16088,0.916667,1.20745,0.916667,1.464,0.916667,1.36342,0.916667,1.432,0.916667,1.50375,0.916667,1.80765,0.916667,1.75321,0.916667,All
1.57542,0.925,1.35166,0.925,1.25718,0.925,2.2636,0.925,1.2093,0.925,1.46922,0.925,1.37318,0.925,1.43969,0.925,1.55126,0.925,1.91145,0.925,1.79953,0.925,All
1.58353,0.933333,1.36338,0.933333,1.29303,0.933333,2.31941,0.933333,1.23696,0.933333,1.49398,0.933333,1.38805,0.933333,1.79597,0.933333,1.62935,0.933333,2.1571,0.933333,1.92943,0.933333,All
1.61097,0.941667,1.3661,0.941667,1.29638,0.941667,2.32868,0.941667,1.2482,0.941667,1.50242,0.941667,1.41768,0.941667,1.84786,0.941667,1.64223,0.941667,2.19474,0.941667,2.11914,0.941667,All
1.61917,0.95,1.39576,0.95,1.31794,0.95,2.37629,0.95,1.25262,0.95,1.53705,0.95,1.48905,0.95,1.9437,0.95,1.68862,0.95,2.23852,0.95,2.15327,0.95,All
1.71092,0.958333,1.49823,0.958333,1.31961,0.958333,2.40139,0.958333,1.27963,0.958333,1.71532,0.958333,1.53339,0.958333,2.02108,0.958333,2.02465,0.958333,2.28771,0.958333,2.20981,0.958333,All
1.79688,0.966667,1.53111,0.966667,1.34875,0.966667,2.42362,0.966667,1.28232,0.966667,1.73514,0.966667,1.54853,0.966667,2.14565,0.966667,2.04462,0.966667,2.37051,0.966667,2.37837,0.966667,All
1.79952,0.975,1.53169,0.975,1.37338,0.975,2.43304,0.975,1.28426,0.975,1.75505,0.975,1.89688,0.975,2.21696,0.975,2.07169,0.975,2.43511,0.975,2.45341,0.975,All
1.8332,0.983333,1.57604,0.983333,1.47542,0.983333,2.43402,0.983333,1.47935,0.983333,1.80603,0.983333,2.04427,0.983333,2.23242,0.983333,2.08873,0.983333,2.51092,0.983333,2.73972,0.983333,All
1.98894,0.991667,1.74193,0.991667,1.61778,0.991667,2.46192,0.991667,1.49868,0.991667,1.83455,0.991667,2.11963,0.991667,2.23549,0.991667,2.12719,0.991667,2.51631,0.991667,3.02893,0.991667,All
2.21019,1,1.93244,1,1.683,1,2.47459,1,1.93788,1,1.95198,1,2.56031,1,2.27712,1,2.21021,1,2.9641,1,3.12596,1,All
4,1,4,1,4,1,4,1,4,1,4,1,4,1,4,1,4,1,4,1,4,1,All
