id,time,y1,popPred_medianCOV,popPred,indivPred_SAEM,indivPred_mean,indivPred_mode,indWRes_SAEM,indWRes_mean,indWRes_mode
7,1,3,0,0,0,0,0,3.36426,3.36426,3.36426
7,1.5,3,0,0,1.01981,1.04676,1.13929,2.22062,2.1904,2.08664
7,2,3,3.5826,3.5826,1.62897,1.60031,1.67171,1.5375,1.56964,1.48957
7,2.5,3,5.76448,5.76448,2.27063,2.19881,2.24548,0.81793,0.898468,0.846137
7,3,3,6.81659,6.81659,2.94955,2.84716,2.86477,0.056576,0.171399,0.151653
7,3.5,3.949,7.41803,7.41803,3.66875,3.55129,3.53373,0.314283,0.445999,0.465688
7,4,3,7.74725,7.74725,4.43174,4.3186,4.25853,-1.60559,-1.47871,-1.41134
7,4.5,5.246,7.86687,7.86687,5.24157,5.1561,5.04551,0.00497216,0.100814,0.224832
7,5,5.678,7.84145,7.84145,6.09806,6.06991,5.89951,-0.471059,-0.43949,-0.248402
7,5.5,7.345,7.73425,7.73425,6.97113,7.03398,6.80348,0.419268,0.348787,0.607276
7,6,8.513,7.58783,7.58783,7.65957,7.78818,7.58121,0.957054,0.812826,1.04493
7,6.5,7.832,7.41945,7.41945,7.80104,7.87629,7.80135,0.0347228,-0.04967,0.0343704
7,7,6.952,7.20759,7.20759,7.57206,7.61195,7.59062,-0.695343,-0.740085,-0.716163
7,7.5,8.266,6.94586,6.94586,7.30376,7.36409,7.33167,1.07907,1.01142,1.04778
7,8,7.563,6.63107,6.63107,7.11808,7.2177,7.1574,0.498942,0.38723,0.454853
7,8.5,7.162,6.26319,6.26319,7.01712,7.1477,7.06027,0.16247,0.0160365,0.114079
7,9,6.28,5.8515,5.8515,6.90725,7.05125,6.94554,-0.703412,-0.864895,-0.746355
7,9.5,8.078,5.41778,5.41778,6.75516,6.90988,6.79844,1.48347,1.30995,1.43493
7,10,7.415,4.98897,4.98897,6.55835,6.72689,6.61499,0.960663,0.771657,0.897147
7,10.5,7.022,4.59455,4.59455,6.31314,6.50146,6.39152,0.79493,0.583743,0.70703
7,11,6.394,4.24887,4.24887,6.01921,6.23386,6.12701,0.420297,0.179586,0.299408
7,11.5,5.54,3.95127,3.95127,5.66681,5.91842,5.81402,-0.142212,-0.424364,-0.307293
7,12,4.815,3.69209,3.69209,5.25303,5.5475,5.44584,-0.491212,-0.821437,-0.707433
7,12.5,6.041,3.46178,3.46178,4.77286,5.11268,5.01421,1.42212,1.04104,1.15146
7,13,3.252,3.24957,3.24957,4.22503,4.61081,4.51382,-1.09118,-1.5238,-1.41504
7,13.5,3,3.05361,3.05361,3.6092,4.03912,3.94413,-0.683169,-1.16529,-1.05877
7,14,3.522,2.86553,2.86553,2.93297,3.40315,3.31104,0.66055,0.133279,0.236577
7,14.5,3,2.68228,2.68228,2.20084,2.70487,2.61763,0.896196,0.330964,0.4288
7,15,3,2.49977,2.49977,1.42111,1.95312,1.86948,1.7706,1.174,1.26779
7,15.5,3,2.3175,2.3175,0.600845,1.15597,1.07736,2.69046,2.06794,2.15608
7,16,3,2.13488,2.13488,0,0.321053,0.248311,3.36426,3.00423,3.0858
8,1,3,0,0,0,0,0,3.36426,3.36426,3.36426
8,1.5,3,0,0,0,0,0,3.36426,3.36426,3.36426
8,2,3.586,3.5826,3.5826,0,0,0,4.02141,4.02141,4.02141
8,2.5,3,5.76448,5.76448,0,0,0,3.36426,3.36426,3.36426
8,3,6.307,6.81659,6.81659,6.33045,6.29632,5.40099,-0.026298,0.0119774,1.01602
8,3.5,7.513,7.41803,7.41803,7.57511,7.62484,7.29633,-0.0696499,-0.125415,0.242974
8,4,8.396,7.74725,7.74725,8.12547,8.17804,8.02424,0.303376,0.244419,0.416896
8,4.5,8.555,7.86687,7.86687,8.35695,8.38395,8.3649,0.222096,0.191822,0.213186
8,5,8.486,7.84145,7.84145,8.39739,8.39787,8.48112,0.0993652,0.0988297,0.00547419
8,5.5,7.651,7.73425,7.73425,8.33645,8.32076,8.46516,-0.768679,-0.751079,-0.913015
8,6,8.769,7.58783,7.58783,8.22288,8.19803,8.37918,0.612436,0.640295,0.437149
8,6.5,6.997,7.41945,7.41945,8.07271,8.04323,8.25061,-1.20633,-1.17326,-1.40582
8,7,9.526,7.20759,7.20759,7.88804,7.85754,8.08754,1.83684,1.87105,1.61312
8,7.5,7.693,6.94586,6.94586,7.66542,7.63776,7.88947,0.0309243,0.0619442,-0.220326
8,8,8.222,6.63107,6.63107,7.39902,7.37888,7.65224,0.922909,0.945488,0.638936
8,8.5,7.189,6.26319,6.26319,7.0817,7.0745,7.36994,0.120328,0.128404,-0.202908
8,9,7.963,5.8515,5.8515,6.706,6.71818,7.03573,1.40963,1.39597,1.03986
8,9.5,7.387,5.41778,5.41778,6.26715,6.30507,6.64269,1.25582,1.21329,0.834681
8,10,7.281,4.98897,4.98897,5.75979,5.83234,6.18624,1.70592,1.62455,1.22769
8,10.5,5.63,4.59455,4.59455,5.20362,5.30838,5.67309,0.478148,0.360671,-0.04832
8,11,4.791,4.24887,4.24887,4.65332,4.76571,5.12559,0.154393,0.0283615,-0.37522
8,11.5,6.059,3.95127,3.95127,4.19151,4.27491,4.60724,2.09424,2.00071,1.62803
8,12,3.492,3.69209,3.69209,3.85472,3.89183,4.19169,-0.406756,-0.448376,-0.784644
8,12.5,3.812,3.46178,3.46178,3.61964,3.62703,3.89136,0.215717,0.207426,-0.0889908
8,13,3,3.24957,3.24957,3.44924,3.44527,3.67875,-0.503791,-0.499336,-0.76116
8,13.5,3.958,3.05361,3.05361,3.3162,3.3104,3.51846,0.719724,0.726235,0.492912
8,14,3,2.86553,2.86553,3.20201,3.20489,3.3888,-0.226542,-0.229765,-0.436013
8,14.5,3.773,2.68228,2.68228,3.09552,3.1138,3.27257,0.759745,0.739239,0.561194
8,15,3,2.49977,2.49977,2.99273,3.02301,3.1637,0.00815554,-0.0258001,-0.183577
8,15.5,3,2.3175,2.3175,2.88999,2.93531,3.05807,0.123363,0.0725493,-0.065121
8,16,3,2.13488,2.13488,2.78725,2.84729,2.95277,0.238581,0.171249,0.0529689
8,16.5,3.566,1.95208,1.95208,2.68141,2.75821,2.84722,0.991993,0.905874,0.806051
8,17,4.05,1.76731,1.76731,2.57545,2.66624,2.74148,1.65359,1.55178,1.4674
8,17.5,3.562,1.5812,1.5812,2.46748,2.5739,2.63494,1.22742,1.10808,1.03962
8,18,3.318,1.39373,1.39373,2.35869,2.47922,2.5274,1.07579,0.940628,0.88659
8,18.5,3,1.20475,1.20475,2.24844,2.38441,2.41909,0.842814,0.690336,0.651441
8,19,3,1.01433,1.01433,2.13687,2.28749,2.30927,0.967935,0.799027,0.774603
8,19.5,3,0.822502,0.822502,2.02421,2.18968,2.20005,1.09427,0.908709,0.897079
9,1,3,0,0,0,0,0,3.36426,3.36426,3.36426
9,1.5,3,0,0,0,0,0,3.36426,3.36426,3.36426
9,2,4.702,3.5826,3.5826,4.72825,4.73,4.63153,-0.0294372,-0.0313984,0.079022
9,2.5,4.731,5.76448,5.76448,6.41866,6.46334,6.26297,-1.89258,-1.94268,-1.71798
9,3,7.374,6.81659,6.81659,7.27285,7.29352,7.0657,0.113436,0.0902484,0.345729
9,3.5,8.067,7.41803,7.41803,7.73878,7.73337,7.5351,0.368071,0.374134,0.596479
9,4,8.534,7.74725,7.74725,7.93004,7.91094,7.80253,0.677289,0.698716,0.82028
9,4.5,8.391,7.86687,7.86687,7.92419,7.9083,7.91912,0.52349,0.541314,0.529175
9,5,8.658,7.84145,7.84145,7.80401,7.78602,7.90922,0.957679,0.977858,0.839698
9,5.5,7.239,7.73425,7.73425,7.61303,7.58154,7.80858,-0.419444,-0.384136,-0.638741
9,6,8.223,7.58783,7.58783,7.35892,7.31655,7.64321,0.968994,1.01651,0.65019
9,6.5,7.922,7.41945,7.41945,7.05164,6.99945,7.42677,0.976035,1.03457,0.555363
9,7,7.805,7.20759,7.20759,6.69797,6.63489,7.16708,1.24145,1.31218,0.715373
9,7.5,6.9,6.94586,6.94586,6.30573,6.22904,6.86975,0.666431,0.752427,0.03392
9,8,7.046,6.63107,6.63107,5.88825,5.80041,6.54242,1.29833,1.39683,0.564722
9,8.5,6.21,6.26319,6.26319,5.46748,5.37358,6.19648,0.83268,0.937981,0.0151622
9,9,5.56,5.8515,5.8515,5.06606,4.9787,5.84845,0.553911,0.651877,-0.323469
9,9.5,6.295,5.41778,5.41778,4.72072,4.63774,5.51668,1.76543,1.85848,0.872826
9,10,6.162,4.98897,4.98897,4.42019,4.35704,5.21119,1.9533,2.02412,1.06626
9,10.5,5.427,4.59455,4.59455,4.16691,4.12559,4.94178,1.41309,1.45943,0.544135
9,11,4.239,4.24887,4.24887,3.95259,3.93358,4.709,0.321181,0.342506,-0.527069
9,11.5,4.413,3.95127,3.95127,3.76791,3.76997,4.50587,0.723422,0.721103,-0.104149
9,12,3,3.69209,3.69209,3.60435,3.62472,4.32826,-0.677734,-0.700571,-1.48953
9,12.5,4.234,3.46178,3.46178,3.4552,3.48957,4.1685,0.873367,0.834816,0.0734477
9,13,3.944,3.24957,3.24957,3.31476,3.36214,4.02149,0.705645,0.652506,-0.0868971
9,13.5,3,3.05361,3.05361,3.17912,3.23902,3.88232,-0.200864,-0.26804,-0.989451
9,14,4.203,2.86553,2.86553,3.04719,3.11863,3.75,1.29614,1.21603,0.508
9,14.5,3.573,2.68228,2.68228,2.91604,2.99673,3.62084,0.736734,0.646237,-0.053647
9,15,3,2.49977,2.49977,2.78546,2.87319,3.49291,0.240588,0.142209,-0.552755
9,15.5,3.845,2.3175,2.3175,2.65506,2.75103,3.3675,1.33442,1.2268,0.535476
9,16,3.908,2.13488,2.13488,2.52183,2.62744,3.24241,1.55448,1.43604,0.746407
9,16.5,3,1.95208,1.95208,2.38874,2.50259,3.11745,0.685483,0.557805,-0.131713
9,17,3,1.76731,1.76731,2.25424,2.37679,2.99286,0.836315,0.698881,0.0080034
9,17.5,3,1.5812,1.5812,2.11914,2.2494,2.86827,0.987811,0.841733,0.147724
10,1,3,0,0,0,0,0,3.36426,3.36426,3.36426
10,1.5,3.47,0,0,4.16225,4.11566,3.71343,-0.776304,-0.724051,-0.272984
10,2,7.203,3.5826,3.5826,7.37261,7.39195,7.28076,-0.190202,-0.211889,-0.0871997
10,2.5,8.478,5.76448,5.76448,8.38029,8.40177,8.34798,0.109573,0.0854874,0.14581
10,3,9.229,6.81659,6.81659,8.68447,8.69568,8.70173,0.610642,0.598072,0.591291
10,3.5,8.793,7.41803,7.41803,8.6143,8.61188,8.66059,0.200402,0.203114,0.148492
10,4,8.281,7.74725,7.74725,8.38392,8.37472,8.44936,-0.115419,-0.105099,-0.1888
10,4.5,6.902,7.86687,7.86687,8.09547,8.08415,8.17641,-1.33838,-1.32569,-1.42915
10,5,7.215,7.84145,7.84145,7.78899,7.77752,7.8838,-0.643679,-0.630816,-0.75001
10,5.5,6.179,7.73425,7.73425,7.48202,7.47073,7.58916,-1.46123,-1.44857,-1.58139
10,6,6.112,7.58783,7.58783,7.18534,7.17361,7.30212,-1.20367,-1.19051,-1.33462
10,6.5,8.145,7.41945,7.41945,6.90824,6.89499,7.03051,1.38693,1.40179,1.24981
10,7,8.514,7.20759,7.20759,6.66011,6.64397,6.78455,2.07899,2.09709,1.93944
10,7.5,6.782,6.94586,6.94586,6.44914,6.42903,6.56838,0.373279,0.395833,0.239555
10,8,6.978,6.63107,6.63107,6.28045,6.25603,6.39172,0.782251,0.809632,0.657465
10,8.5,5.579,6.26319,6.26319,6.15525,6.12676,6.25564,-0.646219,-0.614274,-0.758795
10,9,6.259,5.8515,5.8515,6.06825,6.03307,6.15686,0.213907,0.253365,0.114547
10,9.5,6.134,5.41778,5.41778,5.96243,5.91677,6.04359,0.192403,0.243602,0.101386
10,10,6.019,4.98897,4.98897,5.81006,5.76162,5.893,0.23431,0.288628,0.1413
10,10.5,5.653,4.59455,4.59455,5.61902,5.57099,5.70908,0.0381073,0.0919631,-0.062892
10,11,6.111,4.24887,4.24887,5.39857,5.35614,5.50031,0.79893,0.846514,0.684838
10,11.5,5.815,3.95127,3.95127,5.16127,5.12821,5.27699,0.733103,0.770182,0.603338
10,12,6.27,3.69209,3.69209,4.9188,4.89634,5.04931,1.51526,1.54045,1.3689
10,12.5,4.85,3.46178,3.46178,4.67602,4.66538,4.82102,0.195105,0.207042,0.0324963
10,13,3.65,3.24957,3.24957,4.43718,4.43778,4.59703,-0.882764,-0.883429,-1.06201
10,13.5,5.219,3.05361,3.05361,4.20064,4.21343,4.37838,1.142,1.12767,0.942692
10,14,5.321,2.86553,2.86553,3.96968,3.99132,4.16136,1.5154,1.49113,1.30045
10,14.5,4.466,2.68228,2.68228,3.73838,3.77055,3.9458,0.815963,0.779894,0.583362
10,15,3,2.49977,2.49977,3.50866,3.55087,3.72959,-0.570422,-0.617752,-0.818177
10,15.5,3.758,2.3175,2.3175,3.27939,3.33135,3.51621,0.536727,0.478456,0.271154
10,16,3,2.13488,2.13488,3.04967,3.1113,3.30183,-0.0556956,-0.124814,-0.338476
10,16.5,3,1.95208,1.95208,2.81991,2.89163,3.08722,0.201952,0.121533,-0.0978111
11,1,3,0,0,0,0,0,3.36426,3.36426,3.36426
11,1.5,3,0,0,0,0,0,3.36426,3.36426,3.36426
11,2,3.992,3.5826,3.5826,5.18631,5.24811,5.09044,-1.33932,-1.40863,-1.23181
11,2.5,5.934,5.76448,5.76448,6.97541,6.96294,6.92021,-1.16786,-1.15388,-1.10596
11,3,7.038,6.81659,6.81659,7.68868,7.67043,7.64608,-0.729684,-0.709224,-0.681909
11,3.5,8.053,7.41803,7.41803,8.04701,8.03432,8.02002,0.006712,0.0209499,0.0369799
11,4,7.745,7.74725,7.74725,8.20483,8.20166,8.20074,-0.515659,-0.512104,-0.511077
11,4.5,8.284,7.86687,7.86687,8.2421,8.24682,8.25777,0.0469845,0.0416912,0.0294195
11,5,8.198,7.84145,7.84145,8.21561,8.225,8.24749,-0.0197435,-0.0302743,-0.0555006
11,5.5,7.321,7.73425,7.73425,8.1508,8.16636,8.2028,-0.93056,-0.948007,-0.988872
11,6,8.447,7.58783,7.58783,8.04379,8.06526,8.12367,0.452163,0.42809,0.362593
11,6.5,9.002,7.41945,7.41945,7.8895,7.91506,8.00582,1.24758,1.21892,1.11713
11,7,7.626,7.20759,7.20759,7.67565,7.70309,7.84094,-0.055678,-0.0864484,-0.241033
11,7.5,9.124,6.94586,6.94586,7.3834,7.40919,7.61477,1.95195,1.92302,1.69249
11,8,7.084,6.63107,6.63107,6.98668,7.00556,7.30731,0.109132,0.0879659,-0.250425
11,8.5,6.796,6.26319,6.26319,6.4555,6.45988,6.89302,0.381849,0.376933,-0.108798
11,9,5.49,5.8515,5.8515,5.76732,5.75086,6.3452,-0.310994,-0.292538,-0.959042
11,9.5,5.876,5.41778,5.41778,4.95515,4.92675,5.63741,1.03266,1.06451,0.267563
11,10,4.666,4.98897,4.98897,4.20101,4.19269,4.84086,0.521444,0.530784,-0.19609
11,10.5,3.957,4.59455,4.59455,3.67038,3.67583,4.16971,0.321425,0.315312,-0.238542
11,11,3,4.24887,4.24887,3.30129,3.30267,3.7128,-0.33787,-0.339425,-0.799347
11,11.5,3,3.95127,3.95127,3.0181,3.01151,3.38458,-0.0202946,-0.0129055,-0.43128
11,12,5.532,3.69209,3.69209,2.7832,2.7638,3.13182,3.08256,3.10432,2.69162
11,12.5,3,3.46178,3.46178,2.57053,2.53811,2.9142,0.481619,0.517972,0.0962132
11,13,3,3.24957,3.24957,2.36718,2.31992,2.71271,0.709656,0.762652,0.322172
11,13.5,3,3.05361,3.05361,2.16722,2.10555,2.51664,0.933899,1.00305,0.542052
11,14,3,2.86553,2.86553,1.96794,1.89163,2.3226,1.15737,1.24295,0.759645
11,14.5,3,2.68228,2.68228,1.76762,1.67704,2.12854,1.38202,1.48359,0.977276
11,15,3,2.49977,2.49977,1.56626,1.46154,1.93277,1.60782,1.72526,1.19682
11,15.5,3,2.3175,2.3175,1.36329,1.24436,1.73553,1.83544,1.96881,1.41801
12,1,3,0,0,0,0,0,3.36426,3.36426,3.36426
12,1.5,3,0,0,0,0,0,3.36426,3.36426,3.36426
12,2,3,3.5826,3.5826,0,0,0,3.36426,3.36426,3.36426
12,2.5,3,5.76448,5.76448,0,0,0,3.36426,3.36426,3.36426
12,3,3,6.81659,6.81659,0,0,0,3.36426,3.36426,3.36426
12,3.5,3,7.41803,7.41803,0,0,0,3.36426,3.36426,3.36426
12,4,3,7.74725,7.74725,0,0,0,3.36426,3.36426,3.36426
12,4.5,3.692,7.86687,7.86687,3.80279,3.87828,3.29548,-0.124238,-0.208897,0.444664
12,5,3,7.84145,7.84145,5.60793,5.62431,5.5117,-2.92459,-2.94296,-2.81667
12,5.5,8.496,7.73425,7.73425,6.30295,6.30952,6.31408,2.45933,2.45196,2.44685
12,6,6.953,7.58783,7.58783,6.50559,6.51643,6.58012,0.501731,0.489579,0.418156
12,6.5,4.478,7.41945,7.41945,6.44251,6.46175,6.54753,-2.20304,-2.22462,-2.32081
12,7,6.848,7.20759,7.20759,6.25912,6.28468,6.37609,0.660377,0.631715,0.52921
12,7.5,6.629,6.94586,6.94586,6.01719,6.04621,6.13856,0.686097,0.653548,0.549991
12,8,6.559,6.63107,6.63107,5.73653,5.76674,5.85899,0.92234,0.888462,0.785006
12,8.5,4.986,6.26319,6.26319,5.42341,5.45271,5.54478,-0.490523,-0.523378,-0.626632
12,9,7.05,5.8515,5.8515,5.08144,5.10785,5.19994,2.20759,2.17797,2.07469
12,9.5,5.095,5.41778,5.41778,4.71644,4.73791,4.8298,0.424525,0.400442,0.297395
12,10,3.781,4.98897,4.98897,4.33927,4.35513,4.44318,-0.62606,-0.643838,-0.742586
12,10.5,3.593,4.59455,4.59455,3.96883,3.98095,4.06029,-0.421468,-0.435051,-0.524028
12,11,3.944,4.24887,4.24887,3.63235,3.64715,3.70938,0.349486,0.332894,0.263109
12,11.5,3,3.95127,3.95127,3.35124,3.37392,3.41765,-0.393888,-0.419319,-0.468364
12,12,4.01,3.69209,3.69209,3.13775,3.16968,3.19607,0.978154,0.942349,0.912754
12,12.5,3,3.46178,3.46178,2.98473,3.023,3.03843,0.017124,-0.0257977,-0.0430941
12,13,3,3.24957,3.24957,2.87692,2.91966,2.92714,0.138025,0.0900922,0.081709
12,13.5,3,3.05361,3.05361,2.79974,2.84394,2.84633,0.224572,0.175014,0.172324
12,14,3,2.86553,2.86553,2.74356,2.78384,2.78666,0.287579,0.242409,0.23924
12,14.5,3,2.68228,2.68228,2.69667,2.7334,2.73595,0.34016,0.298975,0.296106
12,15,3.514,2.49977,2.49977,2.65437,2.68568,2.69268,0.964003,0.928891,0.921042
12,15.5,3,2.3175,2.3175,2.61316,2.63925,2.64628,0.433813,0.404552,0.396666
12,16,3.572,2.13488,2.13488,2.57099,2.59039,2.59967,1.12255,1.1008,1.0904
12,16.5,3,1.95208,1.95208,2.52698,2.53991,2.55149,0.530449,0.515956,0.50297
12,17,3.461,1.76731,1.76731,2.48191,2.48777,2.50427,1.09797,1.0914,1.0729
12,17.5,3,1.5812,1.5812,2.43312,2.4335,2.45185,0.63571,0.635284,0.614708
12,18,3,1.39373,1.39373,2.38334,2.37703,2.3984,0.691533,0.698607,0.674642
13,1,3.129,0,0,2.02364,1.9579,2.03394,1.23957,1.3133,1.22802
13,1.5,3,0,0,3.44811,3.37307,3.49361,-0.502518,-0.418372,-0.553547
13,2,5.275,3.5826,3.5826,4.6424,4.57035,4.72039,0.709415,0.790206,0.621955
13,2.5,4.467,5.76448,5.76448,5.65613,5.59491,5.76489,-1.33351,-1.26486,-1.45548
13,3,6.846,6.81659,6.81659,6.52083,6.47649,6.65733,0.364657,0.414374,0.21158
13,3.5,7.306,7.41803,7.41803,7.23879,7.21609,7.39113,0.0753666,0.100824,-0.0954615
13,4,8.46,7.74725,7.74725,7.73874,7.74182,7.86641,0.808832,0.805382,0.665664
13,4.5,8.391,7.86687,7.86687,7.89103,7.91486,7.94999,0.560671,0.533948,0.494554
13,5,9.352,7.84145,7.84145,7.71898,7.74783,7.70742,1.8313,1.79895,1.84427
13,5.5,7.637,7.73425,7.73425,7.3926,7.41452,7.3413,0.274079,0.249489,0.331601
13,6,7.465,7.58783,7.58783,7.04682,7.0561,6.9791,0.46895,0.458545,0.544895
13,6.5,7.753,7.41945,7.41945,6.74201,6.74061,6.66352,1.13375,1.13532,1.22176
13,7,7.157,7.20759,7.20759,6.49981,6.48745,6.42339,0.73699,0.750848,0.822685
13,7.5,5.507,6.94586,6.94586,6.32253,6.30001,6.25479,-0.914547,-0.889297,-0.83859
13,8,6.257,6.63107,6.63107,6.20567,6.17391,6.1491,0.057565,0.0931793,0.121004
13,8.5,5.655,6.26319,6.26319,6.1421,6.1022,6.09576,-0.546242,-0.501502,-0.494281
13,9,5.393,5.8515,5.8515,6.1241,6.0775,6.08861,-0.819876,-0.767614,-0.780072
13,9.5,6.278,5.41778,5.41778,6.144,6.09245,6.11838,0.150268,0.208076,0.178998
13,10,5.215,4.98897,4.98897,6.19435,6.13977,6.18015,-1.09826,-1.03706,-1.08234
13,10.5,6.007,4.59455,4.59455,6.26903,6.21293,6.26578,-0.293845,-0.230934,-0.290201
13,11,6.587,4.24887,4.24887,6.36183,6.30563,6.36801,0.252505,0.315537,0.245585
13,11.5,7.523,3.95127,3.95127,6.45769,6.39753,6.46482,1.19466,1.26213,1.18666
13,12,6.948,3.69209,3.69209,6.44351,6.37668,6.45245,0.565744,0.640688,0.555721
13,12.5,6.403,3.46178,3.46178,6.31538,6.24631,6.33765,0.0982601,0.175714,0.0732896
13,13,6.744,3.24957,3.24957,6.08977,6.01874,6.13119,0.733667,0.813323,0.687213
13,13.5,5.28,3.05361,3.05361,5.77873,5.7081,5.84475,-0.559284,-0.480084,-0.633317
13,14,6.29,2.86553,2.86553,5.39858,5.3259,5.49176,0.999657,1.08116,0.895162
13,14.5,3.926,2.68228,2.68228,4.95771,4.88293,5.08005,-1.15698,-1.07312,-1.29418
13,15,3.183,2.49977,2.49977,4.46678,4.38698,4.61722,-1.43965,-1.35017,-1.60837
13,15.5,4.097,2.3175,2.3175,3.93093,3.8461,4.11421,0.186231,0.281369,-0.0193022
13,16,3,2.13488,2.13488,3.35614,3.26622,3.57182,-0.39938,-0.298543,-0.641252
13,16.5,3,1.95208,1.95208,2.74677,2.65081,2.99642,0.283982,0.391588,0.00401562
13,17,3.367,1.76731,1.76731,2.10662,2.00458,2.39048,1.41341,1.52785,1.09509
13,17.5,3,1.5812,1.5812,1.43959,1.33072,1.75734,1.74988,1.87196,1.39354
13,18,3,1.39373,1.39373,0.748513,0.632329,1.1002,2.52486,2.65515,2.13047
13,18.5,3,1.20475,1.20475,0.0353557,0,0.421315,3.32461,3.36426,2.89179
14,1,3,0,0,0,0,0,3.36426,3.36426,3.36426
14,1.5,3,0,0,0,0,0,3.36426,3.36426,3.36426
14,2,5.272,3.5826,3.5826,4.97628,5.14841,4.6962,0.331626,0.138592,0.645717
14,2.5,7.663,5.76448,5.76448,7.43952,7.44293,7.23327,0.250619,0.246793,0.481907
14,3,8.419,6.81659,6.81659,8.31379,8.30804,8.19193,0.117988,0.124436,0.254643
14,3.5,9.857,7.41803,7.41803,8.53419,8.52438,8.49452,1.48343,1.49443,1.52791
14,4,8.839,7.74725,7.74725,8.46813,8.45544,8.46221,0.415899,0.430132,0.422538
14,4.5,9.385,7.86687,7.86687,8.30249,8.28594,8.30911,1.21395,1.2325,1.20653
14,5,8.81,7.84145,7.84145,8.08919,8.06721,8.10509,0.808336,0.832984,0.790496
14,5.5,6.193,7.73425,7.73425,7.83695,7.80774,7.86362,-1.84356,-1.8108,-1.87347
14,6,8.616,7.58783,7.58783,7.54397,7.5056,7.58442,1.20219,1.24522,1.15683
14,6.5,6.024,7.41945,7.41945,7.20622,7.15723,7.26515,-1.32577,-1.27082,-1.39185
14,7,7.488,7.20759,7.20759,6.82175,6.761,6.90421,0.747145,0.815268,0.65467
14,7.5,6.343,6.94586,6.94586,6.39093,6.32121,6.5047,-0.0537532,0.0244366,-0.181335
14,8,6.073,6.63107,6.63107,5.92607,5.85502,6.07716,0.164767,0.244448,-0.00466579
14,8.5,5.736,6.26319,6.26319,5.45812,5.39982,5.6468,0.311623,0.376999,0.100031
14,9,5.44,5.8515,5.8515,5.03283,5.00059,5.25122,0.456609,0.492764,0.211707
14,9.5,4.692,5.41778,5.41778,4.6879,4.68382,4.92351,0.00460329,0.00917504,-0.259615
14,10,4.416,4.98897,4.98897,4.42933,4.44324,4.67001,-0.0149467,-0.0305484,-0.284858
14,10.5,4.2,4.59455,4.59455,4.24076,4.26451,4.48016,-0.0457119,-0.0723483,-0.314181
14,11,3.473,4.24887,4.24887,4.10146,4.12953,4.33694,-0.704765,-0.736241,-0.968844
14,11.5,4.432,3.95127,3.95127,3.99129,4.01698,4.22441,0.494223,0.465416,0.2328
14,12,3.975,3.69209,3.69209,3.89845,3.91837,4.1304,0.0858478,0.0635013,-0.17427
14,12.5,4.748,3.46178,3.46178,3.81335,3.82439,4.04426,1.04814,1.03576,0.789188
14,13,5.612,3.24957,3.24957,3.73022,3.73302,3.96405,2.11027,2.10713,1.84804
14,13.5,4.346,3.05361,3.05361,3.64645,3.63991,3.88139,0.784492,0.791824,0.521022
14,14,5.317,2.86553,2.86553,3.56073,3.54676,3.79744,1.96952,1.98518,1.70407
14,14.5,3,2.68228,2.68228,3.47244,3.44921,3.71006,-0.529809,-0.503753,-0.796271
14,15,3,2.49977,2.49977,3.3807,3.34865,3.62091,-0.426919,-0.390986,-0.696299
14,15.5,3,2.3175,2.3175,3.28678,3.24474,3.52795,-0.321602,-0.27446,-0.592053
14,16,4.351,2.13488,2.13488,3.19032,3.13891,3.4329,1.30161,1.35927,1.02957
14,16.5,3,1.95208,1.95208,3.09092,3.03059,3.33516,-0.101956,-0.0343083,-0.375858
14,17,3,1.76731,1.76731,2.98875,2.91969,3.2348,0.0126121,0.0900637,-0.263308
14,17.5,3,1.5812,1.5812,2.88567,2.80636,3.13289,0.128208,0.217151,-0.149028
15,1,3,0,0,0,0,0,3.36426,3.36426,3.36426
15,1.5,3,0,0,0,0,0,3.36426,3.36426,3.36426
15,2,3,3.5826,3.5826,0,0,0,3.36426,3.36426,3.36426
15,2.5,3,5.76448,5.76448,2.27771,2.44708,1.41718,0.809993,0.620056,1.77501
15,3,4.194,6.81659,6.81659,4.84554,4.90913,4.46744,-0.730648,-0.801961,-0.306647
15,3.5,6.587,7.41803,7.41803,6.17151,6.19569,5.97417,0.465941,0.438826,0.68724
15,4,6.436,7.74725,7.74725,6.98027,6.98671,6.88477,-0.610352,-0.617581,-0.503255
15,4.5,6.639,7.86687,7.86687,7.48024,7.47671,7.45394,-0.943386,-0.939425,-0.913893
15,5,7.897,7.84145,7.84145,7.72962,7.72195,7.74735,0.187704,0.196302,0.167823
15,5.5,8.348,7.73425,7.73425,7.75857,7.75192,7.79279,0.660995,0.668451,0.62262
15,6,8.396,7.58783,7.58783,7.63156,7.62562,7.65492,0.857258,0.863925,0.831065
15,6.5,8.172,7.41945,7.41945,7.41726,7.41692,7.42429,0.846375,0.846757,0.838501
15,7,7.517,7.20759,7.20759,7.18322,7.18828,7.17174,0.374304,0.368635,0.387181
15,7.5,6.189,6.94586,6.94586,6.9668,6.97868,6.93744,-0.872242,-0.885562,-0.839319
15,8,5.688,6.63107,6.63107,6.78662,6.79814,6.75105,-1.23201,-1.24493,-1.19213
15,8.5,5.96,6.26319,6.26319,6.64865,6.65961,6.6144,-0.772261,-0.784556,-0.733861
15,9,6.96,5.8515,5.8515,6.55132,6.5602,6.52644,0.458298,0.448349,0.486203
15,9.5,6.272,5.41778,5.41778,6.48935,6.49638,6.47629,-0.243743,-0.25162,-0.229099
15,10,7.112,4.98897,4.98897,6.4565,6.46243,6.45674,0.735089,0.728442,0.734823
15,10.5,6.327,4.59455,4.59455,6.44652,6.45154,6.46121,-0.134034,-0.13966,-0.150507
15,11,6.577,4.24887,4.24887,6.45362,6.45796,6.48302,0.138357,0.133499,0.105388
15,11.5,7.275,3.95127,3.95127,6.47241,6.47487,6.51601,0.900042,0.897283,0.851143
15,12,8.292,3.69209,3.69209,6.31451,6.2974,6.37933,2.2176,2.23678,2.14491
15,12.5,5.778,3.46178,3.46178,5.80895,5.7806,5.90212,-0.0347043,-0.0029128,-0.139194
15,13,5.045,3.24957,3.24957,5.10531,5.07742,5.22225,-0.0676314,-0.0363532,-0.198769
15,13.5,4.203,3.05361,3.05361,4.3014,4.27594,4.43621,-0.110344,-0.0817988,-0.261526
15,14,3.69,2.86553,2.86553,3.43492,3.41531,3.58704,0.286047,0.308042,0.115457
15,14.5,3,2.68228,2.68228,2.52504,2.51241,2.69516,0.532625,0.546795,0.341856
15,15,3,2.49977,2.49977,1.58276,1.57767,1.7704,1.58933,1.59503,1.3789
16,1,3,0,0,0,0,0,3.36426,3.36426,3.36426
16,1.5,3,0,0,1.67425,1.68393,1.79241,1.48673,1.47587,1.35422
16,2,3,3.5826,3.5826,3.08091,3.04551,3.12228,-0.090739,-0.0510389,-0.137123
16,2.5,5.042,5.76448,5.76448,4.16646,4.113,4.15749,0.981846,1.0418,0.991912
16,3,3,6.81659,6.81659,5.03357,4.97839,4.99006,-2.28049,-2.21861,-2.2317
16,3.5,6.538,7.41803,7.41803,5.7431,5.69381,5.67541,0.891418,0.946688,0.967327
16,4,5.964,7.74725,7.74725,6.33376,6.28709,6.24493,-0.414656,-0.362324,-0.315041
16,4.5,6.836,7.86687,7.86687,6.81636,6.77137,6.72272,0.0220196,0.0724733,0.127032
16,5,6.391,7.84145,7.84145,7.17473,7.13976,7.11295,-0.878885,-0.83968,-0.809613
16,5.5,6.629,7.73425,7.73425,7.39395,7.36877,7.37862,-0.857835,-0.829591,-0.840641
16,6,8.075,7.58783,7.58783,7.46938,7.45132,7.50677,0.679152,0.699408,0.637227
16,6.5,7.369,7.41945,7.41945,7.42899,7.41181,7.51386,-0.0672702,-0.0480094,-0.162444
16,7,8.215,7.20759,7.20759,7.31291,7.28926,7.437,1.01162,1.03814,0.87247
16,7.5,7.665,6.94586,6.94586,7.15164,7.11754,7.31041,0.57569,0.613934,0.397643
16,8,7.946,6.63107,6.63107,6.96528,6.91833,7.15662,1.0998,1.15245,0.885232
16,8.5,7.216,6.26319,6.26319,6.76454,6.70589,6.98929,0.506272,0.572044,0.254236
16,9,7.54,5.8515,5.8515,6.55644,6.48836,6.81646,1.10299,1.17933,0.811397
16,9.5,6.237,5.41778,5.41778,6.3462,6.27216,6.64388,-0.122463,-0.0394295,-0.456289
16,10,6.976,4.98897,4.98897,6.13804,6.06219,6.47596,0.939705,1.02476,0.560755
16,10.5,6.929,4.59455,4.59455,5.93535,5.86253,6.31574,1.1143,1.19596,0.687723
16,11,7.547,4.24887,4.24887,5.74079,5.6732,6.1654,2.02552,2.10132,1.54935
16,11.5,6.9,3.95127,3.95127,5.55628,5.49581,6.02647,1.50687,1.57469,0.979593
16,12,6.671,3.69209,3.69209,5.38321,5.33114,5.89913,1.44415,1.50254,0.865587
16,12.5,6.903,3.46178,3.46178,5.22457,5.17886,5.78441,1.88222,1.93348,1.25441
16,13,4.836,3.24957,3.24957,5.0749,5.03811,5.68146,-0.267906,-0.226647,-0.94812
16,13.5,5.998,3.05361,3.05361,4.93623,4.90781,5.58872,1.19069,1.22256,0.45898
16,14,4.872,2.86553,2.86553,4.80823,4.78618,5.50661,0.0715151,0.0962437,-0.711663
16,14.5,6.733,2.68228,2.68228,4.68984,4.67291,5.43242,2.29124,2.31023,1.4585
16,15,4.287,2.49977,2.49977,4.58014,4.56585,5.36591,-0.32873,-0.31271,-1.20991
16,15.5,4.131,2.3175,2.3175,4.47793,4.46388,5.3053,-0.389056,-0.373294,-1.31688
16,16,4.396,2.13488,2.13488,4.38165,4.36558,5.24935,0.0160954,0.0341176,-0.95696
16,16.5,4.538,1.95208,1.95208,4.29054,4.26977,5.19681,0.277507,0.300801,-0.738802
16,17,5.052,1.76731,1.76731,4.20312,4.17575,5.14658,0.951953,0.98264,-0.106061
17,1,3,0,0,0,0,0,3.36426,3.36426,3.36426
17,1.5,3,0,0,0,0,0,3.36426,3.36426,3.36426
17,2,3,3.5826,3.5826,0,0,0.561278,3.36426,3.36426,2.73483
17,2.5,3,5.76448,5.76448,2.82997,2.9246,2.95631,0.190677,0.0845533,0.0489975
17,3,3.765,6.81659,6.81659,4.72859,4.68947,4.41026,-1.08059,-1.03672,-0.723608
17,3.5,5.563,7.41803,7.41803,5.8663,5.80412,5.43559,-0.340128,-0.270393,0.142875
17,4,6.19,7.74725,7.74725,6.64036,6.58532,6.21678,-0.505038,-0.443315,-0.0300323
17,4.5,6.568,7.86687,7.86687,7.19416,7.15672,6.82682,-0.702191,-0.660205,-0.29025
17,5,7.234,7.84145,7.84145,7.57902,7.56418,7.29574,-0.386913,-0.370276,-0.0692336
17,5.5,7.989,7.73425,7.73425,7.8101,7.80456,7.61392,0.200617,0.206837,0.42062
17,6,7.482,7.58783,7.58783,7.8918,7.8744,7.77047,-0.459563,-0.440048,-0.323491
17,6.5,8.793,7.41945,7.41945,7.83984,7.80009,7.78004,1.06889,1.11347,1.13596
17,7,9.836,7.20759,7.20759,7.67967,7.61436,7.6784,2.41815,2.4914,2.41958
17,7.5,8.895,6.94586,6.94586,7.43457,7.33995,7.49865,1.63776,1.74387,1.56589
17,8,8.519,6.63107,6.63107,7.11553,6.99017,7.26054,1.57387,1.71446,1.41126
17,8.5,7.275,6.26319,6.26319,6.72909,6.57635,6.97398,0.612194,0.783481,0.337569
17,9,6.395,5.8515,5.8515,6.28656,6.11756,6.64533,0.12161,0.31113,-0.280722
17,9.5,5.928,5.41778,5.41778,5.80588,5.63573,6.28177,0.136946,0.327754,-0.396721
17,10,4.938,4.98897,4.98897,5.31093,5.15624,5.89261,-0.418213,-0.244743,-1.07052
17,10.5,5.893,4.59455,4.59455,4.82893,4.69513,5.48749,1.19327,1.34332,0.454753
17,11,4.112,4.24887,4.24887,4.37967,4.26027,5.07835,-0.300169,-0.166275,-1.08369
17,11.5,4.53,3.95127,3.95127,3.96084,3.85633,4.67488,0.638267,0.755469,-0.162472
17,12,3.825,3.69209,3.69209,3.57636,3.4806,4.28555,0.27883,0.386223,-0.516465
17,12.5,3,3.46178,3.46178,3.22344,3.12951,3.91602,-0.250568,-0.145235,-1.02725
17,13,3,3.24957,3.24957,2.8936,2.79667,3.56582,0.119317,0.228013,-0.634519
17,13.5,3,3.05361,3.05361,2.58627,2.48326,3.23509,0.463964,0.579481,-0.263633
17,14,3,2.86553,2.86553,2.29284,2.17953,2.92256,0.793019,0.920087,0.0868405
17,14.5,4.418,2.68228,2.68228,2.01172,1.88533,2.62711,2.69845,2.84018,2.00834
17,15,3.109,2.49977,2.49977,1.73871,1.59696,2.34643,1.53667,1.69563,0.855163
17,15.5,3,2.3175,2.3175,1.47128,1.31612,2.0726,1.71434,1.88833,1.04
18,1,3,0,0,0,0,0,3.36426,3.36426,3.36426
18,1.5,3,0,0,0,0,0,3.36426,3.36426,3.36426
18,2,3,3.5826,3.5826,0,0,0,3.36426,3.36426,3.36426
18,2.5,3,5.76448,5.76448,0,0,0,3.36426,3.36426,3.36426
18,3,4.538,6.81659,6.81659,5.52226,5.50789,5.22529,-1.10377,-1.08765,-0.77074
18,3.5,7.259,7.41803,7.41803,7.16675,7.12832,6.98722,0.103448,0.146543,0.304777
18,4,7.19,7.74725,7.74725,7.85661,7.81879,7.70704,-0.747549,-0.705132,-0.579815
18,4.5,8.249,7.86687,7.86687,8.20037,8.17409,8.08618,0.0545327,0.0840055,0.182591
18,5,8.735,7.84145,7.84145,8.33118,8.33009,8.26975,0.45285,0.45407,0.521743
18,5.5,8.447,7.73425,7.73425,8.30414,8.33142,8.303,0.16021,0.129615,0.16149
18,6,9.541,7.58783,7.58783,8.16072,8.21098,8.21722,1.54787,1.49152,1.48451
18,6.5,8.766,7.41945,7.41945,7.91184,7.97797,8.0264,0.957874,0.88371,0.829407
18,7,8.696,7.20759,7.20759,7.54466,7.61903,7.72373,1.29113,1.20774,1.09032
18,7.5,6.594,6.94586,6.94586,7.03698,7.11014,7.29092,-0.496767,-0.578812,-0.781538
18,8,6.311,6.63107,6.63107,6.38329,6.4474,6.71789,-0.0810708,-0.152957,-0.456291
18,8.5,5.311,6.26319,6.26319,5.65499,5.71739,6.05737,-0.385762,-0.455739,-0.836993
18,9,6.043,5.8515,5.8515,5.014,5.08644,5.4443,1.15394,1.0727,0.671398
18,9.5,4.987,5.41778,5.41778,4.51925,4.59186,4.95513,0.524543,0.443115,0.035737
18,10,4.696,4.98897,4.98897,4.12431,4.18654,4.55665,0.641104,0.571315,0.156272
18,10.5,4.579,4.59455,4.59455,3.79115,3.83797,4.21528,0.883512,0.831008,0.407882
18,11,3.749,4.24887,4.24887,3.4949,3.52168,3.90818,0.284958,0.254925,-0.17851
18,11.5,4.262,3.95127,3.95127,3.21833,3.22517,3.6208,1.17039,1.16273,0.71906
18,12,3.306,3.69209,3.69209,2.95323,2.93811,3.34292,0.395605,0.412561,-0.0414048
18,12.5,3,3.46178,3.46178,2.69364,2.6569,3.07295,0.343554,0.384754,-0.0818127
18,13,3,3.24957,3.24957,2.43777,2.37904,2.80601,0.6305,0.696358,0.217545
18,13.5,3,3.05361,3.05361,2.18333,2.10315,2.54101,0.915826,1.00575,0.514719
18,14,3,2.86553,2.86553,1.92974,1.82755,2.277,1.20021,1.31481,0.810788
18,14.5,3,2.68228,2.68228,1.67635,1.55261,2.01261,1.48437,1.62313,1.10727
18,15,3,2.49977,2.49977,1.42348,1.27772,1.75106,1.76794,1.9314,1.40059
