popPred_spline_abscissa,popPred_spline,popPred_ci_abscissa,popPred_piLower,popPred_piUpper,indivPred_spline_abscissa,indivPred_spline,indivPred_ci_abscissa,indivPred_piLower,indivPred_piUpper,split
2.22045e-16,1.07267,2.22045e-16,-1.41611,1.41611,2.22045e-16,0.316348,2.22045e-16,-1.41611,1.41611,All
4.76168e-16,1.07267,4.76168e-16,-1.41611,1.41611,4.77103e-16,0.316348,4.77103e-16,-1.41611,1.41611,All
1.02113e-15,1.07267,1.02113e-15,-1.41611,1.41611,1.02514e-15,0.316348,1.02514e-15,-1.41611,1.41611,All
2.18978e-15,1.07267,2.18978e-15,-1.41611,1.41611,2.2027e-15,0.316348,2.2027e-15,-1.41611,1.41611,All
4.69591e-15,1.07267,4.69591e-15,-1.41611,1.41611,4.73291e-15,0.316348,4.73291e-15,-1.41611,1.41611,All
1.00702e-14,1.07267,1.00702e-14,-1.41611,1.41611,1.01695e-14,0.316348,1.01695e-14,-1.41611,1.41611,All
2.15953e-14,1.07267,2.15953e-14,-1.41611,1.41611,2.1851e-14,0.316348,2.1851e-14,-1.41611,1.41611,All
4.63105e-14,1.07267,4.63105e-14,-1.41611,1.41611,4.69509e-14,0.316348,4.69509e-14,-1.41611,1.41611,All
9.93114e-14,1.07267,9.93114e-14,-1.41611,1.41611,1.00882e-13,0.316348,1.00882e-13,-1.41611,1.41611,All
2.1297e-13,1.07267,2.1297e-13,-1.41611,1.41611,2.16764e-13,0.316348,2.16764e-13,-1.41611,1.41611,All
4.56708e-13,1.07267,4.56708e-13,-1.41611,1.41611,4.65757e-13,0.316348,4.65757e-13,-1.41611,1.41611,All
9.79397e-13,1.07267,9.79397e-13,-1.41611,1.41611,1.00076e-12,0.316348,1.00076e-12,-1.41611,1.41611,All
2.10029e-12,1.07267,2.10029e-12,-1.41611,1.41611,2.15032e-12,0.316348,2.15032e-12,-1.41611,1.41611,All
4.504e-12,1.07267,4.504e-12,-1.41611,1.41611,4.62036e-12,0.316348,4.62036e-12,-1.41611,1.41611,All
9.65869e-12,1.07267,9.65869e-12,-1.41611,1.41611,9.92767e-12,0.316348,9.92767e-12,-1.41611,1.41611,All
2.07128e-11,1.07267,2.07128e-11,-1.41611,1.41611,2.13314e-11,0.316348,2.13314e-11,-1.41611,1.41611,All
4.44179e-11,1.07267,4.44179e-11,-1.41611,1.41611,4.58344e-11,0.316348,4.58344e-11,-1.41611,1.41611,All
9.52528e-11,1.07267,9.52528e-11,-1.41611,1.41611,9.84835e-11,0.316348,9.84835e-11,-1.41611,1.41611,All
2.04267e-10,1.07267,2.04267e-10,-1.41611,1.41611,2.1161e-10,0.316348,2.1161e-10,-1.41611,1.41611,All
4.38044e-10,1.07267,4.38044e-10,-1.41611,1.41611,4.54681e-10,0.316348,4.54681e-10,-1.41611,1.41611,All
9.39371e-10,1.07267,9.39371e-10,-1.41611,1.41611,9.76965e-10,0.316348,9.76965e-10,-1.41611,1.41611,All
2.01445e-09,1.07267,2.01445e-09,-1.41611,1.41611,2.09919e-09,0.316348,2.09919e-09,-1.41611,1.41611,All
4.31993e-09,1.07267,4.31993e-09,-1.41611,1.41611,4.51048e-09,0.316348,4.51048e-09,-1.41611,1.41611,All
9.26397e-09,1.07267,9.26397e-09,-1.41611,1.41611,9.69159e-09,0.316348,9.69159e-09,-1.41611,1.41611,All
1.98663e-08,1.07267,1.98663e-08,-1.41611,1.41611,2.08241e-08,0.316348,2.08241e-08,-1.41611,1.41611,All
4.26027e-08,1.07267,4.26027e-08,-1.41611,1.41611,4.47444e-08,0.316348,4.47444e-08,-1.41611,1.41611,All
9.13601e-08,1.07267,9.13601e-08,-1.41611,1.41611,9.61415e-08,0.316348,9.61415e-08,-1.41611,1.41611,All
1.95919e-07,1.07267,1.95919e-07,-1.41611,1.41611,2.06577e-07,0.316348,2.06577e-07,-1.41611,1.41611,All
4.20142e-07,1.07267,4.20142e-07,-1.41611,1.41611,4.43869e-07,0.316348,4.43869e-07,-1.41611,1.41611,All
9.00982e-07,1.07267,9.00982e-07,-1.41611,1.41611,9.53733e-07,0.316349,9.53733e-07,-1.41611,1.41611,All
1.93213e-06,1.07267,1.93213e-06,-1.41611,1.41611,2.04927e-06,0.316349,2.04927e-06,-1.41611,1.41611,All
4.14339e-06,1.07267,4.14339e-06,-1.41611,1.41612,4.40322e-06,0.316351,4.40322e-06,-1.41611,1.41612,All
8.88537e-06,1.07268,8.88537e-06,-1.4161,1.41612,9.46112e-06,0.316353,9.46112e-06,-1.4161,1.41612,All
1.90544e-05,1.07269,1.90544e-05,-1.41609,1.41613,2.03289e-05,0.316359,2.03289e-05,-1.41609,1.41613,All
4.08616e-05,1.07271,4.08616e-05,-1.41607,1.41615,4.36804e-05,0.316373,4.36804e-05,-1.41607,1.41615,All
8.76264e-05,1.07276,8.76264e-05,-1.41602,1.4162,9.38552e-05,0.316401,9.38552e-05,-1.41602,1.41621,All
0.000187912,1.07286,0.000187912,-1.41592,1.4163,0.000201665,0.316461,0.000201665,-1.41591,1.41631,All
0.000402972,1.07307,0.000402972,-1.41571,1.41651,0.000433313,0.316591,0.000433313,-1.41568,1.41654,All
0.000864161,1.07353,0.000864161,-1.41525,1.41698,0.000931052,0.31687,0.000931052,-1.41518,1.41704,All
0.00185317,1.07451,0.00185317,-1.41426,1.41796,0.00200053,0.31747,0.00200053,-1.41411,1.41811,All
0.00397406,1.07663,0.00397406,-1.41214,1.42009,0.00429851,0.318758,0.00429851,-1.41181,1.42041,All
0.00852225,1.08115,0.00852225,-1.40759,1.42463,0.00923613,0.321526,0.00923613,-1.40688,1.42535,All
0.0182757,1.09087,0.0182757,-1.39784,1.43439,0.0198455,0.327474,0.0198455,-1.39627,1.43596,All
0.0391917,1.1117,0.0391917,-1.37692,1.4553,0.0426416,0.340255,0.0426416,-1.37347,1.45875,All
0.0840454,1.15636,0.0840454,-1.33207,1.50016,0.0916233,0.367717,0.0916233,-1.32449,1.50773,All
0.163479,1.23546,0.163479,-1.25263,1.57959,0.18033,0.423979,0.18033,-1.23578,1.59644,All
0.180233,1.25214,0.180233,-1.23588,1.59634,0.196869,0.437522,0.196869,-1.21924,1.61298,All
0.326959,1.39825,0.326959,-1.08915,1.74307,0.36066,0.571639,0.36066,-1.05545,1.77677,All
0.386504,1.45755,0.386504,-1.02961,1.80261,0.423009,0.622692,0.423009,-0.993102,1.83912,All
0.490438,1.56105,0.490438,-0.925673,1.90655,0.540989,0.719298,0.540989,-0.875122,1.9571,All
0.653918,1.72384,0.653918,-0.762194,2.07003,0.721319,0.888719,0.721319,-0.694792,2.13743,All
0.817397,1.88663,0.817397,-0.598714,2.23351,0.901649,1.07107,0.901649,-0.514462,2.31776,All
0.828845,1.89803,0.828845,-0.587266,2.24496,0.908912,1.07858,0.908912,-0.5072,2.32502,All
0.980876,2.04942,0.980876,-0.435235,2.39699,1.08198,1.25752,1.08198,-0.334133,2.49809,All
1.14436,2.20045,1.14436,-0.271755,2.56047,1.26231,1.44393,1.26231,-0.153803,2.67842,All
1.30784,2.19165,1.30784,-0.108276,2.72395,1.44264,1.61557,1.44264,0.0265271,2.85875,All
1.47131,2.18285,1.47131,0.0552034,2.88743,1.62297,1.77292,1.62297,0.206857,3.03908,All
1.63479,2.18852,1.63479,0.218683,3.05091,1.8033,1.91325,1.8033,0.387187,3.21941,All
1.77743,2.24348,1.77743,0.361322,3.19354,1.95296,2.02407,1.95296,0.53685,3.36907,All
1.79827,2.26022,1.79827,0.382162,3.21438,1.98363,2.04695,1.98363,0.567516,3.39974,All
1.96175,2.40085,1.96175,0.545642,3.37786,2.16396,2.18471,2.16396,0.747846,3.58007,All
2.12523,2.6117,2.12523,0.709121,3.54134,2.34429,2.34097,2.34429,0.928176,3.7604,All
2.28871,2.84447,2.28871,0.8726,3.70482,2.52462,2.52827,2.52462,1.10851,3.94073,All
2.45219,3.03868,2.45219,1.03608,3.8683,2.70495,2.75563,2.70495,1.28884,4.12106,All
2.61567,3.14131,2.61567,1.19956,4.03178,2.88528,2.9655,2.88528,1.46917,4.30139,All
2.77915,3.17177,2.77915,1.36304,4.19526,3.06561,3.08614,3.06561,1.6495,4.48172,All
2.94263,3.26468,2.94263,1.52652,4.35874,3.24594,3.20447,3.24594,1.82982,4.66205,All
3.10611,3.45975,3.10611,1.69,4.52222,3.42627,3.38763,3.42627,2.01015,4.84238,All
3.26959,3.66606,3.26959,1.85348,4.6857,3.6066,3.61408,3.6066,2.19048,5.02271,All
3.43307,3.81011,3.43307,2.01696,4.84918,3.78693,3.85349,3.78693,2.37081,5.20304,All
3.59655,3.999,3.59655,2.18044,5.01266,3.96726,4.07871,3.96726,2.55114,5.38337,All
3.76003,4.27334,3.76003,2.34392,5.17614,4.14759,4.27442,4.14759,2.73147,5.5637,All
3.81165,4.36203,3.81165,2.39554,5.22776,4.19629,4.32065,4.19629,2.78018,5.6124,All
3.92351,4.43167,3.92351,2.50739,5.33962,4.32792,4.42967,4.32792,2.9118,5.74403,All
4.08699,4.51073,4.08699,2.67087,5.5031,4.50824,4.56046,4.50824,3.09213,5.92436,All
4.25046,4.56867,4.25046,2.83435,5.66658,4.68857,4.70643,4.68857,3.27246,6.10469,All
4.41394,4.77676,4.41394,2.99783,5.83006,4.8689,4.89585,4.8689,3.45279,6.28502,All
4.57742,4.9947,4.57742,3.16131,5.99353,5.04923,5.11025,5.04923,3.63312,6.46535,All
4.7409,5.01925,4.7409,3.32479,6.15701,5.22956,5.31605,5.22956,3.81345,6.64568,All
4.90438,5.0135,4.90438,3.48827,6.32049,5.40989,5.50388,5.40989,3.99378,6.82601,All
5.06786,5.02255,5.06786,3.65175,6.48397,5.59022,5.67139,5.59022,4.17411,7.00633,All
5.23134,5.15925,5.23134,3.81523,6.64745,5.77055,5.82208,5.77055,4.35444,7.18666,All
5.39482,5.42951,5.39482,3.97871,6.81093,5.95088,5.9744,5.95088,4.53477,7.36699,All
5.5583,5.68128,5.5583,4.14219,6.97441,6.13121,6.16093,6.13121,4.7151,7.54732,All
5.72178,5.78634,5.72178,4.30567,7.13789,6.31154,6.37928,6.31154,4.89543,7.72765,All
5.88526,5.8914,5.88526,4.46915,7.30137,6.49187,6.56546,6.49187,5.07576,7.90798,All
6.04874,5.99646,6.04874,4.63263,7.46485,6.6722,6.72481,6.6722,5.25609,8.08831,All
6.21222,6.06907,6.21222,4.79611,7.62833,6.85253,6.90075,6.85253,5.43642,8.26864,All
6.3757,6.13907,6.3757,4.95959,7.79181,7.03286,7.08076,7.03286,5.61675,8.44897,All
6.53918,6.20908,6.53918,5.12307,7.95529,7.21319,7.25647,7.21319,5.79708,8.6293,All
6.70266,6.403,6.70266,5.28654,8.11877,7.39352,7.42758,7.39352,5.97741,8.80963,All
6.86614,6.60507,6.86614,5.45002,8.28225,7.57385,7.60937,7.57385,6.15774,8.98996,All
7.02961,6.77132,7.02961,5.6135,8.44573,7.75418,7.82496,7.75418,6.33807,9.17029,All
7.19309,6.8719,7.19309,5.77698,8.60921,7.93451,8.03266,7.93451,6.5184,9.35062,All
7.35657,7.01131,7.35657,5.94046,8.77268,8.11484,8.16028,8.11484,6.69873,9.53095,All
7.52005,7.24035,7.52005,6.10394,8.93616,8.29517,8.27066,8.29517,6.87906,9.71128,All
7.68353,7.32501,7.68353,6.26742,9.09964,8.4755,8.4495,8.4755,7.05939,9.89161,All
7.84701,7.34872,7.84701,6.4309,9.26312,8.65583,8.67267,8.65583,7.23972,10.0719,All
8.01049,7.67144,8.01049,6.59438,9.4266,8.83616,8.88978,8.83616,7.42005,10.2523,All
8.17397,7.59869,8.17397,6.75786,9.59008,9.01649,9.05261,9.01649,7.60038,10.4326,All
