rep,ID,time,y3,y3_simBlq_simulated,indivPredSimulated,censored,split,color,filter
1,7,-1,-0.16725,-0.16725,-0.414398,0,All,#4682B4,0
2,7,-1,-0.16725,-0.16725,-0.15418,0,All,#4682B4,0
3,7,-1,-0.16725,-0.16725,-0.201698,0,All,#4682B4,0
4,7,-1,-0.16725,-0.16725,-0.29433,0,All,#4682B4,0
5,7,-1,-0.16725,-0.16725,-0.244983,0,All,#4682B4,0
6,7,-1,-0.16725,-0.16725,-0.164736,0,All,#4682B4,0
7,7,-1,-0.16725,-0.16725,-0.248727,0,All,#4682B4,0
8,7,-1,-0.16725,-0.16725,-0.170305,0,All,#4682B4,0
9,7,-1,-0.16725,-0.16725,-0.4804,0,All,#4682B4,0
10,7,-1,-0.16725,-0.16725,-0.073574,0,All,#4682B4,0
1,7,0,-0.31,-1.19283,-0.414398,1,All,#4682B4,0
2,7,0,-0.31,-0.853123,-0.15418,1,All,#4682B4,0
3,7,0,-0.31,-0.368843,-0.201698,1,All,#4682B4,0
4,7,0,-0.31,-0.856959,-0.29433,1,All,#4682B4,0
5,7,0,-0.31,-0.876304,-0.244983,1,All,#4682B4,0
6,7,0,-0.31,-0.38215,-0.164736,1,All,#4682B4,0
7,7,0,-0.31,-0.688062,-0.248727,1,All,#4682B4,0
8,7,0,-0.31,-0.718997,-0.170305,1,All,#4682B4,0
9,7,0,-0.31,-0.862266,-0.4804,1,All,#4682B4,0
10,7,0,-0.31,-0.627848,-0.073574,1,All,#4682B4,0
1,7,1,0.050877,0.050877,-0.414398,0,All,#4682B4,0
2,7,1,0.050877,0.050877,-0.15418,0,All,#4682B4,0
3,7,1,0.050877,0.050877,-0.201698,0,All,#4682B4,0
4,7,1,0.050877,0.050877,-0.29433,0,All,#4682B4,0
5,7,1,0.050877,0.050877,-0.244983,0,All,#4682B4,0
6,7,1,0.050877,0.050877,-0.164736,0,All,#4682B4,0
7,7,1,0.050877,0.050877,-0.248727,0,All,#4682B4,0
8,7,1,0.050877,0.050877,-0.170305,0,All,#4682B4,0
9,7,1,0.050877,0.050877,-0.4804,0,All,#4682B4,0
10,7,1,0.050877,0.050877,-0.073574,0,All,#4682B4,0
1,7,2,-0.291743,-0.291743,-0.414398,0,All,#4682B4,0
2,7,2,-0.291743,-0.291743,-0.15418,0,All,#4682B4,0
3,7,2,-0.291743,-0.291743,-0.201698,0,All,#4682B4,0
4,7,2,-0.291743,-0.291743,-0.29433,0,All,#4682B4,0
5,7,2,-0.291743,-0.291743,-0.244983,0,All,#4682B4,0
6,7,2,-0.291743,-0.291743,-0.164736,0,All,#4682B4,0
7,7,2,-0.291743,-0.291743,-0.248727,0,All,#4682B4,0
8,7,2,-0.291743,-0.291743,-0.170305,0,All,#4682B4,0
9,7,2,-0.291743,-0.291743,-0.4804,0,All,#4682B4,0
10,7,2,-0.291743,-0.291743,-0.073574,0,All,#4682B4,0
1,7,3,-0.31,-1.10081,-0.454678,1,All,#4682B4,0
2,7,3,-0.31,-0.333721,-0.244418,1,All,#4682B4,0
3,7,3,-0.31,-0.333297,-0.201698,1,All,#4682B4,0
4,7,3,-0.31,-0.995432,-0.385058,1,All,#4682B4,0
5,7,3,-0.31,-0.920775,-0.253709,1,All,#4682B4,0
6,7,3,-0.31,-0.577921,-0.358639,1,All,#4682B4,0
7,7,3,-0.31,-0.538432,-0.354302,1,All,#4682B4,0
8,7,3,-0.31,-0.526408,-0.170305,1,All,#4682B4,0
9,7,3,-0.31,-0.633905,-0.780217,1,All,#4682B4,0
10,7,3,-0.31,-0.800197,-0.322441,1,All,#4682B4,0
1,7,4,0.205345,0.205345,-0.801743,0,All,#4682B4,0
2,7,4,0.205345,0.205345,-0.60349,0,All,#4682B4,0
3,7,4,0.205345,0.205345,-0.549505,0,All,#4682B4,0
4,7,4,0.205345,0.205345,-0.78734,0,All,#4682B4,0
5,7,4,0.205345,0.205345,-0.652456,0,All,#4682B4,0
6,7,4,0.205345,0.205345,-0.684742,0,All,#4682B4,0
7,7,4,0.205345,0.205345,-0.704957,0,All,#4682B4,0
8,7,4,0.205345,0.205345,-0.504442,0,All,#4682B4,0
9,7,4,0.205345,0.205345,-1.05454,0,All,#4682B4,0
10,7,4,0.205345,0.205345,-0.693546,0,All,#4682B4,0
1,7,5,0.129385,0.129385,0.096676,0,All,#4682B4,0
2,7,5,0.129385,0.129385,-0.057828,0,All,#4682B4,0
3,7,5,0.129385,0.129385,-0.140314,0,All,#4682B4,0
4,7,5,0.129385,0.129385,-0.628969,0,All,#4682B4,0
5,7,5,0.129385,0.129385,-0.265836,0,All,#4682B4,0
6,7,5,0.129385,0.129385,0.0387259,0,All,#4682B4,0
7,7,5,0.129385,0.129385,0.0421848,0,All,#4682B4,0
8,7,5,0.129385,0.129385,-0.321525,0,All,#4682B4,0
9,7,5,0.129385,0.129385,-0.0938868,0,All,#4682B4,0
10,7,5,0.129385,0.129385,-0.142219,0,All,#4682B4,0
1,7,6,0.391458,0.391458,1.05822,0,All,#4682B4,0
2,7,6,0.391458,0.391458,0.72529,0,All,#4682B4,0
3,7,6,0.391458,0.391458,0.683519,0,All,#4682B4,0
4,7,6,0.391458,0.391458,0.476952,0,All,#4682B4,0
5,7,6,0.391458,0.391458,0.8004,0,All,#4682B4,0
6,7,6,0.391458,0.391458,0.925796,0,All,#4682B4,0
7,7,6,0.391458,0.391458,0.988923,0,All,#4682B4,0
8,7,6,0.391458,0.391458,0.53181,0,All,#4682B4,0
9,7,6,0.391458,0.391458,0.990217,0,All,#4682B4,0
10,7,6,0.391458,0.391458,0.953536,0,All,#4682B4,0
1,7,7,1.52905,1.52905,1.57715,0,All,#4682B4,0
2,7,7,1.52905,1.52905,1.21301,0,All,#4682B4,0
3,7,7,1.52905,1.52905,1.1731,0,All,#4682B4,0
4,7,7,1.52905,1.52905,1.3081,0,All,#4682B4,0
5,7,7,1.52905,1.52905,1.48956,0,All,#4682B4,0
6,7,7,1.52905,1.52905,1.473,0,All,#4682B4,0
7,7,7,1.52905,1.52905,1.55931,0,All,#4682B4,0
8,7,7,1.52905,1.52905,1.1095,0,All,#4682B4,0
9,7,7,1.52905,1.52905,1.66052,0,All,#4682B4,0
10,7,7,1.52905,1.52905,1.70597,0,All,#4682B4,0
1,7,8,2.56727,2.56727,1.70346,0,All,#4682B4,0
2,7,8,2.56727,2.56727,1.44607,0,All,#4682B4,0
3,7,8,2.56727,2.56727,1.37242,0,All,#4682B4,0
4,7,8,2.56727,2.56727,1.66011,0,All,#4682B4,0
5,7,8,2.56727,2.56727,1.77072,0,All,#4682B4,0
6,7,8,2.56727,2.56727,1.67708,0,All,#4682B4,0
7,7,8,2.56727,2.56727,1.76445,0,All,#4682B4,0
8,7,8,2.56727,2.56727,1.4047,0,All,#4682B4,0
9,7,8,2.56727,2.56727,1.7897,0,All,#4682B4,0
10,7,8,2.56727,2.56727,1.93923,0,All,#4682B4,0
1,7,9,0.728962,0.728962,1.57275,0,All,#4682B4,0
2,7,9,0.728962,0.728962,1.45001,0,All,#4682B4,0
3,7,9,0.728962,0.728962,1.32183,0,All,#4682B4,0
4,7,9,0.728962,0.728962,1.55465,0,All,#4682B4,0
5,7,9,0.728962,0.728962,1.72537,0,All,#4682B4,0
6,7,9,0.728962,0.728962,1.61456,0,All,#4682B4,0
7,7,9,0.728962,0.728962,1.68235,0,All,#4682B4,0
8,7,9,0.728962,0.728962,1.44994,0,All,#4682B4,0
9,7,9,0.728962,0.728962,1.57623,0,All,#4682B4,0
10,7,9,0.728962,0.728962,1.79914,0,All,#4682B4,0
1,7,10,1.33046,1.33046,1.32214,0,All,#4682B4,0
2,7,10,1.33046,1.33046,1.24957,0,All,#4682B4,0
3,7,10,1.33046,1.33046,1.08233,0,All,#4682B4,0
4,7,10,1.33046,1.33046,1.24539,0,All,#4682B4,0
5,7,10,1.33046,1.33046,1.48193,0,All,#4682B4,0
6,7,10,1.33046,1.33046,1.38424,0,All,#4682B4,0
7,7,10,1.33046,1.33046,1.43729,0,All,#4682B4,0
8,7,10,1.33046,1.33046,1.29945,0,All,#4682B4,0
9,7,10,1.33046,1.33046,1.25117,0,All,#4682B4,0
10,7,10,1.33046,1.33046,1.49836,0,All,#4682B4,0
1,7,11,0.838593,0.838593,1.00651,0,All,#4682B4,0
2,7,11,0.838593,0.838593,0.916721,0,All,#4682B4,0
3,7,11,0.838593,0.838593,0.72914,0,All,#4682B4,0
4,7,11,0.838593,0.838593,0.879219,0,All,#4682B4,0
5,7,11,0.838593,0.838593,1.13323,0,All,#4682B4,0
6,7,11,0.838593,0.838593,1.05583,0,All,#4682B4,0
7,7,11,0.838593,0.838593,1.10223,0,All,#4682B4,0
8,7,11,0.838593,0.838593,1.01083,0,All,#4682B4,0
9,7,11,0.838593,0.838593,0.89755,0,All,#4682B4,0
10,7,11,0.838593,0.838593,1.1294,0,All,#4682B4,0
1,7,12,1.05048,1.05048,0.631572,0,All,#4682B4,0
2,7,12,1.05048,1.05048,0.525565,0,All,#4682B4,0
3,7,12,1.05048,1.05048,0.331977,0,All,#4682B4,0
4,7,12,1.05048,1.05048,0.491178,0,All,#4682B4,0
5,7,12,1.05048,1.05048,0.738807,0,All,#4682B4,0
6,7,12,1.05048,1.05048,0.677154,0,All,#4682B4,0
7,7,12,1.05048,1.05048,0.719775,0,All,#4682B4,0
8,7,12,1.05048,1.05048,0.641368,0,All,#4682B4,0
9,7,12,1.05048,1.05048,0.522022,0,All,#4682B4,0
10,7,12,1.05048,1.05048,0.733181,0,All,#4682B4,0
1,7,13,0.082977,0.082977,0.229437,0,All,#4682B4,0
2,7,13,0.082977,0.082977,0.119482,0,All,#4682B4,0
3,7,13,0.082977,0.082977,-0.0752933,0,All,#4682B4,0
4,7,13,0.082977,0.082977,0.0886553,0,All,#4682B4,0
5,7,13,0.082977,0.082977,0.331522,0,All,#4682B4,0
6,7,13,0.082977,0.082977,0.277958,0,All,#4682B4,0
7,7,13,0.082977,0.082977,0.317552,0,All,#4682B4,0
8,7,13,0.082977,0.082977,0.240108,0,All,#4682B4,0
9,7,13,0.082977,0.082977,0.128798,0,All,#4682B4,0
10,7,13,0.082977,0.082977,0.327767,0,All,#4682B4,0
1,7,14,-0.31,-0.590092,-0.178868,1,All,#4682B4,0
2,7,14,-0.31,-0.373307,-0.28931,1,All,#4682B4,0
3,7,14,-0.31,-0.506749,-0.484386,1,All,#4682B4,0
4,7,14,-0.31,-0.703365,-0.319361,1,All,#4682B4,0
5,7,14,-0.31,-0.552712,-0.0779851,1,All,#4682B4,0
6,7,14,-0.31,-0.572381,-0.127905,1,All,#4682B4,0
7,7,14,-0.31,-1.10742,-0.0904945,1,All,#4682B4,0
8,7,14,-0.31,-0.520735,-0.168296,1,All,#4682B4,0
9,7,14,-0.31,-0.603814,-0.274414,1,All,#4682B4,0
10,7,14,-0.31,-1.09844,-0.0804257,1,All,#4682B4,0
1,8,-1,-0.091531,-0.091531,-0.236498,0,All,#4682B4,0
2,8,-1,-0.091531,-0.091531,-0.154536,0,All,#4682B4,0
3,8,-1,-0.091531,-0.091531,-0.0179349,0,All,#4682B4,0
4,8,-1,-0.091531,-0.091531,-0.190773,0,All,#4682B4,0
5,8,-1,-0.091531,-0.091531,-0.211869,0,All,#4682B4,0
6,8,-1,-0.091531,-0.091531,-0.293096,0,All,#4682B4,0
7,8,-1,-0.091531,-0.091531,-0.336627,0,All,#4682B4,0
8,8,-1,-0.091531,-0.091531,-0.0710944,0,All,#4682B4,0
9,8,-1,-0.091531,-0.091531,-0.254707,0,All,#4682B4,0
10,8,-1,-0.091531,-0.091531,-0.0885097,0,All,#4682B4,0
1,8,0,-0.240652,-0.240652,-0.236498,0,All,#4682B4,0
2,8,0,-0.240652,-0.240652,-0.154536,0,All,#4682B4,0
3,8,0,-0.240652,-0.240652,-0.0179349,0,All,#4682B4,0
4,8,0,-0.240652,-0.240652,-0.190773,0,All,#4682B4,0
5,8,0,-0.240652,-0.240652,-0.211869,0,All,#4682B4,0
6,8,0,-0.240652,-0.240652,-0.293096,0,All,#4682B4,0
7,8,0,-0.240652,-0.240652,-0.336627,0,All,#4682B4,0
8,8,0,-0.240652,-0.240652,-0.0710944,0,All,#4682B4,0
9,8,0,-0.240652,-0.240652,-0.254707,0,All,#4682B4,0
10,8,0,-0.240652,-0.240652,-0.0885097,0,All,#4682B4,0
1,8,1,-0.180193,-0.180193,-0.236498,0,All,#4682B4,0
2,8,1,-0.180193,-0.180193,-0.154536,0,All,#4682B4,0
3,8,1,-0.180193,-0.180193,-0.0179349,0,All,#4682B4,0
4,8,1,-0.180193,-0.180193,-0.190773,0,All,#4682B4,0
5,8,1,-0.180193,-0.180193,-0.211869,0,All,#4682B4,0
6,8,1,-0.180193,-0.180193,-0.293096,0,All,#4682B4,0
7,8,1,-0.180193,-0.180193,-0.336627,0,All,#4682B4,0
8,8,1,-0.180193,-0.180193,-0.0710944,0,All,#4682B4,0
9,8,1,-0.180193,-0.180193,-0.254707,0,All,#4682B4,0
10,8,1,-0.180193,-0.180193,-0.0885097,0,All,#4682B4,0
1,8,2,-0.31,-0.964124,-0.236498,1,All,#4682B4,0
2,8,2,-0.31,-0.698764,-0.154536,1,All,#4682B4,0
3,8,2,-0.31,-0.439636,-0.086771,1,All,#4682B4,0
4,8,2,-0.31,-0.684274,-0.190773,1,All,#4682B4,0
5,8,2,-0.31,-0.95091,-0.211869,1,All,#4682B4,0
6,8,2,-0.31,-1.02365,-0.341032,1,All,#4682B4,0
7,8,2,-0.31,-0.344337,-0.336627,1,All,#4682B4,0
8,8,2,-0.31,-0.969978,-0.0710944,1,All,#4682B4,0
9,8,2,-0.31,-0.489256,-0.254707,1,All,#4682B4,0
10,8,2,-0.31,-0.489093,-0.0885097,1,All,#4682B4,0
1,8,3,-0.31,-0.473118,-0.376125,1,All,#4682B4,0
2,8,3,-0.31,-0.666847,-0.281154,1,All,#4682B4,0
3,8,3,-0.31,-1.27172,0.014853,1,All,#4682B4,0
4,8,3,-0.31,-0.345741,-0.305696,1,All,#4682B4,0
5,8,3,-0.31,-0.500882,-0.378632,1,All,#4682B4,0
6,8,3,-0.31,-0.515712,0.170335,1,All,#4682B4,0
7,8,3,-0.31,-1.15062,-0.450364,1,All,#4682B4,0
8,8,3,-0.31,-1.51636,-0.212706,1,All,#4682B4,0
9,8,3,-0.31,-1.21182,-0.327308,1,All,#4682B4,0
10,8,3,-0.31,-0.597073,-0.227549,1,All,#4682B4,0
1,8,4,0.704973,0.704973,0.851318,0,All,#4682B4,0
2,8,4,0.704973,0.704973,1.06403,0,All,#4682B4,0
3,8,4,0.704973,0.704973,0.788124,0,All,#4682B4,0
4,8,4,0.704973,0.704973,0.902054,0,All,#4682B4,0
5,8,4,0.704973,0.704973,0.873839,0,All,#4682B4,0
6,8,4,0.704973,0.704973,1.19888,0,All,#4682B4,0
7,8,4,0.704973,0.704973,1.15082,0,All,#4682B4,0
8,8,4,0.704973,0.704973,0.842916,0,All,#4682B4,0
9,8,4,0.704973,0.704973,1.0797,0,All,#4682B4,0
10,8,4,0.704973,0.704973,0.968793,0,All,#4682B4,0
1,8,5,1.84163,1.84163,1.55516,0,All,#4682B4,0
2,8,5,1.84163,1.84163,1.75425,0,All,#4682B4,0
3,8,5,1.84163,1.84163,1.21542,0,All,#4682B4,0
4,8,5,1.84163,1.84163,1.54528,0,All,#4682B4,0
5,8,5,1.84163,1.84163,1.67242,0,All,#4682B4,0
6,8,5,1.84163,1.84163,1.65847,0,All,#4682B4,0
7,8,5,1.84163,1.84163,2.05276,0,All,#4682B4,0
8,8,5,1.84163,1.84163,1.49142,0,All,#4682B4,0
9,8,5,1.84163,1.84163,1.76274,0,All,#4682B4,0
10,8,5,1.84163,1.84163,1.64773,0,All,#4682B4,0
1,8,6,2.39105,2.39105,1.79533,0,All,#4682B4,0
2,8,6,2.39105,2.39105,1.90889,0,All,#4682B4,0
3,8,6,2.39105,2.39105,1.39905,0,All,#4682B4,0
4,8,6,2.39105,2.39105,1.74369,0,All,#4682B4,0
5,8,6,2.39105,2.39105,1.90483,0,All,#4682B4,0
6,8,6,2.39105,2.39105,1.78064,0,All,#4682B4,0
7,8,6,2.39105,2.39105,2.22025,0,All,#4682B4,0
8,8,6,2.39105,2.39105,1.73371,0,All,#4682B4,0
9,8,6,2.39105,2.39105,1.95135,0,All,#4682B4,0
10,8,6,2.39105,2.39105,1.84443,0,All,#4682B4,0
1,8,7,2.15918,2.15918,1.76263,0,All,#4682B4,0
2,8,7,2.15918,2.15918,1.77603,0,All,#4682B4,0
3,8,7,2.15918,2.15918,1.40296,0,All,#4682B4,0
4,8,7,2.15918,2.15918,1.67909,0,All,#4682B4,0
5,8,7,2.15918,2.15918,1.82877,0,All,#4682B4,0
6,8,7,2.15918,2.15918,1.70524,0,All,#4682B4,0
7,8,7,2.15918,2.15918,2.11275,0,All,#4682B4,0
8,8,7,2.15918,2.15918,1.73263,0,All,#4682B4,0
9,8,7,2.15918,2.15918,1.88265,0,All,#4682B4,0
10,8,7,2.15918,2.15918,1.76996,0,All,#4682B4,0
1,8,8,2.32882,2.32882,1.57448,0,All,#4682B4,0
2,8,8,2.32882,2.32882,1.49454,0,All,#4682B4,0
3,8,8,2.32882,2.32882,1.26136,0,All,#4682B4,0
4,8,8,2.32882,2.32882,1.46294,0,All,#4682B4,0
5,8,8,2.32882,2.32882,1.59893,0,All,#4682B4,0
6,8,8,2.32882,2.32882,1.51037,0,All,#4682B4,0
7,8,8,2.32882,2.32882,1.88509,0,All,#4682B4,0
8,8,8,2.32882,2.32882,1.58177,0,All,#4682B4,0
9,8,8,2.32882,2.32882,1.67695,0,All,#4682B4,0
10,8,8,2.32882,2.32882,1.53926,0,All,#4682B4,0
1,8,9,1.80861,1.80861,1.28441,0,All,#4682B4,0
2,8,9,1.80861,1.80861,1.13084,0,All,#4682B4,0
3,8,9,1.80861,1.80861,0.99837,0,All,#4682B4,0
4,8,9,1.80861,1.80861,1.15096,0,All,#4682B4,0
5,8,9,1.80861,1.80861,1.27899,0,All,#4682B4,0
6,8,9,1.80861,1.80861,1.22844,0,All,#4682B4,0
7,8,9,1.80861,1.80861,1.57932,0,All,#4682B4,0
8,8,9,1.80861,1.80861,1.32204,0,All,#4682B4,0
9,8,9,1.80861,1.80861,1.37692,0,All,#4682B4,0
10,8,9,1.80861,1.80861,1.20699,0,All,#4682B4,0
1,8,10,-0.113947,-0.113947,0.924862,0,All,#4682B4,0
2,8,10,-0.113947,-0.113947,0.731791,0,All,#4682B4,0
3,8,10,-0.113947,-0.113947,0.646316,0,All,#4682B4,0
4,8,10,-0.113947,-0.113947,0.779575,0,All,#4682B4,0
5,8,10,-0.113947,-0.113947,0.905131,0,All,#4682B4,0
6,8,10,-0.113947,-0.113947,0.880346,0,All,#4682B4,0
7,8,10,-0.113947,-0.113947,1.2186,0,All,#4682B4,0
8,8,10,-0.113947,-0.113947,0.978917,0,All,#4682B4,0
9,8,10,-0.113947,-0.113947,1.01102,0,All,#4682B4,0
10,8,10,-0.113947,-0.113947,0.818409,0,All,#4682B4,0
1,8,11,-0.17109,-0.17109,0.5287,0,All,#4682B4,0
2,8,11,-0.17109,-0.17109,0.324127,0,All,#4682B4,0
3,8,11,-0.17109,-0.17109,0.251095,0,All,#4682B4,0
4,8,11,-0.17109,-0.17109,0.380294,0,All,#4682B4,0
5,8,11,-0.17109,-0.17109,0.506345,0,All,#4682B4,0
6,8,11,-0.17109,-0.17109,0.491626,0,All,#4682B4,0
7,8,11,-0.17109,-0.17109,0.826028,0,All,#4682B4,0
8,8,11,-0.17109,-0.17109,0.58739,0,All,#4682B4,0
9,8,11,-0.17109,-0.17109,0.612099,0,All,#4682B4,0
10,8,11,-0.17109,-0.17109,0.411891,0,All,#4682B4,0
1,8,12,-0.31,-0.468182,0.121206,1,All,#4682B4,0
2,8,12,-0.31,-0.824943,-0.0845936,1,All,#4682B4,0
3,8,12,-0.31,-0.42047,-0.154792,1,All,#4682B4,0
4,8,12,-0.31,-0.589634,-0.0269701,1,All,#4682B4,0
5,8,12,-0.31,-0.493113,0.100217,1,All,#4682B4,0
6,8,12,-0.31,-0.389045,0.0869217,1,All,#4682B4,0
7,8,12,-0.31,-0.392671,0.421007,1,All,#4682B4,0
8,8,12,-0.31,-0.844031,0.180689,1,All,#4682B4,0
9,8,12,-0.31,-0.384696,0.20403,1,All,#4682B4,0
10,8,12,-0.31,-0.480421,0.00285864,1,All,#4682B4,0
1,8,13,-0.164723,-0.164723,-0.288055,0,All,#4682B4,0
2,8,13,-0.164723,-0.164723,-0.492862,0,All,#4682B4,0
3,8,13,-0.164723,-0.164723,-0.56219,0,All,#4682B4,0
4,8,13,-0.164723,-0.164723,-0.435385,0,All,#4682B4,0
5,8,13,-0.164723,-0.164723,-0.306856,0,All,#4682B4,0
6,8,13,-0.164723,-0.164723,-0.3212,0,All,#4682B4,0
7,8,13,-0.164723,-0.164723,0.0130925,0,All,#4682B4,0
8,8,13,-0.164723,-0.164723,-0.228032,0,All,#4682B4,0
9,8,13,-0.164723,-0.164723,-0.205244,0,All,#4682B4,0
10,8,13,-0.164723,-0.164723,-0.406155,0,All,#4682B4,0
1,8,14,-0.31,-0.532006,-0.697337,1,All,#4682B4,0
2,8,14,-0.31,-1.29169,-0.899735,1,All,#4682B4,0
3,8,14,-0.31,-1.08866,-0.969435,1,All,#4682B4,0
4,8,14,-0.31,-1.8025,-0.843254,1,All,#4682B4,0
5,8,14,-0.31,-1.29947,-0.712566,1,All,#4682B4,0
6,8,14,-0.31,-1.6313,-0.729458,1,All,#4682B4,0
7,8,14,-0.31,-0.425706,-0.394723,1,All,#4682B4,0
8,8,14,-0.31,-0.485872,-0.636415,1,All,#4682B4,0
9,8,14,-0.31,-0.847008,-0.614439,1,All,#4682B4,0
10,8,14,-0.31,-1.44742,-0.814569,1,All,#4682B4,0
1,9,-1,-0.31,-0.596098,-0.501223,1,All,#4682B4,0
2,9,-1,-0.31,-0.611834,-0.63731,1,All,#4682B4,0
3,9,-1,-0.31,-0.399221,-0.490312,1,All,#4682B4,0
4,9,-1,-0.31,-0.407511,-0.463975,1,All,#4682B4,0
5,9,-1,-0.31,-0.710104,-0.575399,1,All,#4682B4,0
6,9,-1,-0.31,-0.880643,-0.492757,1,All,#4682B4,0
7,9,-1,-0.31,-1.61069,-0.567041,1,All,#4682B4,0
8,9,-1,-0.31,-0.98323,-0.508438,1,All,#4682B4,0
9,9,-1,-0.31,-0.337565,-0.528766,1,All,#4682B4,0
10,9,-1,-0.31,-1.56094,-0.40618,1,All,#4682B4,0
1,9,0,-0.31,-1.49479,-0.501223,1,All,#4682B4,0
2,9,0,-0.31,-0.374897,-0.63731,1,All,#4682B4,0
3,9,0,-0.31,-0.589527,-0.490312,1,All,#4682B4,0
4,9,0,-0.31,-0.359622,-0.463975,1,All,#4682B4,0
5,9,0,-0.31,-0.523912,-0.575399,1,All,#4682B4,0
6,9,0,-0.31,-0.714035,-0.492757,1,All,#4682B4,0
7,9,0,-0.31,-1.50561,-0.567041,1,All,#4682B4,0
8,9,0,-0.31,-0.576906,-0.508438,1,All,#4682B4,0
9,9,0,-0.31,-0.452219,-0.528766,1,All,#4682B4,0
10,9,0,-0.31,-0.552654,-0.40618,1,All,#4682B4,0
1,9,1,-0.31,-0.650732,-0.501223,1,All,#4682B4,0
2,9,1,-0.31,-0.619073,-0.63731,1,All,#4682B4,0
3,9,1,-0.31,-0.967829,-0.490312,1,All,#4682B4,0
4,9,1,-0.31,-0.44618,-0.463975,1,All,#4682B4,0
5,9,1,-0.31,-0.955186,-0.575399,1,All,#4682B4,0
6,9,1,-0.31,-0.89808,-0.492757,1,All,#4682B4,0
7,9,1,-0.31,-0.709517,-0.567041,1,All,#4682B4,0
8,9,1,-0.31,-0.575693,-0.508438,1,All,#4682B4,0
9,9,1,-0.31,-0.887693,-0.528766,1,All,#4682B4,0
10,9,1,-0.31,-0.706282,-0.40618,1,All,#4682B4,0
1,9,2,-0.31,-0.818829,-0.56722,1,All,#4682B4,0
2,9,2,-0.31,-0.397346,-0.723523,1,All,#4682B4,0
3,9,2,-0.31,-0.54983,-0.601976,1,All,#4682B4,0
4,9,2,-0.31,-0.748787,-0.53599,1,All,#4682B4,0
5,9,2,-0.31,-0.392015,-0.742748,1,All,#4682B4,0
6,9,2,-0.31,-0.900485,-0.612489,1,All,#4682B4,0
7,9,2,-0.31,-0.841887,-0.723521,1,All,#4682B4,0
8,9,2,-0.31,-0.674027,-0.666709,1,All,#4682B4,0
9,9,2,-0.31,-0.861734,-0.652672,1,All,#4682B4,0
10,9,2,-0.31,-0.689909,-0.543132,1,All,#4682B4,0
1,9,3,0.471042,0.471042,0.430113,0,All,#4682B4,0
2,9,3,0.471042,0.471042,0.500405,0,All,#4682B4,0
3,9,3,0.471042,0.471042,0.954062,0,All,#4682B4,0
4,9,3,0.471042,0.471042,0.607072,0,All,#4682B4,0
5,9,3,0.471042,0.471042,0.68504,0,All,#4682B4,0
6,9,3,0.471042,0.471042,0.51584,0,All,#4682B4,0
7,9,3,0.471042,0.471042,0.378784,0,All,#4682B4,0
8,9,3,0.471042,0.471042,0.313428,0,All,#4682B4,0
9,9,3,0.471042,0.471042,0.812966,0,All,#4682B4,0
10,9,3,0.471042,0.471042,0.433251,0,All,#4682B4,0
1,9,4,1.90715,1.90715,1.46302,0,All,#4682B4,0
2,9,4,1.90715,1.90715,1.57649,0,All,#4682B4,0
3,9,4,1.90715,1.90715,1.73643,0,All,#4682B4,0
4,9,4,1.90715,1.90715,1.60824,0,All,#4682B4,0
5,9,4,1.90715,1.90715,1.79329,0,All,#4682B4,0
6,9,4,1.90715,1.90715,1.45653,0,All,#4682B4,0
7,9,4,1.90715,1.90715,1.51971,0,All,#4682B4,0
8,9,4,1.90715,1.90715,1.12178,0,All,#4682B4,0
9,9,4,1.90715,1.90715,1.74,0,All,#4682B4,0
10,9,4,1.90715,1.90715,1.36089,0,All,#4682B4,0
1,9,5,1.91641,1.91641,1.80187,0,All,#4682B4,0
2,9,5,1.91641,1.91641,1.8963,0,All,#4682B4,0
3,9,5,1.91641,1.91641,1.9224,0,All,#4682B4,0
4,9,5,1.91641,1.91641,1.93496,0,All,#4682B4,0
5,9,5,1.91641,1.91641,1.96486,0,All,#4682B4,0
6,9,5,1.91641,1.91641,1.80362,0,All,#4682B4,0
7,9,5,1.91641,1.91641,1.82146,0,All,#4682B4,0
8,9,5,1.91641,1.91641,1.4571,0,All,#4682B4,0
9,9,5,1.91641,1.91641,2.00188,0,All,#4682B4,0
10,9,5,1.91641,1.91641,1.64934,0,All,#4682B4,0
1,9,6,2.07475,2.07475,1.75818,0,All,#4682B4,0
2,9,6,2.07475,2.07475,1.81908,0,All,#4682B4,0
3,9,6,2.07475,2.07475,1.79092,0,All,#4682B4,0
4,9,6,2.07475,2.07475,1.9032,0,All,#4682B4,0
5,9,6,2.07475,2.07475,1.72569,0,All,#4682B4,0
6,9,6,2.07475,2.07475,1.79593,0,All,#4682B4,0
7,9,6,2.07475,2.07475,1.64177,0,All,#4682B4,0
8,9,6,2.07475,2.07475,1.47169,0,All,#4682B4,0
9,9,6,2.07475,2.07475,1.92384,0,All,#4682B4,0
10,9,6,2.07475,2.07475,1.5625,0,All,#4682B4,0
1,9,7,1.3889,1.3889,1.52663,0,All,#4682B4,0
2,9,7,1.3889,1.3889,1.55906,0,All,#4682B4,0
3,9,7,1.3889,1.3889,1.49857,0,All,#4682B4,0
4,9,7,1.3889,1.3889,1.69913,0,All,#4682B4,0
5,9,7,1.3889,1.3889,1.37887,0,All,#4682B4,0
6,9,7,1.3889,1.3889,1.60086,0,All,#4682B4,0
7,9,7,1.3889,1.3889,1.30068,0,All,#4682B4,0
8,9,7,1.3889,1.3889,1.25447,0,All,#4682B4,0
9,9,7,1.3889,1.3889,1.69135,0,All,#4682B4,0
10,9,7,1.3889,1.3889,1.29843,0,All,#4682B4,0
1,9,8,0.256086,0.256086,1.20248,0,All,#4682B4,0
2,9,8,0.256086,0.256086,1.20769,0,All,#4682B4,0
3,9,8,0.256086,0.256086,1.12521,0,All,#4682B4,0
4,9,8,0.256086,0.256086,1.39601,0,All,#4682B4,0
5,9,8,0.256086,0.256086,1.01373,0,All,#4682B4,0
6,9,8,0.256086,0.256086,1.30183,0,All,#4682B4,0
7,9,8,0.256086,0.256086,0.919974,0,All,#4682B4,0
8,9,8,0.256086,0.256086,0.911074,0,All,#4682B4,0
9,9,8,0.256086,0.256086,1.37213,0,All,#4682B4,0
10,9,8,0.256086,0.256086,0.966967,0,All,#4682B4,0
1,9,9,0.101356,0.101356,0.830281,0,All,#4682B4,0
2,9,9,0.101356,0.101356,0.816221,0,All,#4682B4,0
3,9,9,0.101356,0.101356,0.724219,0,All,#4682B4,0
4,9,9,0.101356,0.101356,1.03101,0,All,#4682B4,0
5,9,9,0.101356,0.101356,0.658257,0,All,#4682B4,0
6,9,9,0.101356,0.101356,0.941475,0,All,#4682B4,0
7,9,9,0.101356,0.101356,0.536304,0,All,#4682B4,0
8,9,9,0.101356,0.101356,0.521556,0,All,#4682B4,0
9,9,9,0.101356,0.101356,1.00129,0,All,#4682B4,0
10,9,9,0.101356,0.101356,0.61665,0,All,#4682B4,0
1,9,10,0.069384,0.069384,0.435881,0,All,#4682B4,0
2,9,10,0.069384,0.069384,0.412629,0,All,#4682B4,0
3,9,10,0.069384,0.069384,0.318911,0,All,#4682B4,0
4,9,10,0.069384,0.069384,0.635166,0,All,#4682B4,0
5,9,10,0.069384,0.069384,0.298986,0,All,#4682B4,0
6,9,10,0.069384,0.069384,0.55053,0,All,#4682B4,0
7,9,10,0.069384,0.069384,0.16707,0,All,#4682B4,0
8,9,10,0.069384,0.069384,0.12166,0,All,#4682B4,0
9,9,10,0.069384,0.069384,0.605722,0,All,#4682B4,0
10,9,10,0.069384,0.069384,0.254881,0,All,#4682B4,0
1,9,11,-0.053224,-0.053224,0.033925,0,All,#4682B4,0
2,9,11,-0.053224,-0.053224,0.00733249,0,All,#4682B4,0
3,9,11,-0.053224,-0.053224,-0.0846646,0,All,#4682B4,0
4,9,11,-0.053224,-0.053224,0.229699,0,All,#4682B4,0
5,9,11,-0.053224,-0.053224,-0.0747976,0,All,#4682B4,0
6,9,11,-0.053224,-0.053224,0.149409,0,All,#4682B4,0
7,9,11,-0.053224,-0.053224,-0.189299,0,All,#4682B4,0
8,9,11,-0.053224,-0.053224,-0.278545,0,All,#4682B4,0
9,9,11,-0.053224,-0.053224,0.202629,0,All,#4682B4,0
10,9,11,-0.053224,-0.053224,-0.118261,0,All,#4682B4,0
1,9,12,-0.008189,-0.008189,-0.368211,0,All,#4682B4,0
2,9,12,-0.008189,-0.008189,-0.39572,0,All,#4682B4,0
3,9,12,-0.008189,-0.008189,-0.482938,0,All,#4682B4,0
4,9,12,-0.008189,-0.008189,-0.176989,0,All,#4682B4,0
5,9,12,-0.008189,-0.008189,-0.462654,0,All,#4682B4,0
6,9,12,-0.008189,-0.008189,-0.252278,0,All,#4682B4,0
7,9,12,-0.008189,-0.008189,-0.54229,0,All,#4682B4,0
8,9,12,-0.008189,-0.008189,-0.675067,0,All,#4682B4,0
9,9,12,-0.008189,-0.008189,-0.200369,0,All,#4682B4,0
10,9,12,-0.008189,-0.008189,-0.497145,0,All,#4682B4,0
1,9,13,0.060448,0.060448,-0.764655,0,All,#4682B4,0
2,9,13,0.060448,0.060448,-0.792079,0,All,#4682B4,0
3,9,13,0.060448,0.060448,-0.871781,0,All,#4682B4,0
4,9,13,0.060448,0.060448,-0.581924,0,All,#4682B4,0
5,9,13,0.060448,0.060448,-0.8603,0,All,#4682B4,0
6,9,13,0.060448,0.060448,-0.648631,0,All,#4682B4,0
7,9,13,0.060448,0.060448,-0.900757,0,All,#4682B4,0
8,9,13,0.060448,0.060448,-1.06482,0,All,#4682B4,0
9,9,13,0.060448,0.060448,-0.598252,0,All,#4682B4,0
10,9,13,0.060448,0.060448,-0.878738,0,All,#4682B4,0
1,9,14,0.216565,0.216565,-1.14533,0,All,#4682B4,0
2,9,14,0.216565,0.216565,-1.17475,0,All,#4682B4,0
3,9,14,0.216565,0.216565,-1.24697,0,All,#4682B4,0
4,9,14,0.216565,0.216565,-0.982014,0,All,#4682B4,0
5,9,14,0.216565,0.216565,-1.26391,0,All,#4682B4,0
6,9,14,0.216565,0.216565,-1.03156,0,All,#4682B4,0
7,9,14,0.216565,0.216565,-1.26832,0,All,#4682B4,0
8,9,14,0.216565,0.216565,-1.44465,0,All,#4682B4,0
9,9,14,0.216565,0.216565,-0.983357,0,All,#4682B4,0
10,9,14,0.216565,0.216565,-1.26234,0,All,#4682B4,0
1,10,-1,-0.31,-0.714164,-0.828213,1,All,#4682B4,0
2,10,-1,-0.31,-0.661337,-0.576416,1,All,#4682B4,0
3,10,-1,-0.31,-0.544104,-0.873186,1,All,#4682B4,0
4,10,-1,-0.31,-0.651741,-0.81381,1,All,#4682B4,0
5,10,-1,-0.31,-1.09171,-0.82325,1,All,#4682B4,0
6,10,-1,-0.31,-1.22421,-0.74498,1,All,#4682B4,0
7,10,-1,-0.31,-0.425388,-0.675101,1,All,#4682B4,0
8,10,-1,-0.31,-1.42634,-0.576005,1,All,#4682B4,0
9,10,-1,-0.31,-0.79695,-0.681595,1,All,#4682B4,0
10,10,-1,-0.31,-0.789741,-0.680908,1,All,#4682B4,0
1,10,0,-0.16725,-0.16725,-0.828213,0,All,#4682B4,0
2,10,0,-0.16725,-0.16725,-0.576416,0,All,#4682B4,0
3,10,0,-0.16725,-0.16725,-0.873186,0,All,#4682B4,0
4,10,0,-0.16725,-0.16725,-0.81381,0,All,#4682B4,0
5,10,0,-0.16725,-0.16725,-0.82325,0,All,#4682B4,0
6,10,0,-0.16725,-0.16725,-0.74498,0,All,#4682B4,0
7,10,0,-0.16725,-0.16725,-0.675101,0,All,#4682B4,0
8,10,0,-0.16725,-0.16725,-0.576005,0,All,#4682B4,0
9,10,0,-0.16725,-0.16725,-0.681595,0,All,#4682B4,0
10,10,0,-0.16725,-0.16725,-0.680908,0,All,#4682B4,0
1,10,1,-0.31,-1.16465,-0.828213,1,All,#4682B4,0
2,10,1,-0.31,-0.910702,-0.576416,1,All,#4682B4,0
3,10,1,-0.31,-1.15784,-0.873186,1,All,#4682B4,0
4,10,1,-0.31,-2.0506,-0.81381,1,All,#4682B4,0
5,10,1,-0.31,-1.00797,-0.82325,1,All,#4682B4,0
6,10,1,-0.31,-0.919961,-0.74498,1,All,#4682B4,0
7,10,1,-0.31,-1.6782,-0.675101,1,All,#4682B4,0
8,10,1,-0.31,-0.969481,-0.576005,1,All,#4682B4,0
9,10,1,-0.31,-0.926103,-0.681595,1,All,#4682B4,0
10,10,1,-0.31,-0.626074,-0.680908,1,All,#4682B4,0
1,10,2,-0.086077,-0.086077,0.221489,0,All,#4682B4,0
2,10,2,-0.086077,-0.086077,0.346786,0,All,#4682B4,0
3,10,2,-0.086077,-0.086077,0.256603,0,All,#4682B4,0
4,10,2,-0.086077,-0.086077,-0.280062,0,All,#4682B4,0
5,10,2,-0.086077,-0.086077,0.159962,0,All,#4682B4,0
6,10,2,-0.086077,-0.086077,0.33148,0,All,#4682B4,0
7,10,2,-0.086077,-0.086077,-0.20337,0,All,#4682B4,0
8,10,2,-0.086077,-0.086077,-0.0518947,0,All,#4682B4,0
9,10,2,-0.086077,-0.086077,-0.214016,0,All,#4682B4,0
10,10,2,-0.086077,-0.086077,0.252441,0,All,#4682B4,0
1,10,3,2.50227,2.50227,1.76306,0,All,#4682B4,0
2,10,3,2.50227,2.50227,2.28472,0,All,#4682B4,0
3,10,3,2.50227,2.50227,2.13616,0,All,#4682B4,0
4,10,3,2.50227,2.50227,1.75585,0,All,#4682B4,0
5,10,3,2.50227,2.50227,1.95715,0,All,#4682B4,0
6,10,3,2.50227,2.50227,1.95268,0,All,#4682B4,0
7,10,3,2.50227,2.50227,1.64152,0,All,#4682B4,0
8,10,3,2.50227,2.50227,2.0057,0,All,#4682B4,0
9,10,3,2.50227,2.50227,1.46739,0,All,#4682B4,0
10,10,3,2.50227,2.50227,2.1341,0,All,#4682B4,0
1,10,4,2.20671,2.20671,1.81514,0,All,#4682B4,0
2,10,4,2.20671,2.20671,2.11774,0,All,#4682B4,0
3,10,4,2.20671,2.20671,2.14688,0,All,#4682B4,0
4,10,4,2.20671,2.20671,2.04875,0,All,#4682B4,0
5,10,4,2.20671,2.20671,1.98265,0,All,#4682B4,0
6,10,4,2.20671,2.20671,2.06697,0,All,#4682B4,0
7,10,4,2.20671,2.20671,2.07457,0,All,#4682B4,0
8,10,4,2.20671,2.20671,2.29582,0,All,#4682B4,0
9,10,4,2.20671,2.20671,1.81595,0,All,#4682B4,0
10,10,4,2.20671,2.20671,2.30856,0,All,#4682B4,0
1,10,5,1.78061,1.78061,1.48505,0,All,#4682B4,0
2,10,5,1.78061,1.78061,1.72747,0,All,#4682B4,0
3,10,5,1.78061,1.78061,1.79537,0,All,#4682B4,0
4,10,5,1.78061,1.78061,1.76163,0,All,#4682B4,0
5,10,5,1.78061,1.78061,1.62878,0,All,#4682B4,0
6,10,5,1.78061,1.78061,1.76393,0,All,#4682B4,0
7,10,5,1.78061,1.78061,1.92986,0,All,#4682B4,0
8,10,5,1.78061,1.78061,2.06165,0,All,#4682B4,0
9,10,5,1.78061,1.78061,1.60932,0,All,#4682B4,0
10,10,5,1.78061,1.78061,2.04455,0,All,#4682B4,0
1,10,6,1.51062,1.51062,1.10608,0,All,#4682B4,0
2,10,6,1.51062,1.51062,1.32345,0,All,#4682B4,0
3,10,6,1.51062,1.51062,1.40376,0,All,#4682B4,0
4,10,6,1.51062,1.51062,1.37871,0,All,#4682B4,0
5,10,6,1.51062,1.51062,1.23701,0,All,#4682B4,0
6,10,6,1.51062,1.51062,1.38523,0,All,#4682B4,0
7,10,6,1.51062,1.51062,1.61918,0,All,#4682B4,0
8,10,6,1.51062,1.51062,1.71597,0,All,#4682B4,0
9,10,6,1.51062,1.51062,1.25848,0,All,#4682B4,0
10,10,6,1.51062,1.51062,1.68995,0,All,#4682B4,0
1,10,7,1.18341,1.18341,0.756844,0,All,#4682B4,0
2,10,7,1.18341,1.18341,0.924676,0,All,#4682B4,0
3,10,7,1.18341,1.18341,1.02352,0,All,#4682B4,0
4,10,7,1.18341,1.18341,0.990565,0,All,#4682B4,0
5,10,7,1.18341,1.18341,0.862785,0,All,#4682B4,0
6,10,7,1.18341,1.18341,1.00414,0,All,#4682B4,0
7,10,7,1.18341,1.18341,1.26153,0,All,#4682B4,0
8,10,7,1.18341,1.18341,1.34624,0,All,#4682B4,0
9,10,7,1.18341,1.18341,0.892958,0,All,#4682B4,0
10,10,7,1.18341,1.18341,1.3076,0,All,#4682B4,0
1,10,8,0.811397,0.811397,0.476813,0,All,#4682B4,0
2,10,8,0.811397,0.811397,0.540416,0,All,#4682B4,0
3,10,8,0.811397,0.811397,0.69843,0,All,#4682B4,0
4,10,8,0.811397,0.811397,0.628843,0,All,#4682B4,0
5,10,8,0.811397,0.811397,0.532811,0,All,#4682B4,0
6,10,8,0.811397,0.811397,0.663098,0,All,#4682B4,0
7,10,8,0.811397,0.811397,0.883119,0,All,#4682B4,0
8,10,8,0.811397,0.811397,0.984672,0,All,#4682B4,0
9,10,8,0.811397,0.811397,0.576735,0,All,#4682B4,0
10,10,8,0.811397,0.811397,0.916982,0,All,#4682B4,0
1,10,9,-0.010572,-0.010572,0.204121,0,All,#4682B4,0
2,10,9,-0.010572,-0.010572,0.173538,0,All,#4682B4,0
3,10,9,-0.010572,-0.010572,0.424642,0,All,#4682B4,0
4,10,9,-0.010572,-0.010572,0.306881,0,All,#4682B4,0
5,10,9,-0.010572,-0.010572,0.223453,0,All,#4682B4,0
6,10,9,-0.010572,-0.010572,0.369807,0,All,#4682B4,0
7,10,9,-0.010572,-0.010572,0.495975,0,All,#4682B4,0
8,10,9,-0.010572,-0.010572,0.636683,0,All,#4682B4,0
9,10,9,-0.010572,-0.010572,0.326004,0,All,#4682B4,0
10,10,9,-0.010572,-0.010572,0.530821,0,All,#4682B4,0
1,10,10,-0.030475,-0.030475,-0.0932812,0,All,#4682B4,0
2,10,10,-0.030475,-0.030475,-0.182485,0,All,#4682B4,0
3,10,10,-0.030475,-0.030475,0.15333,0,All,#4682B4,0
4,10,10,-0.030475,-0.030475,0.0113156,0,All,#4682B4,0
5,10,10,-0.030475,-0.030475,-0.0935712,0,All,#4682B4,0
6,10,10,-0.030475,-0.030475,0.0810174,0,All,#4682B4,0
7,10,10,-0.030475,-0.030475,0.109716,0,All,#4682B4,0
8,10,10,-0.030475,-0.030475,0.298696,0,All,#4682B4,0
9,10,10,-0.030475,-0.030475,0.0549029,0,All,#4682B4,0
10,10,10,-0.030475,-0.030475,0.156543,0,All,#4682B4,0
1,10,11,-0.31,-0.683748,-0.416366,1,All,#4682B4,0
2,10,11,-0.31,-1.36635,-0.537875,1,All,#4682B4,0
3,10,11,-0.31,-0.424703,-0.141521,1,All,#4682B4,0
4,10,11,-0.31,-1.56761,-0.282326,1,All,#4682B4,0
5,10,11,-0.31,-0.35983,-0.427846,1,All,#4682B4,0
6,10,11,-0.31,-0.94212,-0.227799,1,All,#4682B4,0
7,10,11,-0.31,-0.437143,-0.27221,1,All,#4682B4,0
8,10,11,-0.31,-0.50519,-0.0372986,1,All,#4682B4,0
9,10,11,-0.31,-0.830927,-0.259931,1,All,#4682B4,0
10,10,11,-0.31,-0.511748,-0.203623,1,All,#4682B4,0
1,10,12,-0.31,-0.841967,-0.760089,1,All,#4682B4,0
2,10,12,-0.31,-0.810048,-0.899898,1,All,#4682B4,0
3,10,12,-0.31,-0.563647,-0.462238,1,All,#4682B4,0
4,10,12,-0.31,-1.08179,-0.58876,1,All,#4682B4,0
5,10,12,-0.31,-0.349236,-0.7795,1,All,#4682B4,0
6,10,12,-0.31,-0.777387,-0.558344,1,All,#4682B4,0
7,10,12,-0.31,-2.22306,-0.650033,1,All,#4682B4,0
8,10,12,-0.31,-0.46505,-0.379432,1,All,#4682B4,0
9,10,12,-0.31,-0.807738,-0.60743,1,All,#4682B4,0
10,10,12,-0.31,-1.44745,-0.553471,1,All,#4682B4,0
1,10,13,-0.31,-1.89981,-1.11991,1,All,#4682B4,0
2,10,13,-0.31,-1.75392,-1.27138,1,All,#4682B4,0
3,10,13,-0.31,-1.27403,-0.804722,1,All,#4682B4,0
4,10,13,-0.31,-1.04206,-0.912368,1,All,#4682B4,0
5,10,13,-0.31,-1.35468,-1.14596,1,All,#4682B4,0
6,10,13,-0.31,-1.09105,-0.90753,1,All,#4682B4,0
7,10,13,-0.31,-1.79145,-1.02586,1,All,#4682B4,0
8,10,13,-0.31,-1.61141,-0.73209,1,All,#4682B4,0
9,10,13,-0.31,-1.10877,-0.976376,1,All,#4682B4,0
10,10,13,-0.31,-0.743525,-0.899989,1,All,#4682B4,0
1,10,14,-0.31,-1.299,-1.49225,1,All,#4682B4,0
2,10,14,-0.31,-1.66958,-1.65224,1,All,#4682B4,0
3,10,14,-0.31,-0.676583,-1.16446,1,All,#4682B4,0
4,10,14,-0.31,-0.911225,-1.25286,1,All,#4682B4,0
5,10,14,-0.31,-0.474262,-1.52429,1,All,#4682B4,0
6,10,14,-0.31,-1.9092,-1.27084,1,All,#4682B4,0
7,10,14,-0.31,-1.2222,-1.40211,1,All,#4682B4,0
8,10,14,-0.31,-0.91236,-1.09631,1,All,#4682B4,0
9,10,14,-0.31,-0.953847,-1.35953,1,All,#4682B4,0
10,10,14,-0.31,-1.25263,-1.24916,1,All,#4682B4,0
1,11,-1,0.040133,0.040133,-0.124046,0,All,#4682B4,0
2,11,-1,0.040133,0.040133,-0.168338,0,All,#4682B4,0
3,11,-1,0.040133,0.040133,-0.300599,0,All,#4682B4,0
4,11,-1,0.040133,0.040133,0.0328383,0,All,#4682B4,0
5,11,-1,0.040133,0.040133,-0.394125,0,All,#4682B4,0
6,11,-1,0.040133,0.040133,-0.240357,0,All,#4682B4,0
7,11,-1,0.040133,0.040133,-0.370639,0,All,#4682B4,0
8,11,-1,0.040133,0.040133,-0.295133,0,All,#4682B4,0
9,11,-1,0.040133,0.040133,-0.0818028,0,All,#4682B4,0
10,11,-1,0.040133,0.040133,-0.0835898,0,All,#4682B4,0
1,11,0,-0.057582,-0.057582,-0.124046,0,All,#4682B4,0
2,11,0,-0.057582,-0.057582,-0.168338,0,All,#4682B4,0
3,11,0,-0.057582,-0.057582,-0.300599,0,All,#4682B4,0
4,11,0,-0.057582,-0.057582,0.0328383,0,All,#4682B4,0
5,11,0,-0.057582,-0.057582,-0.394125,0,All,#4682B4,0
6,11,0,-0.057582,-0.057582,-0.240357,0,All,#4682B4,0
7,11,0,-0.057582,-0.057582,-0.370639,0,All,#4682B4,0
8,11,0,-0.057582,-0.057582,-0.295133,0,All,#4682B4,0
9,11,0,-0.057582,-0.057582,-0.0818028,0,All,#4682B4,0
10,11,0,-0.057582,-0.057582,-0.0835898,0,All,#4682B4,0
1,11,1,-0.31,-0.313395,-0.124046,1,All,#4682B4,0
2,11,1,-0.31,-0.841661,-0.168338,1,All,#4682B4,0
3,11,1,-0.31,-1.36205,-0.300599,1,All,#4682B4,0
4,11,1,-0.31,-0.48472,0.0328383,1,All,#4682B4,0
5,11,1,-0.31,-0.381205,-0.394125,1,All,#4682B4,0
6,11,1,-0.31,-0.390882,-0.240357,1,All,#4682B4,0
7,11,1,-0.31,-0.35759,-0.370639,1,All,#4682B4,0
8,11,1,-0.31,-1.26376,-0.295133,1,All,#4682B4,0
9,11,1,-0.31,-0.466638,-0.0818028,1,All,#4682B4,0
10,11,1,-0.31,-0.320459,-0.0835898,1,All,#4682B4,0
1,11,2,-0.291743,-0.291743,-0.222794,0,All,#4682B4,0
2,11,2,-0.291743,-0.291743,-0.247401,0,All,#4682B4,0
3,11,2,-0.291743,-0.291743,-0.362517,0,All,#4682B4,0
4,11,2,-0.291743,-0.291743,-0.0940084,0,All,#4682B4,0
5,11,2,-0.291743,-0.291743,-0.498076,0,All,#4682B4,0
6,11,2,-0.291743,-0.291743,-0.330489,0,All,#4682B4,0
7,11,2,-0.291743,-0.291743,-0.446155,0,All,#4682B4,0
8,11,2,-0.291743,-0.291743,-0.414235,0,All,#4682B4,0
9,11,2,-0.291743,-0.291743,-0.210403,0,All,#4682B4,0
10,11,2,-0.291743,-0.291743,-0.201006,0,All,#4682B4,0
1,11,3,0.16191,0.16191,0.293184,0,All,#4682B4,0
2,11,3,0.16191,0.16191,0.294461,0,All,#4682B4,0
3,11,3,0.16191,0.16191,0.391206,0,All,#4682B4,0
4,11,3,0.16191,0.16191,0.408745,0,All,#4682B4,0
5,11,3,0.16191,0.16191,0.448662,0,All,#4682B4,0
6,11,3,0.16191,0.16191,0.352269,0,All,#4682B4,0
7,11,3,0.16191,0.16191,0.354614,0,All,#4682B4,0
8,11,3,0.16191,0.16191,0.546053,0,All,#4682B4,0
9,11,3,0.16191,0.16191,0.410723,0,All,#4682B4,0
10,11,3,0.16191,0.16191,0.294634,0,All,#4682B4,0
1,11,4,1.11625,1.11625,1.16824,0,All,#4682B4,0
2,11,4,1.11625,1.11625,1.15133,0,All,#4682B4,0
3,11,4,1.11625,1.11625,1.32098,0,All,#4682B4,0
4,11,4,1.11625,1.11625,1.13412,0,All,#4682B4,0
5,11,4,1.11625,1.11625,1.3272,0,All,#4682B4,0
6,11,4,1.11625,1.11625,1.22618,0,All,#4682B4,0
7,11,4,1.11625,1.11625,1.30259,0,All,#4682B4,0
8,11,4,1.11625,1.11625,1.35963,0,All,#4682B4,0
9,11,4,1.11625,1.11625,1.17536,0,All,#4682B4,0
10,11,4,1.11625,1.11625,1.11973,0,All,#4682B4,0
1,11,5,1.62065,1.62065,1.56413,0,All,#4682B4,0
2,11,5,1.62065,1.62065,1.55264,0,All,#4682B4,0
3,11,5,1.62065,1.62065,1.70875,0,All,#4682B4,0
4,11,5,1.62065,1.62065,1.48575,0,All,#4682B4,0
5,11,5,1.62065,1.62065,1.69469,0,All,#4682B4,0
6,11,5,1.62065,1.62065,1.61631,0,All,#4682B4,0
7,11,5,1.62065,1.62065,1.69095,0,All,#4682B4,0
8,11,5,1.62065,1.62065,1.68117,0,All,#4682B4,0
9,11,5,1.62065,1.62065,1.51008,0,All,#4682B4,0
10,11,5,1.62065,1.62065,1.50912,0,All,#4682B4,0
1,11,6,2.12201,2.12201,1.65047,0,All,#4682B4,0
2,11,6,2.12201,2.12201,1.66131,0,All,#4682B4,0
3,11,6,2.12201,2.12201,1.78115,0,All,#4682B4,0
4,11,6,2.12201,2.12201,1.58346,0,All,#4682B4,0
5,11,6,2.12201,2.12201,1.74517,0,All,#4682B4,0
6,11,6,2.12201,2.12201,1.70106,0,All,#4682B4,0
7,11,6,2.12201,2.12201,1.72189,0,All,#4682B4,0
8,11,6,2.12201,2.12201,1.70138,0,All,#4682B4,0
9,11,6,2.12201,2.12201,1.55833,0,All,#4682B4,0
10,11,6,2.12201,2.12201,1.597,0,All,#4682B4,0
1,11,7,3.10406,3.10406,1.51719,0,All,#4682B4,0
2,11,7,3.10406,3.10406,1.54786,0,All,#4682B4,0
3,11,7,3.10406,3.10406,1.65403,0,All,#4682B4,0
4,11,7,3.10406,3.10406,1.48363,0,All,#4682B4,0
5,11,7,3.10406,3.10406,1.58082,0,All,#4682B4,0
6,11,7,3.10406,3.10406,1.56593,0,All,#4682B4,0
7,11,7,3.10406,3.10406,1.51699,0,All,#4682B4,0
8,11,7,3.10406,3.10406,1.51914,0,All,#4682B4,0
9,11,7,3.10406,3.10406,1.39141,0,All,#4682B4,0
10,11,7,3.10406,3.10406,1.4575,0,All,#4682B4,0
1,11,8,1.2442,1.2442,1.22448,0,All,#4682B4,0
2,11,8,1.2442,1.2442,1.25422,0,All,#4682B4,0
3,11,8,1.2442,1.2442,1.38202,0,All,#4682B4,0
4,11,8,1.2442,1.2442,1.21733,0,All,#4682B4,0
5,11,8,1.2442,1.2442,1.26853,0,All,#4682B4,0
6,11,8,1.2442,1.2442,1.26208,0,All,#4682B4,0
7,11,8,1.2442,1.2442,1.1708,0,All,#4682B4,0
8,11,8,1.2442,1.2442,1.19657,0,All,#4682B4,0
9,11,8,1.2442,1.2442,1.06732,0,All,#4682B4,0
10,11,8,1.2442,1.2442,1.15186,0,All,#4682B4,0
1,11,9,0.939639,0.939639,0.840671,0,All,#4682B4,0
2,11,9,0.939639,0.939639,0.861566,0,All,#4682B4,0
3,11,9,0.939639,0.939639,1.01193,0,All,#4682B4,0
4,11,9,0.939639,0.939639,0.840571,0,All,#4682B4,0
5,11,9,0.939639,0.939639,0.878054,0,All,#4682B4,0
6,11,9,0.939639,0.939639,0.868697,0,All,#4682B4,0
7,11,9,0.939639,0.939639,0.769951,0,All,#4682B4,0
8,11,9,0.939639,0.939639,0.802718,0,All,#4682B4,0
9,11,9,0.939639,0.939639,0.671171,0,All,#4682B4,0
10,11,9,0.939639,0.939639,0.761098,0,All,#4682B4,0
1,11,10,-0.205408,-0.205408,0.433057,0,All,#4682B4,0
2,11,10,-0.205408,-0.205408,0.452373,0,All,#4682B4,0
3,11,10,-0.205408,-0.205408,0.606293,0,All,#4682B4,0
4,11,10,-0.205408,-0.205408,0.433152,0,All,#4682B4,0
5,11,10,-0.205408,-0.205408,0.469924,0,All,#4682B4,0
6,11,10,-0.205408,-0.205408,0.459517,0,All,#4682B4,0
7,11,10,-0.205408,-0.205408,0.36095,0,All,#4682B4,0
8,11,10,-0.205408,-0.205408,0.393967,0,All,#4682B4,0
9,11,10,-0.205408,-0.205408,0.262747,0,All,#4682B4,0
10,11,10,-0.205408,-0.205408,0.352887,0,All,#4682B4,0
1,11,11,-0.244498,-0.244498,0.0234495,0,All,#4682B4,0
2,11,11,-0.244498,-0.244498,0.0425557,0,All,#4682B4,0
3,11,11,-0.244498,-0.244498,0.196695,0,All,#4682B4,0
4,11,11,-0.244498,-0.244498,0.0235314,0,All,#4682B4,0
5,11,11,-0.244498,-0.244498,0.0604944,0,All,#4682B4,0
6,11,11,-0.244498,-0.244498,0.0497228,0,All,#4682B4,0
7,11,11,-0.244498,-0.244498,-0.0485363,0,All,#4682B4,0
8,11,11,-0.244498,-0.244498,-0.0157383,0,All,#4682B4,0
9,11,11,-0.244498,-0.244498,-0.14658,0,All,#4682B4,0
10,11,11,-0.244498,-0.244498,-0.0566001,0,All,#4682B4,0
1,11,12,-0.31,-0.324906,-0.38628,1,All,#4682B4,0
2,11,12,-0.31,-0.486634,-0.367261,1,All,#4682B4,0
3,11,12,-0.31,-0.488863,-0.213056,1,All,#4682B4,0
4,11,12,-0.31,-0.559666,-0.386216,1,All,#4682B4,0
5,11,12,-0.31,-0.640191,-0.348938,1,All,#4682B4,0
6,11,12,-0.31,-2.14109,-0.360096,1,All,#4682B4,0
7,11,12,-0.31,-0.470305,-0.457948,1,All,#4682B4,0
8,11,12,-0.31,-0.63117,-0.425581,1,All,#4682B4,0
9,11,12,-0.31,-0.999062,-0.555968,1,All,#4682B4,0
10,11,12,-0.31,-0.789356,-0.466183,1,All,#4682B4,0
1,11,13,-0.31,-1.56636,-0.795983,1,All,#4682B4,0
2,11,13,-0.31,-1.39198,-0.77709,1,All,#4682B4,0
3,11,13,-0.31,-0.600198,-0.622752,1,All,#4682B4,0
4,11,13,-0.31,-0.867503,-0.795968,1,All,#4682B4,0
5,11,13,-0.31,-1.79717,-0.758188,1,All,#4682B4,0
6,11,13,-0.31,-0.962797,-0.769899,1,All,#4682B4,0
7,11,13,-0.31,-1.60126,-0.86715,1,All,#4682B4,0
8,11,13,-0.31,-0.96763,-0.835831,1,All,#4682B4,0
9,11,13,-0.31,-1.18628,-0.965289,1,All,#4682B4,0
10,11,13,-0.31,-0.961734,-0.875773,1,All,#4682B4,0
1,11,14,-0.31,-0.910748,-1.20595,1,All,#4682B4,0
2,11,14,-0.31,-0.960364,-1.18706,1,All,#4682B4,0
3,11,14,-0.31,-1.27088,-1.03234,1,All,#4682B4,0
4,11,14,-0.31,-1.27647,-1.20576,1,All,#4682B4,0
5,11,14,-0.31,-2.45758,-1.16723,1,All,#4682B4,0
6,11,14,-0.31,-0.713617,-1.17969,1,All,#4682B4,0
7,11,14,-0.31,-0.443635,-1.27607,1,All,#4682B4,0
8,11,14,-0.31,-1.69541,-1.24604,1,All,#4682B4,0
9,11,14,-0.31,-1.05024,-1.37451,1,All,#4682B4,0
10,11,14,-0.31,-2.05644,-1.28546,1,All,#4682B4,0
1,12,-1,-0.274454,-0.274454,-0.684536,0,All,#4682B4,0
2,12,-1,-0.274454,-0.274454,-0.687475,0,All,#4682B4,0
3,12,-1,-0.274454,-0.274454,-0.552113,0,All,#4682B4,0
4,12,-1,-0.274454,-0.274454,-0.482332,0,All,#4682B4,0
5,12,-1,-0.274454,-0.274454,-0.58581,0,All,#4682B4,0
6,12,-1,-0.274454,-0.274454,-0.63734,0,All,#4682B4,0
7,12,-1,-0.274454,-0.274454,-0.559754,0,All,#4682B4,0
8,12,-1,-0.274454,-0.274454,-0.546659,0,All,#4682B4,0
9,12,-1,-0.274454,-0.274454,-0.701725,0,All,#4682B4,0
10,12,-1,-0.274454,-0.274454,-0.609655,0,All,#4682B4,0
1,12,0,-0.240652,-0.240652,-0.684536,0,All,#4682B4,0
2,12,0,-0.240652,-0.240652,-0.687475,0,All,#4682B4,0
3,12,0,-0.240652,-0.240652,-0.552113,0,All,#4682B4,0
4,12,0,-0.240652,-0.240652,-0.482332,0,All,#4682B4,0
5,12,0,-0.240652,-0.240652,-0.58581,0,All,#4682B4,0
6,12,0,-0.240652,-0.240652,-0.63734,0,All,#4682B4,0
7,12,0,-0.240652,-0.240652,-0.559754,0,All,#4682B4,0
8,12,0,-0.240652,-0.240652,-0.546659,0,All,#4682B4,0
9,12,0,-0.240652,-0.240652,-0.701725,0,All,#4682B4,0
10,12,0,-0.240652,-0.240652,-0.609655,0,All,#4682B4,0
1,12,1,-0.31,-0.538074,-0.684536,1,All,#4682B4,0
2,12,1,-0.31,-1.06088,-0.687475,1,All,#4682B4,0
3,12,1,-0.31,-0.779319,-0.552113,1,All,#4682B4,0
4,12,1,-0.31,-0.416807,-0.482332,1,All,#4682B4,0
5,12,1,-0.31,-0.851229,-0.58581,1,All,#4682B4,0
6,12,1,-0.31,-0.540339,-0.63734,1,All,#4682B4,0
7,12,1,-0.31,-1.00261,-0.559754,1,All,#4682B4,0
8,12,1,-0.31,-0.834521,-0.546659,1,All,#4682B4,0
9,12,1,-0.31,-0.975206,-0.701725,1,All,#4682B4,0
10,12,1,-0.31,-0.361651,-0.609655,1,All,#4682B4,0
1,12,2,-0.31,-1.541,-0.684536,1,All,#4682B4,0
2,12,2,-0.31,-0.617309,-0.687475,1,All,#4682B4,0
3,12,2,-0.31,-0.421444,-0.552113,1,All,#4682B4,0
4,12,2,-0.31,-1.30054,-0.482332,1,All,#4682B4,0
5,12,2,-0.31,-0.815235,-0.58581,1,All,#4682B4,0
6,12,2,-0.31,-0.470613,-0.63734,1,All,#4682B4,0
7,12,2,-0.31,-0.776786,-0.559754,1,All,#4682B4,0
8,12,2,-0.31,-0.484731,-0.546659,1,All,#4682B4,0
9,12,2,-0.31,-0.833281,-0.701725,1,All,#4682B4,0
10,12,2,-0.31,-0.73492,-0.609655,1,All,#4682B4,0
1,12,3,-0.31,-0.940224,-0.684536,1,All,#4682B4,0
2,12,3,-0.31,-0.95494,-0.687475,1,All,#4682B4,0
3,12,3,-0.31,-1.82418,-0.552113,1,All,#4682B4,0
4,12,3,-0.31,-0.396002,-0.482332,1,All,#4682B4,0
5,12,3,-0.31,-1.80873,-0.58581,1,All,#4682B4,0
6,12,3,-0.31,-0.880967,-0.63734,1,All,#4682B4,0
7,12,3,-0.31,-1.33953,-0.559754,1,All,#4682B4,0
8,12,3,-0.31,-0.877302,-0.546659,1,All,#4682B4,0
9,12,3,-0.31,-0.571107,-0.701725,1,All,#4682B4,0
10,12,3,-0.31,-0.569748,-0.609655,1,All,#4682B4,0
1,12,4,-0.31,-1.41228,-0.757283,1,All,#4682B4,0
2,12,4,-0.31,-0.740024,-0.748973,1,All,#4682B4,0
3,12,4,-0.31,-0.489302,-0.552113,1,All,#4682B4,0
4,12,4,-0.31,-0.544746,-0.482332,1,All,#4682B4,0
5,12,4,-0.31,-0.720195,-0.58581,1,All,#4682B4,0
6,12,4,-0.31,-0.647654,-0.645461,1,All,#4682B4,0
7,12,4,-0.31,-0.788973,-0.559754,1,All,#4682B4,0
8,12,4,-0.31,-0.350571,-0.546659,1,All,#4682B4,0
9,12,4,-0.31,-1.72975,-0.70297,1,All,#4682B4,0
10,12,4,-0.31,-0.417383,-0.609655,1,All,#4682B4,0
1,12,5,-0.31,-1.12755,-0.545626,1,All,#4682B4,0
2,12,5,-0.31,-1.12052,-0.613877,1,All,#4682B4,0
3,12,5,-0.31,-0.841934,-0.199882,1,All,#4682B4,0
4,12,5,-0.31,-0.671623,-0.455035,1,All,#4682B4,0
5,12,5,-0.31,-0.599087,-0.549738,1,All,#4682B4,0
6,12,5,-0.31,-0.743366,-0.398238,1,All,#4682B4,0
7,12,5,-0.31,-0.648324,-0.386538,1,All,#4682B4,0
8,12,5,-0.31,-1.12564,-0.579588,1,All,#4682B4,0
9,12,5,-0.31,-0.365791,-0.187072,1,All,#4682B4,0
10,12,5,-0.31,-0.587073,-0.417535,1,All,#4682B4,0
1,12,6,-0.31,-0.320943,0.848988,1,All,#4682B4,0
2,12,6,-0.31,-0.378534,0.759721,1,All,#4682B4,0
3,12,6,-0.31,-0.461519,1.19854,1,All,#4682B4,0
4,12,6,-0.31,-0.404504,1.19404,1,All,#4682B4,0
5,12,6,-0.31,-0.493208,1.02088,1,All,#4682B4,0
6,12,6,-0.31,-0.812849,0.973587,1,All,#4682B4,0
7,12,6,-0.31,-0.492836,1.06676,1,All,#4682B4,0
8,12,6,-0.31,-0.437429,0.937804,1,All,#4682B4,0
9,12,6,-0.31,-0.355237,1.17101,1,All,#4682B4,0
10,12,6,-0.31,-0.463808,1.20029,1,All,#4682B4,0
1,12,7,0.74041,0.74041,1.48945,0,All,#4682B4,0
2,12,7,0.74041,0.74041,1.42413,0,All,#4682B4,0
3,12,7,0.74041,0.74041,1.71291,0,All,#4682B4,0
4,12,7,0.74041,0.74041,1.76607,0,All,#4682B4,0
5,12,7,0.74041,0.74041,1.62112,0,All,#4682B4,0
6,12,7,0.74041,0.74041,1.4923,0,All,#4682B4,0
7,12,7,0.74041,0.74041,1.63703,0,All,#4682B4,0
8,12,7,0.74041,0.74041,1.59685,0,All,#4682B4,0
9,12,7,0.74041,0.74041,1.68011,0,All,#4682B4,0
10,12,7,0.74041,0.74041,1.74377,0,All,#4682B4,0
1,12,8,2.41647,2.41647,1.55794,0,All,#4682B4,0
2,12,8,2.41647,2.41647,1.54253,0,All,#4682B4,0
3,12,8,2.41647,2.41647,1.69472,0,All,#4682B4,0
4,12,8,2.41647,2.41647,1.65771,0,All,#4682B4,0
5,12,8,2.41647,2.41647,1.62559,0,All,#4682B4,0
6,12,8,2.41647,2.41647,1.47819,0,All,#4682B4,0
7,12,8,2.41647,2.41647,1.61645,0,All,#4682B4,0
8,12,8,2.41647,2.41647,1.60324,0,All,#4682B4,0
9,12,8,2.41647,2.41647,1.68413,0,All,#4682B4,0
10,12,8,2.41647,2.41647,1.64772,0,All,#4682B4,0
1,12,9,2.3829,2.3829,1.30274,0,All,#4682B4,0
2,12,9,2.3829,2.3829,1.32535,0,All,#4682B4,0
3,12,9,2.3829,2.3829,1.42219,0,All,#4682B4,0
4,12,9,2.3829,2.3829,1.3044,0,All,#4682B4,0
5,12,9,2.3829,2.3829,1.33898,0,All,#4682B4,0
6,12,9,2.3829,2.3829,1.19564,0,All,#4682B4,0
7,12,9,2.3829,2.3829,1.31168,0,All,#4682B4,0
8,12,9,2.3829,2.3829,1.29697,0,All,#4682B4,0
9,12,9,2.3829,2.3829,1.43095,0,All,#4682B4,0
10,12,9,2.3829,2.3829,1.29343,0,All,#4682B4,0
1,12,10,1.44151,1.44151,0.935889,0,All,#4682B4,0
2,12,10,1.44151,1.44151,0.97452,0,All,#4682B4,0
3,12,10,1.44151,1.44151,1.05759,0,All,#4682B4,0
4,12,10,1.44151,1.44151,0.90297,0,All,#4682B4,0
5,12,10,1.44151,1.44151,0.957603,0,All,#4682B4,0
6,12,10,1.44151,1.44151,0.824408,0,All,#4682B4,0
7,12,10,1.44151,1.44151,0.924329,0,All,#4682B4,0
8,12,10,1.44151,1.44151,0.908016,0,All,#4682B4,0
9,12,10,1.44151,1.44151,1.0752,0,All,#4682B4,0
10,12,10,1.44151,1.44151,0.89049,0,All,#4682B4,0
1,12,11,1.08618,1.08618,0.540587,0,All,#4682B4,0
2,12,11,1.08618,1.08618,0.585977,0,All,#4682B4,0
3,12,11,1.08618,1.08618,0.663953,0,All,#4682B4,0
4,12,11,1.08618,1.08618,0.495033,0,All,#4682B4,0
5,12,11,1.08618,1.08618,0.554962,0,All,#4682B4,0
6,12,11,1.08618,1.08618,0.430907,0,All,#4682B4,0
7,12,11,1.08618,1.08618,0.520573,0,All,#4682B4,0
8,12,11,1.08618,1.08618,0.504137,0,All,#4682B4,0
9,12,11,1.08618,1.08618,0.683563,0,All,#4682B4,0
10,12,11,1.08618,1.08618,0.482372,0,All,#4682B4,0
1,12,12,-0.31,-0.494248,0.139465,1,All,#4682B4,0
2,12,12,-0.31,-0.878146,0.189506,1,All,#4682B4,0
3,12,12,-0.31,-0.52263,0.262698,1,All,#4682B4,0
4,12,12,-0.31,-0.436937,0.0863902,1,All,#4682B4,0
5,12,12,-0.31,-0.747052,0.148672,1,All,#4682B4,0
6,12,12,-0.31,-1.01045,0.0340723,1,All,#4682B4,0
7,12,12,-0.31,-0.497807,0.1143,1,All,#4682B4,0
8,12,12,-0.31,-1.65417,0.0981128,1,All,#4682B4,0
9,12,12,-0.31,-0.804615,0.281223,1,All,#4682B4,0
10,12,12,-0.31,-0.447442,0.0739975,1,All,#4682B4,0
1,12,13,-0.31,-0.434665,-0.260293,1,All,#4682B4,0
2,12,13,-0.31,-0.608877,-0.204625,1,All,#4682B4,0
3,12,13,-0.31,-0.809868,-0.138314,1,All,#4682B4,0
4,12,13,-0.31,-0.770263,-0.32158,1,All,#4682B4,0
5,12,13,-0.31,-0.871479,-0.257244,1,All,#4682B4,0
6,12,13,-0.31,-1.12461,-0.357593,1,All,#4682B4,0
7,12,13,-0.31,-0.779829,-0.29096,1,All,#4682B4,0
8,12,13,-0.31,-0.570879,-0.30647,1,All,#4682B4,0
9,12,13,-0.31,-1.15919,-0.123099,1,All,#4682B4,0
10,12,13,-0.31,-1.26517,-0.333414,1,All,#4682B4,0
1,12,14,-0.31,-0.787656,-0.651357,1,All,#4682B4,0
2,12,14,-0.31,-0.384208,-0.586058,1,All,#4682B4,0
3,12,14,-0.31,-0.384871,-0.532223,1,All,#4682B4,0
4,12,14,-0.31,-1.06661,-0.726966,1,All,#4682B4,0
5,12,14,-0.31,-0.558352,-0.659918,1,All,#4682B4,0
6,12,14,-0.31,-1.3108,-0.732243,1,All,#4682B4,0
7,12,14,-0.31,-0.833516,-0.691808,1,All,#4682B4,0
8,12,14,-0.31,-0.905671,-0.705087,1,All,#4682B4,0
9,12,14,-0.31,-1.34817,-0.525074,1,All,#4682B4,0
10,12,14,-0.31,-1.77044,-0.738493,1,All,#4682B4,0
1,13,-1,-0.31,-1.98682,-0.823678,1,All,#4682B4,0
2,13,-1,-0.31,-0.973866,-0.675053,1,All,#4682B4,0
3,13,-1,-0.31,-1.16823,-0.687605,1,All,#4682B4,0
4,13,-1,-0.31,-0.955031,-0.627321,1,All,#4682B4,0
5,13,-1,-0.31,-2.14197,-0.582918,1,All,#4682B4,0
6,13,-1,-0.31,-0.541089,-0.610367,1,All,#4682B4,0
7,13,-1,-0.31,-0.825851,-0.703315,1,All,#4682B4,0
8,13,-1,-0.31,-1.311,-0.85753,1,All,#4682B4,0
9,13,-1,-0.31,-2.00031,-0.846907,1,All,#4682B4,0
10,13,-1,-0.31,-0.46744,-0.505792,1,All,#4682B4,0
1,13,0,-0.248853,-0.248853,-0.823678,0,All,#4682B4,0
2,13,0,-0.248853,-0.248853,-0.675053,0,All,#4682B4,0
3,13,0,-0.248853,-0.248853,-0.687605,0,All,#4682B4,0
4,13,0,-0.248853,-0.248853,-0.627321,0,All,#4682B4,0
5,13,0,-0.248853,-0.248853,-0.582918,0,All,#4682B4,0
6,13,0,-0.248853,-0.248853,-0.610367,0,All,#4682B4,0
7,13,0,-0.248853,-0.248853,-0.703315,0,All,#4682B4,0
8,13,0,-0.248853,-0.248853,-0.85753,0,All,#4682B4,0
9,13,0,-0.248853,-0.248853,-0.846907,0,All,#4682B4,0
10,13,0,-0.248853,-0.248853,-0.505792,0,All,#4682B4,0
1,13,1,-0.31,-1.65947,-0.950124,1,All,#4682B4,0
2,13,1,-0.31,-1.85761,-0.832222,1,All,#4682B4,0
3,13,1,-0.31,-0.795362,-0.751443,1,All,#4682B4,0
4,13,1,-0.31,-0.738251,-0.679834,1,All,#4682B4,0
5,13,1,-0.31,-1.76009,-0.727301,1,All,#4682B4,0
6,13,1,-0.31,-0.62316,-0.670196,1,All,#4682B4,0
7,13,1,-0.31,-1.29318,-0.756101,1,All,#4682B4,0
8,13,1,-0.31,-1.45074,-0.994946,1,All,#4682B4,0
9,13,1,-0.31,-1.13199,-0.895069,1,All,#4682B4,0
10,13,1,-0.31,-1.2011,-0.643368,1,All,#4682B4,0
1,13,2,-0.31,-1.82816,-1.23612,1,All,#4682B4,0
2,13,2,-0.31,-1.51603,-1.13186,1,All,#4682B4,0
3,13,2,-0.31,-1.68666,-1.10775,1,All,#4682B4,0
4,13,2,-0.31,-0.786773,-1.06077,1,All,#4682B4,0
5,13,2,-0.31,-1.67103,-1.06351,1,All,#4682B4,0
6,13,2,-0.31,-0.648092,-1.05711,1,All,#4682B4,0
7,13,2,-0.31,-1.7426,-1.13643,1,All,#4682B4,0
8,13,2,-0.31,-1.5061,-1.28274,1,All,#4682B4,0
9,13,2,-0.31,-0.674762,-1.27562,1,All,#4682B4,0
10,13,2,-0.31,-0.558779,-0.979789,1,All,#4682B4,0
1,13,3,-0.31,-1.15888,0.0015729,1,All,#4682B4,0
2,13,3,-0.31,-1.35326,0.103295,1,All,#4682B4,0
3,13,3,-0.31,-0.576707,-0.0835116,1,All,#4682B4,0
4,13,3,-0.31,-0.332272,-0.118197,1,All,#4682B4,0
5,13,3,-0.31,-0.819017,0.0171301,1,All,#4682B4,0
6,13,3,-0.31,-0.749586,-0.156588,1,All,#4682B4,0
7,13,3,-0.31,-0.749161,-0.147321,1,All,#4682B4,0
8,13,3,-0.31,-0.990328,0.0401829,1,All,#4682B4,0
9,13,3,-0.31,-1.61153,-0.222788,1,All,#4682B4,0
10,13,3,-0.31,-0.344081,0.100447,1,All,#4682B4,0
1,13,4,1.04712,1.04712,1.16689,0,All,#4682B4,0
2,13,4,1.04712,1.04712,1.34685,0,All,#4682B4,0
3,13,4,1.04712,1.04712,1.09925,0,All,#4682B4,0
4,13,4,1.04712,1.04712,1.23406,0,All,#4682B4,0
5,13,4,1.04712,1.04712,1.22728,0,All,#4682B4,0
6,13,4,1.04712,1.04712,1.31066,0,All,#4682B4,0
7,13,4,1.04712,1.04712,1.27419,0,All,#4682B4,0
8,13,4,1.04712,1.04712,1.33013,0,All,#4682B4,0
9,13,4,1.04712,1.04712,1.30904,0,All,#4682B4,0
10,13,4,1.04712,1.04712,1.30184,0,All,#4682B4,0
1,13,5,1.18861,1.18861,1.71257,0,All,#4682B4,0
2,13,5,1.18861,1.18861,1.86084,0,All,#4682B4,0
3,13,5,1.18861,1.18861,1.6639,0,All,#4682B4,0
4,13,5,1.18861,1.18861,1.82781,0,All,#4682B4,0
5,13,5,1.18861,1.18861,1.71357,0,All,#4682B4,0
6,13,5,1.18861,1.18861,1.94131,0,All,#4682B4,0
7,13,5,1.18861,1.18861,1.89272,0,All,#4682B4,0
8,13,5,1.18861,1.18861,1.88646,0,All,#4682B4,0
9,13,5,1.18861,1.18861,1.95501,0,All,#4682B4,0
10,13,5,1.18861,1.18861,1.81587,0,All,#4682B4,0
1,13,6,1.63102,1.63102,1.64977,0,All,#4682B4,0
2,13,6,1.63102,1.63102,1.71396,0,All,#4682B4,0
3,13,6,1.63102,1.63102,1.63173,0,All,#4682B4,0
4,13,6,1.63102,1.63102,1.69873,0,All,#4682B4,0
5,13,6,1.63102,1.63102,1.55511,0,All,#4682B4,0
6,13,6,1.63102,1.63102,1.7791,0,All,#4682B4,0
7,13,6,1.63102,1.63102,1.74203,0,All,#4682B4,0
8,13,6,1.63102,1.63102,1.75111,0,All,#4682B4,0
9,13,6,1.63102,1.63102,1.78451,0,All,#4682B4,0
10,13,6,1.63102,1.63102,1.69854,0,All,#4682B4,0
1,13,7,0.950194,0.950194,1.34675,0,All,#4682B4,0
2,13,7,0.950194,0.950194,1.3754,0,All,#4682B4,0
3,13,7,0.950194,0.950194,1.34541,0,All,#4682B4,0
4,13,7,0.950194,0.950194,1.35873,0,All,#4682B4,0
5,13,7,0.950194,0.950194,1.21145,0,All,#4682B4,0
6,13,7,0.950194,0.950194,1.4256,0,All,#4682B4,0
7,13,7,0.950194,0.950194,1.38731,0,All,#4682B4,0
8,13,7,0.950194,0.950194,1.40791,0,All,#4682B4,0
9,13,7,0.950194,0.950194,1.43616,0,All,#4682B4,0
10,13,7,0.950194,0.950194,1.37818,0,All,#4682B4,0
1,13,8,1.45522,1.45522,0.998245,0,All,#4682B4,0
2,13,8,1.45522,1.45522,1.00792,0,All,#4682B4,0
3,13,8,1.45522,1.45522,1.00789,0,All,#4682B4,0
4,13,8,1.45522,1.45522,0.988362,0,All,#4682B4,0
5,13,8,1.45522,1.45522,0.841099,0,All,#4682B4,0
6,13,8,1.45522,1.45522,1.04901,0,All,#4682B4,0
7,13,8,1.45522,1.45522,1.00449,0,All,#4682B4,0
8,13,8,1.45522,1.45522,1.03045,0,All,#4682B4,0
9,13,8,1.45522,1.45522,1.07092,0,All,#4682B4,0
10,13,8,1.45522,1.45522,1.02746,0,All,#4682B4,0
1,13,9,1.10824,1.10824,0.670277,0,All,#4682B4,0
2,13,9,1.10824,1.10824,0.660334,0,All,#4682B4,0
3,13,9,1.10824,1.10824,0.694807,0,All,#4682B4,0
4,13,9,1.10824,1.10824,0.637835,0,All,#4682B4,0
5,13,9,1.10824,1.10824,0.491006,0,All,#4682B4,0
6,13,9,1.10824,1.10824,0.691008,0,All,#4682B4,0
7,13,9,1.10824,1.10824,0.630769,0,All,#4682B4,0
8,13,9,1.10824,1.10824,0.660202,0,All,#4682B4,0
9,13,9,1.10824,1.10824,0.745573,0,All,#4682B4,0
10,13,9,1.10824,1.10824,0.709849,0,All,#4682B4,0
1,13,10,0.485702,0.485702,0.446559,0,All,#4682B4,0
2,13,10,0.485702,0.485702,0.412387,0,All,#4682B4,0
3,13,10,0.485702,0.485702,0.497212,0,All,#4682B4,0
4,13,10,0.485702,0.485702,0.390289,0,All,#4682B4,0
5,13,10,0.485702,0.485702,0.241115,0,All,#4682B4,0
6,13,10,0.485702,0.485702,0.432194,0,All,#4682B4,0
7,13,10,0.485702,0.485702,0.318953,0,All,#4682B4,0
8,13,10,0.485702,0.485702,0.34609,0,All,#4682B4,0
9,13,10,0.485702,0.485702,0.588526,0,All,#4682B4,0
10,13,10,0.485702,0.485702,0.526471,0,All,#4682B4,0
1,13,11,-0.31,-0.328049,0.454153,1,All,#4682B4,0
2,13,11,-0.31,-0.32269,0.421151,1,All,#4682B4,0
3,13,11,-0.31,-0.335413,0.493805,1,All,#4682B4,0
4,13,11,-0.31,-0.484709,0.405567,1,All,#4682B4,0
5,13,11,-0.31,-0.511969,0.246519,1,All,#4682B4,0
6,13,11,-0.31,-0.618927,0.455706,1,All,#4682B4,0
7,13,11,-0.31,-0.902683,0.220678,1,All,#4682B4,0
8,13,11,-0.31,-1.19828,0.219753,1,All,#4682B4,0
9,13,11,-0.31,-0.373386,0.748413,1,All,#4682B4,0
10,13,11,-0.31,-0.815335,0.605214,1,All,#4682B4,0
1,13,12,0.802387,0.802387,0.563551,0,All,#4682B4,0
2,13,12,0.802387,0.802387,0.625689,0,All,#4682B4,0
3,13,12,0.802387,0.802387,0.44637,0,All,#4682B4,0
4,13,12,0.802387,0.802387,0.526746,0,All,#4682B4,0
5,13,12,0.802387,0.802387,0.446933,0,All,#4682B4,0
6,13,12,0.802387,0.802387,0.714165,0,All,#4682B4,0
7,13,12,0.802387,0.802387,0.285904,0,All,#4682B4,0
8,13,12,0.802387,0.802387,0.287159,0,All,#4682B4,0
9,13,12,0.802387,0.802387,0.904964,0,All,#4682B4,0
10,13,12,0.802387,0.802387,0.831349,0,All,#4682B4,0
1,13,13,1.42953,1.42953,0.459704,0,All,#4682B4,0
2,13,13,1.42953,1.42953,0.59502,0,All,#4682B4,0
3,13,13,1.42953,1.42953,0.234416,0,All,#4682B4,0
4,13,13,1.42953,1.42953,0.470792,0,All,#4682B4,0
5,13,13,1.42953,1.42953,0.425255,0,All,#4682B4,0
6,13,13,1.42953,1.42953,0.720837,0,All,#4682B4,0
7,13,13,1.42953,1.42953,0.186974,0,All,#4682B4,0
8,13,13,1.42953,1.42953,0.240408,0,All,#4682B4,0
9,13,13,1.42953,1.42953,0.810227,0,All,#4682B4,0
10,13,13,1.42953,1.42953,0.783479,0,All,#4682B4,0
1,13,14,0.529082,0.529082,0.171797,0,All,#4682B4,0
2,13,14,0.529082,0.529082,0.319673,0,All,#4682B4,0
3,13,14,0.529082,0.529082,-0.0913314,0,All,#4682B4,0
4,13,14,0.529082,0.529082,0.240476,0,All,#4682B4,0
5,13,14,0.529082,0.529082,0.172348,0,All,#4682B4,0
6,13,14,0.529082,0.529082,0.457352,0,All,#4682B4,0
7,13,14,0.529082,0.529082,-0.090625,0,All,#4682B4,0
8,13,14,0.529082,0.529082,0.0119419,0,All,#4682B4,0
9,13,14,0.529082,0.529082,0.534054,0,All,#4682B4,0
10,13,14,0.529082,0.529082,0.480919,0,All,#4682B4,0
1,14,-1,-0.31,-1.44944,-0.454918,1,All,#4682B4,0
2,14,-1,-0.31,-0.999319,-0.495406,1,All,#4682B4,0
3,14,-1,-0.31,-0.587847,-0.416647,1,All,#4682B4,0
4,14,-1,-0.31,-0.31317,-0.474666,1,All,#4682B4,0
5,14,-1,-0.31,-0.740719,-0.4037,1,All,#4682B4,0
6,14,-1,-0.31,-0.546975,-0.479562,1,All,#4682B4,0
7,14,-1,-0.31,-0.463099,-0.41424,1,All,#4682B4,0
8,14,-1,-0.31,-1.13896,-0.526193,1,All,#4682B4,0
9,14,-1,-0.31,-0.733764,-0.435171,1,All,#4682B4,0
10,14,-1,-0.31,-0.937982,-0.452036,1,All,#4682B4,0
1,14,0,-0.159572,-0.159572,-0.454918,0,All,#4682B4,0
2,14,0,-0.159572,-0.159572,-0.495406,0,All,#4682B4,0
3,14,0,-0.159572,-0.159572,-0.416647,0,All,#4682B4,0
4,14,0,-0.159572,-0.159572,-0.474666,0,All,#4682B4,0
5,14,0,-0.159572,-0.159572,-0.4037,0,All,#4682B4,0
6,14,0,-0.159572,-0.159572,-0.479562,0,All,#4682B4,0
7,14,0,-0.159572,-0.159572,-0.41424,0,All,#4682B4,0
8,14,0,-0.159572,-0.159572,-0.526193,0,All,#4682B4,0
9,14,0,-0.159572,-0.159572,-0.435171,0,All,#4682B4,0
10,14,0,-0.159572,-0.159572,-0.452036,0,All,#4682B4,0
1,14,1,-0.3017,-0.3017,-0.454918,0,All,#4682B4,0
2,14,1,-0.3017,-0.3017,-0.495406,0,All,#4682B4,0
3,14,1,-0.3017,-0.3017,-0.416647,0,All,#4682B4,0
4,14,1,-0.3017,-0.3017,-0.474666,0,All,#4682B4,0
5,14,1,-0.3017,-0.3017,-0.4037,0,All,#4682B4,0
6,14,1,-0.3017,-0.3017,-0.479562,0,All,#4682B4,0
7,14,1,-0.3017,-0.3017,-0.41424,0,All,#4682B4,0
8,14,1,-0.3017,-0.3017,-0.526193,0,All,#4682B4,0
9,14,1,-0.3017,-0.3017,-0.435171,0,All,#4682B4,0
10,14,1,-0.3017,-0.3017,-0.452036,0,All,#4682B4,0
1,14,2,-0.31,-0.712786,-0.517031,1,All,#4682B4,0
2,14,2,-0.31,-0.716713,-0.59735,1,All,#4682B4,0
3,14,2,-0.31,-0.876817,-0.536236,1,All,#4682B4,0
4,14,2,-0.31,-0.383564,-0.551802,1,All,#4682B4,0
5,14,2,-0.31,-0.33242,-0.541904,1,All,#4682B4,0
6,14,2,-0.31,-0.678838,-0.559849,1,All,#4682B4,0
7,14,2,-0.31,-1.43021,-0.513968,1,All,#4682B4,0
8,14,2,-0.31,-0.701137,-0.611202,1,All,#4682B4,0
9,14,2,-0.31,-0.441001,-0.420579,1,All,#4682B4,0
10,14,2,-0.31,-0.766646,-0.544692,1,All,#4682B4,0
1,14,3,0.355722,0.355722,1.54631,0,All,#4682B4,0
2,14,3,0.355722,0.355722,1.26121,0,All,#4682B4,0
3,14,3,0.355722,0.355722,1.29486,0,All,#4682B4,0
4,14,3,0.355722,0.355722,1.0578,0,All,#4682B4,0
5,14,3,0.355722,0.355722,1.15188,0,All,#4682B4,0
6,14,3,0.355722,0.355722,0.900354,0,All,#4682B4,0
7,14,3,0.355722,0.355722,1.19104,0,All,#4682B4,0
8,14,3,0.355722,0.355722,1.33186,0,All,#4682B4,0
9,14,3,0.355722,0.355722,1.49623,0,All,#4682B4,0
10,14,3,0.355722,0.355722,1.0728,0,All,#4682B4,0
1,14,4,2.10291,2.10291,2.24072,0,All,#4682B4,0
2,14,4,2.10291,2.10291,2.02716,0,All,#4682B4,0
3,14,4,2.10291,2.10291,2.0774,0,All,#4682B4,0
4,14,4,2.10291,2.10291,1.93198,0,All,#4682B4,0
5,14,4,2.10291,2.10291,2.04331,0,All,#4682B4,0
6,14,4,2.10291,2.10291,1.77423,0,All,#4682B4,0
7,14,4,2.10291,2.10291,1.9661,0,All,#4682B4,0
8,14,4,2.10291,2.10291,2.11239,0,All,#4682B4,0
9,14,4,2.10291,2.10291,2.11026,0,All,#4682B4,0
10,14,4,2.10291,2.10291,2.09813,0,All,#4682B4,0
1,14,5,2.80693,2.80693,2.25668,0,All,#4682B4,0
2,14,5,2.80693,2.80693,2.05769,0,All,#4682B4,0
3,14,5,2.80693,2.80693,2.07959,0,All,#4682B4,0
4,14,5,2.80693,2.80693,2.00836,0,All,#4682B4,0
5,14,5,2.80693,2.80693,2.12112,0,All,#4682B4,0
6,14,5,2.80693,2.80693,1.94767,0,All,#4682B4,0
7,14,5,2.80693,2.80693,2.02535,0,All,#4682B4,0
8,14,5,2.80693,2.80693,2.1087,0,All,#4682B4,0
9,14,5,2.80693,2.80693,2.0843,0,All,#4682B4,0
10,14,5,2.80693,2.80693,2.22016,0,All,#4682B4,0
1,14,6,2.2418,2.2418,2.03942,0,All,#4682B4,0
2,14,6,2.2418,2.2418,1.81237,0,All,#4682B4,0
3,14,6,2.2418,2.2418,1.81303,0,All,#4682B4,0
4,14,6,2.2418,2.2418,1.74563,0,All,#4682B4,0
5,14,6,2.2418,2.2418,1.87538,0,All,#4682B4,0
6,14,6,2.2418,2.2418,1.78051,0,All,#4682B4,0
7,14,6,2.2418,2.2418,1.80437,0,All,#4682B4,0
8,14,6,2.2418,2.2418,1.8307,0,All,#4682B4,0
9,14,6,2.2418,2.2418,1.80696,0,All,#4682B4,0
10,14,6,2.2418,2.2418,1.99437,0,All,#4682B4,0
1,14,7,1.58167,1.58167,1.71093,0,All,#4682B4,0
2,14,7,1.58167,1.58167,1.44699,0,All,#4682B4,0
3,14,7,1.58167,1.58167,1.44435,0,All,#4682B4,0
4,14,7,1.58167,1.58167,1.36539,0,All,#4682B4,0
5,14,7,1.58167,1.58167,1.51273,0,All,#4682B4,0
6,14,7,1.58167,1.58167,1.44044,0,All,#4682B4,0
7,14,7,1.58167,1.58167,1.45838,0,All,#4682B4,0
8,14,7,1.58167,1.58167,1.45542,0,All,#4682B4,0
9,14,7,1.58167,1.58167,1.42797,0,All,#4682B4,0
10,14,7,1.58167,1.58167,1.63136,0,All,#4682B4,0
1,14,8,1.321,1.321,1.32626,0,All,#4682B4,0
2,14,8,1.321,1.321,1.04433,0,All,#4682B4,0
3,14,8,1.321,1.321,1.04318,0,All,#4682B4,0
4,14,8,1.321,1.321,0.95927,0,All,#4682B4,0
5,14,8,1.321,1.321,1.11293,0,All,#4682B4,0
6,14,8,1.321,1.321,1.0404,0,All,#4682B4,0
7,14,8,1.321,1.321,1.06302,0,All,#4682B4,0
8,14,8,1.321,1.321,1.05177,0,All,#4682B4,0
9,14,8,1.321,1.321,1.02284,0,All,#4682B4,0
10,14,8,1.321,1.321,1.22763,0,All,#4682B4,0
1,14,9,0.853541,0.853541,0.922292,0,All,#4682B4,0
2,14,9,0.853541,0.853541,0.636447,0,All,#4682B4,0
3,14,9,0.853541,0.853541,0.635986,0,All,#4682B4,0
4,14,9,0.853541,0.853541,0.550748,0,All,#4682B4,0
5,14,9,0.853541,0.853541,0.706076,0,All,#4682B4,0
6,14,9,0.853541,0.853541,0.632114,0,All,#4682B4,0
7,14,9,0.853541,0.853541,0.65635,0,All,#4682B4,0
8,14,9,0.853541,0.853541,0.6436,0,All,#4682B4,0
9,14,9,0.853541,0.853541,0.61505,0,All,#4682B4,0
10,14,9,0.853541,0.853541,0.818661,0,All,#4682B4,0
1,14,10,0.672751,0.672751,0.515,0,All,#4682B4,0
2,14,10,0.672751,0.672751,0.22869,0,All,#4682B4,0
3,14,10,0.672751,0.672751,0.228792,0,All,#4682B4,0
4,14,10,0.672751,0.672751,0.142786,0,All,#4682B4,0
5,14,10,0.672751,0.672751,0.299021,0,All,#4682B4,0
6,14,10,0.672751,0.672751,0.22351,0,All,#4682B4,0
7,14,10,0.672751,0.672751,0.248834,0,All,#4682B4,0
8,14,10,0.672751,0.672751,0.235717,0,All,#4682B4,0
9,14,10,0.672751,0.672751,0.2082,0,All,#4682B4,0
10,14,10,0.672751,0.672751,0.40937,0,All,#4682B4,0
1,14,11,-0.31,-0.707859,0.108487,1,All,#4682B4,0
2,14,11,-0.31,-0.624839,-0.177502,1,All,#4682B4,0
3,14,11,-0.31,-0.561547,-0.175869,1,All,#4682B4,0
4,14,11,-0.31,-0.402177,-0.263194,1,All,#4682B4,0
5,14,11,-0.31,-0.32054,-0.1056,1,All,#4682B4,0
6,14,11,-0.31,-1.08785,-0.184448,1,All,#4682B4,0
7,14,11,-0.31,-1.76055,-0.15697,1,All,#4682B4,0
8,14,11,-0.31,-0.438395,-0.16967,1,All,#4682B4,0
9,14,11,-0.31,-1.43854,-0.195983,1,All,#4682B4,0
10,14,11,-0.31,-1.2304,0.000356558,1,All,#4682B4,0
1,14,12,-0.31,-0.597964,-0.294549,1,All,#4682B4,0
2,14,12,-0.31,-0.809358,-0.580782,1,All,#4682B4,0
3,14,12,-0.31,-0.872162,-0.574453,1,All,#4682B4,0
4,14,12,-0.31,-0.751283,-0.665554,1,All,#4682B4,0
5,14,12,-0.31,-0.471492,-0.504399,1,All,#4682B4,0
6,14,12,-0.31,-0.67957,-0.59134,1,All,#4682B4,0
7,14,12,-0.31,-0.448745,-0.558522,1,All,#4682B4,0
8,14,12,-0.31,-1.03548,-0.569453,1,All,#4682B4,0
9,14,12,-0.31,-0.624218,-0.596184,1,All,#4682B4,0
10,14,12,-0.31,-0.828732,-0.408062,1,All,#4682B4,0
1,14,13,-0.31,-1.24441,-0.690009,1,All,#4682B4,0
2,14,13,-0.31,-0.578153,-0.980085,1,All,#4682B4,0
3,14,13,-0.31,-1.42381,-0.961626,1,All,#4682B4,0
4,14,13,-0.31,-1.15859,-1.06258,1,All,#4682B4,0
5,14,13,-0.31,-1.41709,-0.89252,1,All,#4682B4,0
6,14,13,-0.31,-1.26966,-0.996956,1,All,#4682B4,0
7,14,13,-0.31,-0.719109,-0.952241,1,All,#4682B4,0
8,14,13,-0.31,-1.0073,-0.958208,1,All,#4682B4,0
9,14,13,-0.31,-1.19072,-0.990308,1,All,#4682B4,0
10,14,13,-0.31,-0.886855,-0.81579,1,All,#4682B4,0
1,14,14,-0.31,-1.11124,-1.0722,1,All,#4682B4,0
2,14,14,-0.31,-1.0853,-1.37436,1,All,#4682B4,0
3,14,14,-0.31,-0.683441,-1.33064,1,All,#4682B4,0
4,14,14,-0.31,-0.902835,-1.45213,1,All,#4682B4,0
5,14,14,-0.31,-1.09419,-1.264,1,All,#4682B4,0
6,14,14,-0.31,-2.3933,-1.40124,1,All,#4682B4,0
7,14,14,-0.31,-0.991062,-1.33414,1,All,#4682B4,0
8,14,14,-0.31,-0.700729,-1.32799,1,All,#4682B4,0
9,14,14,-0.31,-1.829,-1.37669,1,All,#4682B4,0
10,14,14,-0.31,-0.923485,-1.22289,1,All,#4682B4,0
1,15,-1,-0.31,-0.613407,-0.527374,1,All,#4682B4,0
2,15,-1,-0.31,-1.0738,-0.570655,1,All,#4682B4,0
3,15,-1,-0.31,-1.1124,-0.594399,1,All,#4682B4,0
4,15,-1,-0.31,-0.447617,-0.767852,1,All,#4682B4,0
5,15,-1,-0.31,-1.62012,-0.73768,1,All,#4682B4,0
6,15,-1,-0.31,-0.736724,-0.462919,1,All,#4682B4,0
7,15,-1,-0.31,-0.335399,-0.538208,1,All,#4682B4,0
8,15,-1,-0.31,-2.11731,-0.748458,1,All,#4682B4,0
9,15,-1,-0.31,-1.02744,-0.562523,1,All,#4682B4,0
10,15,-1,-0.31,-1.52633,-0.615852,1,All,#4682B4,0
1,15,0,-0.31,-1.22517,-0.527374,1,All,#4682B4,0
2,15,0,-0.31,-1.29987,-0.570655,1,All,#4682B4,0
3,15,0,-0.31,-1.22987,-0.594399,1,All,#4682B4,0
4,15,0,-0.31,-0.630097,-0.767852,1,All,#4682B4,0
5,15,0,-0.31,-0.780487,-0.73768,1,All,#4682B4,0
6,15,0,-0.31,-1.59635,-0.462919,1,All,#4682B4,0
7,15,0,-0.31,-1.35599,-0.538208,1,All,#4682B4,0
8,15,0,-0.31,-0.35454,-0.748458,1,All,#4682B4,0
9,15,0,-0.31,-1.17381,-0.562523,1,All,#4682B4,0
10,15,0,-0.31,-1.04288,-0.615852,1,All,#4682B4,0
1,15,1,-0.306273,-0.306273,-0.527374,0,All,#4682B4,0
2,15,1,-0.306273,-0.306273,-0.570655,0,All,#4682B4,0
3,15,1,-0.306273,-0.306273,-0.594399,0,All,#4682B4,0
4,15,1,-0.306273,-0.306273,-0.767852,0,All,#4682B4,0
5,15,1,-0.306273,-0.306273,-0.73768,0,All,#4682B4,0
6,15,1,-0.306273,-0.306273,-0.462919,0,All,#4682B4,0
7,15,1,-0.306273,-0.306273,-0.538208,0,All,#4682B4,0
8,15,1,-0.306273,-0.306273,-0.748458,0,All,#4682B4,0
9,15,1,-0.306273,-0.306273,-0.562523,0,All,#4682B4,0
10,15,1,-0.306273,-0.306273,-0.615852,0,All,#4682B4,0
1,15,2,-0.31,-0.490617,-0.527374,1,All,#4682B4,0
2,15,2,-0.31,-0.487217,-0.570655,1,All,#4682B4,0
3,15,2,-0.31,-1.53214,-0.784931,1,All,#4682B4,0
4,15,2,-0.31,-0.867851,-0.858119,1,All,#4682B4,0
5,15,2,-0.31,-1.16585,-0.829073,1,All,#4682B4,0
6,15,2,-0.31,-0.610877,-0.607749,1,All,#4682B4,0
7,15,2,-0.31,-1.15174,-0.630463,1,All,#4682B4,0
8,15,2,-0.31,-1.53917,-1.05477,1,All,#4682B4,0
9,15,2,-0.31,-1.05749,-0.661404,1,All,#4682B4,0
10,15,2,-0.31,-1.4229,-0.665382,1,All,#4682B4,0
1,15,3,-0.31,-1.26748,-0.81661,1,All,#4682B4,0
2,15,3,-0.31,-1.28517,-0.883845,1,All,#4682B4,0
3,15,3,-0.31,-1.08172,-1.16915,1,All,#4682B4,0
4,15,3,-0.31,-1.85065,-1.14913,1,All,#4682B4,0
5,15,3,-0.31,-1.50692,-1.19985,1,All,#4682B4,0
6,15,3,-0.31,-0.617668,-0.932122,1,All,#4682B4,0
7,15,3,-0.31,-1.43014,-0.975554,1,All,#4682B4,0
8,15,3,-0.31,-0.932295,-1.31308,1,All,#4682B4,0
9,15,3,-0.31,-1.03671,-1.02337,1,All,#4682B4,0
10,15,3,-0.31,-1.51217,-1.01381,1,All,#4682B4,0
1,15,4,-0.31,-1.15372,0.126243,1,All,#4682B4,0
2,15,4,-0.31,-0.712841,-0.248638,1,All,#4682B4,0
3,15,4,-0.31,-1.38387,-0.226799,1,All,#4682B4,0
4,15,4,-0.31,-0.350636,-0.00115982,1,All,#4682B4,0
5,15,4,-0.31,-1.43173,-0.218155,1,All,#4682B4,0
6,15,4,-0.31,-0.5469,0.14344,1,All,#4682B4,0
7,15,4,-0.31,-0.449634,0.174188,1,All,#4682B4,0
8,15,4,-0.31,-0.789374,-0.11772,1,All,#4682B4,0
9,15,4,-0.31,-0.580101,-0.0148587,1,All,#4682B4,0
10,15,4,-0.31,-0.69481,0.0733328,1,All,#4682B4,0
1,15,5,-0.167633,-0.167633,1.41872,0,All,#4682B4,0
2,15,5,-0.167633,-0.167633,1.06861,0,All,#4682B4,0
3,15,5,-0.167633,-0.167633,1.51488,0,All,#4682B4,0
4,15,5,-0.167633,-0.167633,0.96736,0,All,#4682B4,0
5,15,5,-0.167633,-0.167633,1.07614,0,All,#4682B4,0
6,15,5,-0.167633,-0.167633,1.255,0,All,#4682B4,0
7,15,5,-0.167633,-0.167633,1.39819,0,All,#4682B4,0
8,15,5,-0.167633,-0.167633,1.16406,0,All,#4682B4,0
9,15,5,-0.167633,-0.167633,1.20288,0,All,#4682B4,0
10,15,5,-0.167633,-0.167633,1.17254,0,All,#4682B4,0
1,15,6,2.45993,2.45993,1.74792,0,All,#4682B4,0
2,15,6,2.45993,2.45993,1.60989,0,All,#4682B4,0
3,15,6,2.45993,2.45993,1.91354,0,All,#4682B4,0
4,15,6,2.45993,2.45993,1.3552,0,All,#4682B4,0
5,15,6,2.45993,2.45993,1.57873,0,All,#4682B4,0
6,15,6,2.45993,2.45993,1.69184,0,All,#4682B4,0
7,15,6,2.45993,2.45993,1.85057,0,All,#4682B4,0
8,15,6,2.45993,2.45993,1.70645,0,All,#4682B4,0
9,15,6,2.45993,2.45993,1.65808,0,All,#4682B4,0
10,15,6,2.45993,2.45993,1.59557,0,All,#4682B4,0
1,15,7,3.38282,3.38282,1.50826,0,All,#4682B4,0
2,15,7,3.38282,3.38282,1.5029,0,All,#4682B4,0
3,15,7,3.38282,3.38282,1.62113,0,All,#4682B4,0
4,15,7,3.38282,3.38282,1.29388,0,All,#4682B4,0
5,15,7,3.38282,3.38282,1.42328,0,All,#4682B4,0
6,15,7,3.38282,3.38282,1.55492,0,All,#4682B4,0
7,15,7,3.38282,3.38282,1.68529,0,All,#4682B4,0
8,15,7,3.38282,3.38282,1.55407,0,All,#4682B4,0
9,15,7,3.38282,3.38282,1.49075,0,All,#4682B4,0
10,15,7,3.38282,3.38282,1.46738,0,All,#4682B4,0
1,15,8,1.24408,1.24408,1.15062,0,All,#4682B4,0
2,15,8,1.24408,1.24408,1.18561,0,All,#4682B4,0
3,15,8,1.24408,1.24408,1.2532,0,All,#4682B4,0
4,15,8,1.24408,1.24408,1.04682,0,All,#4682B4,0
5,15,8,1.24408,1.24408,1.09282,0,All,#4682B4,0
6,15,8,1.24408,1.24408,1.23221,0,All,#4682B4,0
7,15,8,1.24408,1.24408,1.35432,0,All,#4682B4,0
8,15,8,1.24408,1.24408,1.22722,0,All,#4682B4,0
9,15,8,1.24408,1.24408,1.15613,0,All,#4682B4,0
10,15,8,1.24408,1.24408,1.14378,0,All,#4682B4,0
1,15,9,1.21568,1.21568,0.788675,0,All,#4682B4,0
2,15,9,1.21568,1.21568,0.838125,0,All,#4682B4,0
3,15,9,1.21568,1.21568,0.883257,0,All,#4682B4,0
4,15,9,1.21568,1.21568,0.769426,0,All,#4682B4,0
5,15,9,1.21568,1.21568,0.740204,0,All,#4682B4,0
6,15,9,1.21568,1.21568,0.883273,0,All,#4682B4,0
7,15,9,1.21568,1.21568,1.00727,0,All,#4682B4,0
8,15,9,1.21568,1.21568,0.881806,0,All,#4682B4,0
9,15,9,1.21568,1.21568,0.802449,0,All,#4682B4,0
10,15,9,1.21568,1.21568,0.785685,0,All,#4682B4,0
1,15,10,-0.124272,-0.124272,0.486693,0,All,#4682B4,0
2,15,10,-0.124272,-0.124272,0.531162,0,All,#4682B4,0
3,15,10,-0.124272,-0.124272,0.552302,0,All,#4682B4,0
4,15,10,-0.124272,-0.124272,0.547434,0,All,#4682B4,0
5,15,10,-0.124272,-0.124272,0.423703,0,All,#4682B4,0
6,15,10,-0.124272,-0.124272,0.572472,0,All,#4682B4,0
7,15,10,-0.124272,-0.124272,0.712971,0,All,#4682B4,0
8,15,10,-0.124272,-0.124272,0.580979,0,All,#4682B4,0
9,15,10,-0.124272,-0.124272,0.491775,0,All,#4682B4,0
10,15,10,-0.124272,-0.124272,0.448502,0,All,#4682B4,0
1,15,11,-0.31,-0.440326,0.385935,1,All,#4682B4,0
2,15,11,-0.31,-0.649575,0.375427,1,All,#4682B4,0
3,15,11,-0.31,-0.344159,0.353555,1,All,#4682B4,0
4,15,11,-0.31,-0.789254,0.460525,1,All,#4682B4,0
5,15,11,-0.31,-1.07175,0.239013,1,All,#4682B4,0
6,15,11,-0.31,-0.708916,0.406095,1,All,#4682B4,0
7,15,11,-0.31,-0.585305,0.59774,1,All,#4682B4,0
8,15,11,-0.31,-0.374683,0.430406,1,All,#4682B4,0
9,15,11,-0.31,-0.402581,0.337334,1,All,#4682B4,0
10,15,11,-0.31,-0.622532,0.21187,1,All,#4682B4,0
1,15,12,0.750132,0.750132,0.500773,0,All,#4682B4,0
2,15,12,0.750132,0.750132,0.28895,0,All,#4682B4,0
3,15,12,0.750132,0.750132,0.365634,0,All,#4682B4,0
4,15,12,0.750132,0.750132,0.448578,0,All,#4682B4,0
5,15,12,0.750132,0.750132,0.242191,0,All,#4682B4,0
6,15,12,0.750132,0.750132,0.455294,0,All,#4682B4,0
7,15,12,0.750132,0.750132,0.574879,0,All,#4682B4,0
8,15,12,0.750132,0.750132,0.449597,0,All,#4682B4,0
9,15,12,0.750132,0.750132,0.371407,0,All,#4682B4,0
10,15,12,0.750132,0.750132,0.130183,0,All,#4682B4,0
1,15,13,-0.156544,-0.156544,0.215994,0,All,#4682B4,0
2,15,13,-0.156544,-0.156544,-0.0334304,0,All,#4682B4,0
3,15,13,-0.156544,-0.156544,0.0798173,0,All,#4682B4,0
4,15,13,-0.156544,-0.156544,0.120743,0,All,#4682B4,0
5,15,13,-0.156544,-0.156544,0.0113414,0,All,#4682B4,0
6,15,13,-0.156544,-0.156544,0.200435,0,All,#4682B4,0
7,15,13,-0.156544,-0.156544,0.245481,0,All,#4682B4,0
8,15,13,-0.156544,-0.156544,0.216595,0,All,#4682B4,0
9,15,13,-0.156544,-0.156544,0.112911,0,All,#4682B4,0
10,15,13,-0.156544,-0.156544,-0.183085,0,All,#4682B4,0
1,15,14,-0.31,-0.724968,-0.189202,1,All,#4682B4,0
2,15,14,-0.31,-1.00991,-0.433429,1,All,#4682B4,0
3,15,14,-0.31,-0.425812,-0.326123,1,All,#4682B4,0
4,15,14,-0.31,-0.85464,-0.285474,1,All,#4682B4,0
5,15,14,-0.31,-0.531037,-0.374899,1,All,#4682B4,0
6,15,14,-0.31,-1.01314,-0.201006,1,All,#4682B4,0
7,15,14,-0.31,-0.957626,-0.159638,1,All,#4682B4,0
8,15,14,-0.31,-0.699676,-0.168041,1,All,#4682B4,0
9,15,14,-0.31,-0.45862,-0.282648,1,All,#4682B4,0
10,15,14,-0.31,-0.826541,-0.58702,1,All,#4682B4,0
1,16,-1,-0.31,-0.788524,-0.264399,1,All,#4682B4,0
2,16,-1,-0.31,-0.820463,-0.471908,1,All,#4682B4,0
3,16,-1,-0.31,-0.979752,-0.0987349,1,All,#4682B4,0
4,16,-1,-0.31,-0.537121,-0.0949045,1,All,#4682B4,0
5,16,-1,-0.31,-0.371584,-0.321071,1,All,#4682B4,0
6,16,-1,-0.31,-0.440664,-0.175635,1,All,#4682B4,0
7,16,-1,-0.31,-0.563371,-0.205859,1,All,#4682B4,0
8,16,-1,-0.31,-0.436798,0.057432,1,All,#4682B4,0
9,16,-1,-0.31,-0.722167,-0.194029,1,All,#4682B4,0
10,16,-1,-0.31,-0.495785,-0.258049,1,All,#4682B4,0
1,16,0,-0.306273,-0.306273,-0.264399,0,All,#4682B4,0
2,16,0,-0.306273,-0.306273,-0.471908,0,All,#4682B4,0
3,16,0,-0.306273,-0.306273,-0.0987349,0,All,#4682B4,0
4,16,0,-0.306273,-0.306273,-0.0949045,0,All,#4682B4,0
5,16,0,-0.306273,-0.306273,-0.321071,0,All,#4682B4,0
6,16,0,-0.306273,-0.306273,-0.175635,0,All,#4682B4,0
7,16,0,-0.306273,-0.306273,-0.205859,0,All,#4682B4,0
8,16,0,-0.306273,-0.306273,0.057432,0,All,#4682B4,0
9,16,0,-0.306273,-0.306273,-0.194029,0,All,#4682B4,0
10,16,0,-0.306273,-0.306273,-0.258049,0,All,#4682B4,0
1,16,1,-0.306273,-0.306273,-0.264399,0,All,#4682B4,0
2,16,1,-0.306273,-0.306273,-0.471908,0,All,#4682B4,0
3,16,1,-0.306273,-0.306273,-0.0987349,0,All,#4682B4,0
4,16,1,-0.306273,-0.306273,-0.0949045,0,All,#4682B4,0
5,16,1,-0.306273,-0.306273,-0.321071,0,All,#4682B4,0
6,16,1,-0.306273,-0.306273,-0.175635,0,All,#4682B4,0
7,16,1,-0.306273,-0.306273,-0.205859,0,All,#4682B4,0
8,16,1,-0.306273,-0.306273,0.057432,0,All,#4682B4,0
9,16,1,-0.306273,-0.306273,-0.194029,0,All,#4682B4,0
10,16,1,-0.306273,-0.306273,-0.258049,0,All,#4682B4,0
1,16,2,-0.31,-1.34149,-0.396526,1,All,#4682B4,0
2,16,2,-0.31,-1.74905,-0.587703,1,All,#4682B4,0
3,16,2,-0.31,-0.570967,-0.145226,1,All,#4682B4,0
4,16,2,-0.31,-0.784955,-0.0949045,1,All,#4682B4,0
5,16,2,-0.31,-1.38839,-0.60309,1,All,#4682B4,0
6,16,2,-0.31,-0.686457,-0.514485,1,All,#4682B4,0
7,16,2,-0.31,-0.393112,-0.241081,1,All,#4682B4,0
8,16,2,-0.31,-1.25619,-0.198805,1,All,#4682B4,0
9,16,2,-0.31,-0.355184,-0.408106,1,All,#4682B4,0
10,16,2,-0.31,-0.713785,-0.469504,1,All,#4682B4,0
1,16,3,0.457142,0.457142,-0.756073,0,All,#4682B4,0
2,16,3,0.457142,0.457142,-0.657858,0,All,#4682B4,0
3,16,3,0.457142,0.457142,-0.473498,0,All,#4682B4,0
4,16,3,0.457142,0.457142,-0.35436,0,All,#4682B4,0
5,16,3,0.457142,0.457142,-0.55305,0,All,#4682B4,0
6,16,3,0.457142,0.457142,-0.525178,0,All,#4682B4,0
7,16,3,0.457142,0.457142,-0.599279,0,All,#4682B4,0
8,16,3,0.457142,0.457142,-0.400453,0,All,#4682B4,0
9,16,3,0.457142,0.457142,-0.547789,0,All,#4682B4,0
10,16,3,0.457142,0.457142,-0.780217,0,All,#4682B4,0
1,16,4,0.575867,0.575867,-0.0116447,0,All,#4682B4,0
2,16,4,0.575867,0.575867,0.469911,0,All,#4682B4,0
3,16,4,0.575867,0.575867,0.290043,0,All,#4682B4,0
4,16,4,0.575867,0.575867,0.569618,0,All,#4682B4,0
5,16,4,0.575867,0.575867,0.409126,0,All,#4682B4,0
6,16,4,0.575867,0.575867,0.483706,0,All,#4682B4,0
7,16,4,0.575867,0.575867,0.17521,0,All,#4682B4,0
8,16,4,0.575867,0.575867,0.511953,0,All,#4682B4,0
9,16,4,0.575867,0.575867,0.418935,0,All,#4682B4,0
10,16,4,0.575867,0.575867,-0.00879979,0,All,#4682B4,0
1,16,5,0.472006,0.472006,1.04897,0,All,#4682B4,0
2,16,5,0.472006,0.472006,1.24379,0,All,#4682B4,0
3,16,5,0.472006,0.472006,1.08421,0,All,#4682B4,0
4,16,5,0.472006,0.472006,1.27067,0,All,#4682B4,0
5,16,5,0.472006,0.472006,1.10962,0,All,#4682B4,0
6,16,5,0.472006,0.472006,1.26963,0,All,#4682B4,0
7,16,5,0.472006,0.472006,1.10451,0,All,#4682B4,0
8,16,5,0.472006,0.472006,1.31457,0,All,#4682B4,0
9,16,5,0.472006,0.472006,1.18952,0,All,#4682B4,0
10,16,5,0.472006,0.472006,0.910843,0,All,#4682B4,0
1,16,6,1.24234,1.24234,1.71883,0,All,#4682B4,0
2,16,6,1.24234,1.24234,1.66177,0,All,#4682B4,0
3,16,6,1.24234,1.24234,1.54105,0,All,#4682B4,0
4,16,6,1.24234,1.24234,1.63141,0,All,#4682B4,0
5,16,6,1.24234,1.24234,1.53229,0,All,#4682B4,0
6,16,6,1.24234,1.24234,1.71947,0,All,#4682B4,0
7,16,6,1.24234,1.24234,1.64522,0,All,#4682B4,0
8,16,6,1.24234,1.24234,1.75478,0,All,#4682B4,0
9,16,6,1.24234,1.24234,1.63366,0,All,#4682B4,0
10,16,6,1.24234,1.24234,1.5205,0,All,#4682B4,0
1,16,7,1.08179,1.08179,1.97459,0,All,#4682B4,0
2,16,7,1.08179,1.08179,1.80314,0,All,#4682B4,0
3,16,7,1.08179,1.08179,1.73119,0,All,#4682B4,0
4,16,7,1.08179,1.08179,1.75237,0,All,#4682B4,0
5,16,7,1.08179,1.08179,1.72283,0,All,#4682B4,0
6,16,7,1.08179,1.08179,1.86876,0,All,#4682B4,0
7,16,7,1.08179,1.08179,1.85587,0,All,#4682B4,0
8,16,7,1.08179,1.08179,1.8832,0,All,#4682B4,0
9,16,7,1.08179,1.08179,1.80372,0,All,#4682B4,0
10,16,7,1.08179,1.08179,1.80942,0,All,#4682B4,0
1,16,8,2.25171,2.25171,1.96928,0,All,#4682B4,0
2,16,8,2.25171,2.25171,1.77586,0,All,#4682B4,0
3,16,8,2.25171,2.25171,1.74163,0,All,#4682B4,0
4,16,8,2.25171,2.25171,1.72967,0,All,#4682B4,0
5,16,8,2.25171,2.25171,1.75499,0,All,#4682B4,0
6,16,8,2.25171,2.25171,1.84182,0,All,#4682B4,0
7,16,8,2.25171,2.25171,1.86028,0,All,#4682B4,0
8,16,8,2.25171,2.25171,1.83547,0,All,#4682B4,0
9,16,8,2.25171,2.25171,1.79999,0,All,#4682B4,0
10,16,8,2.25171,2.25171,1.85185,0,All,#4682B4,0
1,16,9,1.91963,1.91963,1.8596,0,All,#4682B4,0
2,16,9,1.91963,1.91963,1.66411,0,All,#4682B4,0
3,16,9,1.91963,1.91963,1.65141,0,All,#4682B4,0
4,16,9,1.91963,1.91963,1.62859,0,All,#4682B4,0
5,16,9,1.91963,1.91963,1.70105,0,All,#4682B4,0
6,16,9,1.91963,1.91963,1.73534,0,All,#4682B4,0
7,16,9,1.91963,1.91963,1.76853,0,All,#4682B4,0
8,16,9,1.91963,1.91963,1.70592,0,All,#4682B4,0
9,16,9,1.91963,1.91963,1.71017,0,All,#4682B4,0
10,16,9,1.91963,1.91963,1.76811,0,All,#4682B4,0
1,16,10,2.71836,2.71836,1.69637,0,All,#4682B4,0
2,16,10,2.71836,2.71836,1.50477,0,All,#4682B4,0
3,16,10,2.71836,2.71836,1.49997,0,All,#4682B4,0
4,16,10,2.71836,2.71836,1.47783,0,All,#4682B4,0
5,16,10,2.71836,2.71836,1.59196,0,All,#4682B4,0
6,16,10,2.71836,2.71836,1.58404,0,All,#4682B4,0
7,16,10,2.71836,2.71836,1.6285,0,All,#4682B4,0
8,16,10,2.71836,2.71836,1.53152,0,All,#4682B4,0
9,16,10,2.71836,2.71836,1.57458,0,All,#4682B4,0
10,16,10,2.71836,2.71836,1.62304,0,All,#4682B4,0
1,16,11,2.52734,2.52734,1.48795,0,All,#4682B4,0
2,16,11,2.52734,2.52734,1.31221,0,All,#4682B4,0
3,16,11,2.52734,2.52734,1.30229,0,All,#4682B4,0
4,16,11,2.52734,2.52734,1.28773,0,All,#4682B4,0
5,16,11,2.52734,2.52734,1.43764,0,All,#4682B4,0
6,16,11,2.52734,2.52734,1.40078,0,All,#4682B4,0
7,16,11,2.52734,2.52734,1.45824,0,All,#4682B4,0
8,16,11,2.52734,2.52734,1.32616,0,All,#4682B4,0
9,16,11,2.52734,2.52734,1.40889,0,All,#4682B4,0
10,16,11,2.52734,2.52734,1.44214,0,All,#4682B4,0
1,16,12,1.44482,1.44482,1.23755,0,All,#4682B4,0
2,16,12,1.44482,1.44482,1.09233,0,All,#4682B4,0
3,16,12,1.44482,1.44482,1.06369,0,All,#4682B4,0
4,16,12,1.44482,1.44482,1.06118,0,All,#4682B4,0
5,16,12,1.44482,1.44482,1.23885,0,All,#4682B4,0
6,16,12,1.44482,1.44482,1.19126,0,All,#4682B4,0
7,16,12,1.44482,1.44482,1.26501,0,All,#4682B4,0
8,16,12,1.44482,1.44482,1.09537,0,All,#4682B4,0
9,16,12,1.44482,1.44482,1.21929,0,All,#4682B4,0
10,16,12,1.44482,1.44482,1.23642,0,All,#4682B4,0
1,16,13,1.2237,1.2237,0.948964,0,All,#4682B4,0
2,16,13,1.2237,1.2237,0.84825,0,All,#4682B4,0
3,16,13,1.2237,1.2237,0.787061,0,All,#4682B4,0
4,16,13,1.2237,1.2237,0.799581,0,All,#4682B4,0
5,16,13,1.2237,1.2237,0.993596,0,All,#4682B4,0
6,16,13,1.2237,1.2237,0.959148,0,All,#4682B4,0
7,16,13,1.2237,1.2237,1.05211,0,All,#4682B4,0
8,16,13,1.2237,1.2237,0.842252,0,All,#4682B4,0
9,16,13,1.2237,1.2237,1.00839,0,All,#4682B4,0
10,16,13,1.2237,1.2237,1.01193,0,All,#4682B4,0
1,16,14,0.974408,0.974408,0.628873,0,All,#4682B4,0
2,16,14,0.974408,0.974408,0.582785,0,All,#4682B4,0
3,16,14,0.974408,0.974408,0.476002,0,All,#4682B4,0
4,16,14,0.974408,0.974408,0.505188,0,All,#4682B4,0
5,16,14,0.974408,0.974408,0.701191,0,All,#4682B4,0
6,16,14,0.974408,0.974408,0.708093,0,All,#4682B4,0
7,16,14,0.974408,0.974408,0.821401,0,All,#4682B4,0
8,16,14,0.974408,0.974408,0.568825,0,All,#4682B4,0
9,16,14,0.974408,0.974408,0.777465,0,All,#4682B4,0
10,16,14,0.974408,0.974408,0.773337,0,All,#4682B4,0
1,17,-1,0.128091,0.128091,-0.204132,0,All,#4682B4,0
2,17,-1,0.128091,0.128091,-0.232762,0,All,#4682B4,0
3,17,-1,0.128091,0.128091,-0.161487,0,All,#4682B4,0
4,17,-1,0.128091,0.128091,-0.301346,0,All,#4682B4,0
5,17,-1,0.128091,0.128091,-0.434983,0,All,#4682B4,0
6,17,-1,0.128091,0.128091,-0.0750688,0,All,#4682B4,0
7,17,-1,0.128091,0.128091,-0.162384,0,All,#4682B4,0
8,17,-1,0.128091,0.128091,-0.181309,0,All,#4682B4,0
9,17,-1,0.128091,0.128091,-0.178346,0,All,#4682B4,0
10,17,-1,0.128091,0.128091,-0.17271,0,All,#4682B4,0
1,17,0,-0.086077,-0.086077,-0.204132,0,All,#4682B4,0
2,17,0,-0.086077,-0.086077,-0.232762,0,All,#4682B4,0
3,17,0,-0.086077,-0.086077,-0.161487,0,All,#4682B4,0
4,17,0,-0.086077,-0.086077,-0.301346,0,All,#4682B4,0
5,17,0,-0.086077,-0.086077,-0.434983,0,All,#4682B4,0
6,17,0,-0.086077,-0.086077,-0.0750688,0,All,#4682B4,0
7,17,0,-0.086077,-0.086077,-0.162384,0,All,#4682B4,0
8,17,0,-0.086077,-0.086077,-0.181309,0,All,#4682B4,0
9,17,0,-0.086077,-0.086077,-0.178346,0,All,#4682B4,0
10,17,0,-0.086077,-0.086077,-0.17271,0,All,#4682B4,0
1,17,1,-0.306273,-0.306273,-0.204132,0,All,#4682B4,0
2,17,1,-0.306273,-0.306273,-0.232762,0,All,#4682B4,0
3,17,1,-0.306273,-0.306273,-0.161487,0,All,#4682B4,0
4,17,1,-0.306273,-0.306273,-0.301346,0,All,#4682B4,0
5,17,1,-0.306273,-0.306273,-0.434983,0,All,#4682B4,0
6,17,1,-0.306273,-0.306273,-0.0750688,0,All,#4682B4,0
7,17,1,-0.306273,-0.306273,-0.162384,0,All,#4682B4,0
8,17,1,-0.306273,-0.306273,-0.181309,0,All,#4682B4,0
9,17,1,-0.306273,-0.306273,-0.178346,0,All,#4682B4,0
10,17,1,-0.306273,-0.306273,-0.17271,0,All,#4682B4,0
1,17,2,-0.101092,-0.101092,-0.204132,0,All,#4682B4,0
2,17,2,-0.101092,-0.101092,-0.232762,0,All,#4682B4,0
3,17,2,-0.101092,-0.101092,-0.161487,0,All,#4682B4,0
4,17,2,-0.101092,-0.101092,-0.301346,0,All,#4682B4,0
5,17,2,-0.101092,-0.101092,-0.434983,0,All,#4682B4,0
6,17,2,-0.101092,-0.101092,-0.0750688,0,All,#4682B4,0
7,17,2,-0.101092,-0.101092,-0.162384,0,All,#4682B4,0
8,17,2,-0.101092,-0.101092,-0.181309,0,All,#4682B4,0
9,17,2,-0.101092,-0.101092,-0.178346,0,All,#4682B4,0
10,17,2,-0.101092,-0.101092,-0.17271,0,All,#4682B4,0
1,17,3,0.119189,0.119189,-0.435162,0,All,#4682B4,0
2,17,3,0.119189,0.119189,-0.318295,0,All,#4682B4,0
3,17,3,0.119189,0.119189,-0.242315,0,All,#4682B4,0
4,17,3,0.119189,0.119189,-0.662496,0,All,#4682B4,0
5,17,3,0.119189,0.119189,-0.565553,0,All,#4682B4,0
6,17,3,0.119189,0.119189,-0.201921,0,All,#4682B4,0
7,17,3,0.119189,0.119189,-0.338271,0,All,#4682B4,0
8,17,3,0.119189,0.119189,-0.226203,0,All,#4682B4,0
9,17,3,0.119189,0.119189,-0.430879,0,All,#4682B4,0
10,17,3,0.119189,0.119189,-0.254233,0,All,#4682B4,0
1,17,4,0.57709,0.57709,0.0687233,0,All,#4682B4,0
2,17,4,0.57709,0.57709,0.0668765,0,All,#4682B4,0
3,17,4,0.57709,0.57709,0.245028,0,All,#4682B4,0
4,17,4,0.57709,0.57709,-0.00834118,0,All,#4682B4,0
5,17,4,0.57709,0.57709,0.13695,0,All,#4682B4,0
6,17,4,0.57709,0.57709,0.443983,0,All,#4682B4,0
7,17,4,0.57709,0.57709,-0.26602,0,All,#4682B4,0
8,17,4,0.57709,0.57709,0.175347,0,All,#4682B4,0
9,17,4,0.57709,0.57709,0.159952,0,All,#4682B4,0
10,17,4,0.57709,0.57709,0.179734,0,All,#4682B4,0
1,17,5,0.996255,0.996255,1.10596,0,All,#4682B4,0
2,17,5,0.996255,0.996255,1.21632,0,All,#4682B4,0
3,17,5,0.996255,0.996255,1.30995,0,All,#4682B4,0
4,17,5,0.996255,0.996255,1.20724,0,All,#4682B4,0
5,17,5,0.996255,0.996255,1.3297,0,All,#4682B4,0
6,17,5,0.996255,0.996255,1.47808,0,All,#4682B4,0
7,17,5,0.996255,0.996255,1.01826,0,All,#4682B4,0
8,17,5,0.996255,0.996255,1.30729,0,All,#4682B4,0
9,17,5,0.996255,0.996255,1.4753,0,All,#4682B4,0
10,17,5,0.996255,0.996255,1.28796,0,All,#4682B4,0
1,17,6,2.04031,2.04031,1.63091,0,All,#4682B4,0
2,17,6,2.04031,2.04031,1.731,0,All,#4682B4,0
3,17,6,2.04031,2.04031,1.74704,0,All,#4682B4,0
4,17,6,2.04031,2.04031,1.85519,0,All,#4682B4,0
5,17,6,2.04031,2.04031,1.82225,0,All,#4682B4,0
6,17,6,2.04031,2.04031,1.86261,0,All,#4682B4,0
7,17,6,2.04031,2.04031,1.74189,0,All,#4682B4,0
8,17,6,2.04031,2.04031,1.74206,0,All,#4682B4,0
9,17,6,2.04031,2.04031,2.06212,0,All,#4682B4,0
10,17,6,2.04031,2.04031,1.74131,0,All,#4682B4,0
1,17,7,2.51548,2.51548,1.7643,0,All,#4682B4,0
2,17,7,2.51548,2.51548,1.79143,0,All,#4682B4,0
3,17,7,2.51548,2.51548,1.78031,0,All,#4682B4,0
4,17,7,2.51548,2.51548,1.94295,0,All,#4682B4,0
5,17,7,2.51548,2.51548,1.85752,0,All,#4682B4,0
6,17,7,2.51548,2.51548,1.82739,0,All,#4682B4,0
7,17,7,2.51548,2.51548,1.89734,0,All,#4682B4,0
8,17,7,2.51548,2.51548,1.73639,0,All,#4682B4,0
9,17,7,2.51548,2.51548,2.08245,0,All,#4682B4,0
10,17,7,2.51548,2.51548,1.7632,0,All,#4682B4,0
1,17,8,1.73665,1.73665,1.6365,0,All,#4682B4,0
2,17,8,1.73665,1.73665,1.59322,0,All,#4682B4,0
3,17,8,1.73665,1.73665,1.57874,0,All,#4682B4,0
4,17,8,1.73665,1.73665,1.73543,0,All,#4682B4,0
5,17,8,1.73665,1.73665,1.6675,0,All,#4682B4,0
6,17,8,1.73665,1.73665,1.56385,0,All,#4682B4,0
7,17,8,1.73665,1.73665,1.73287,0,All,#4682B4,0
8,17,8,1.73665,1.73665,1.49066,0,All,#4682B4,0
9,17,8,1.73665,1.73665,1.85756,0,All,#4682B4,0
10,17,8,1.73665,1.73665,1.54796,0,All,#4682B4,0
1,17,9,1.08597,1.08597,1.3281,0,All,#4682B4,0
2,17,9,1.08597,1.08597,1.26296,0,All,#4682B4,0
3,17,9,1.08597,1.08597,1.24683,0,All,#4682B4,0
4,17,9,1.08597,1.08597,1.4074,0,All,#4682B4,0
5,17,9,1.08597,1.08597,1.35247,0,All,#4682B4,0
6,17,9,1.08597,1.08597,1.19359,0,All,#4682B4,0
7,17,9,1.08597,1.08597,1.42182,0,All,#4682B4,0
8,17,9,1.08597,1.08597,1.13164,0,All,#4682B4,0
9,17,9,1.08597,1.08597,1.52193,0,All,#4682B4,0
10,17,9,1.08597,1.08597,1.21495,0,All,#4682B4,0
1,17,10,1.27539,1.27539,0.936545,0,All,#4682B4,0
2,17,10,1.27539,1.27539,0.874747,0,All,#4682B4,0
3,17,10,1.27539,1.27539,0.854882,0,All,#4682B4,0
4,17,10,1.27539,1.27539,1.0282,0,All,#4682B4,0
5,17,10,1.27539,1.27539,0.97207,0,All,#4682B4,0
6,17,10,1.27539,1.27539,0.789839,0,All,#4682B4,0
7,17,10,1.27539,1.27539,1.03815,0,All,#4682B4,0
8,17,10,1.27539,1.27539,0.731938,0,All,#4682B4,0
9,17,10,1.27539,1.27539,1.13462,0,All,#4682B4,0
10,17,10,1.27539,1.27539,0.828528,0,All,#4682B4,0
1,17,11,0.951657,0.951657,0.528781,0,All,#4682B4,0
2,17,11,0.951657,0.951657,0.469956,0,All,#4682B4,0
3,17,11,0.951657,0.951657,0.44742,0,All,#4682B4,0
4,17,11,0.951657,0.951657,0.629408,0,All,#4682B4,0
5,17,11,0.951657,0.951657,0.568974,0,All,#4682B4,0
6,17,11,0.951657,0.951657,0.380987,0,All,#4682B4,0
7,17,11,0.951657,0.951657,0.632569,0,All,#4682B4,0
8,17,11,0.951657,0.951657,0.323717,0,All,#4682B4,0
9,17,11,0.951657,0.951657,0.729749,0,All,#4682B4,0
10,17,11,0.951657,0.951657,0.424314,0,All,#4682B4,0
1,17,12,-0.142103,-0.142103,0.119372,0,All,#4682B4,0
2,17,12,-0.142103,-0.142103,0.0624332,0,All,#4682B4,0
3,17,12,-0.142103,-0.142103,0.0380777,0,All,#4682B4,0
4,17,12,-0.142103,-0.142103,0.224395,0,All,#4682B4,0
5,17,12,-0.142103,-0.142103,0.161152,0,All,#4682B4,0
6,17,12,-0.142103,-0.142103,-0.0282906,0,All,#4682B4,0
7,17,12,-0.142103,-0.142103,0.223393,0,All,#4682B4,0
8,17,12,-0.142103,-0.142103,-0.0855328,0,All,#4682B4,0
9,17,12,-0.142103,-0.142103,0.321067,0,All,#4682B4,0
10,17,12,-0.142103,-0.142103,0.0163611,0,All,#4682B4,0
1,17,13,-0.1368,-0.1368,-0.290301,0,All,#4682B4,0
2,17,13,-0.1368,-0.1368,-0.344801,0,All,#4682B4,0
3,17,13,-0.1368,-0.1368,-0.371394,0,All,#4682B4,0
4,17,13,-0.1368,-0.1368,-0.182283,0,All,#4682B4,0
5,17,13,-0.1368,-0.1368,-0.247316,0,All,#4682B4,0
6,17,13,-0.1368,-0.1368,-0.437384,0,All,#4682B4,0
7,17,13,-0.1368,-0.1368,-0.1863,0,All,#4682B4,0
8,17,13,-0.1368,-0.1368,-0.494824,0,All,#4682B4,0
9,17,13,-0.1368,-0.1368,-0.0883204,0,All,#4682B4,0
10,17,13,-0.1368,-0.1368,-0.391955,0,All,#4682B4,0
1,17,14,-0.31,-1.17653,-0.700134,1,All,#4682B4,0
2,17,14,-0.31,-1.08661,-0.750373,1,All,#4682B4,0
3,17,14,-0.31,-1.27403,-0.780673,1,All,#4682B4,0
4,17,14,-0.31,-1.48515,-0.588916,1,All,#4682B4,0
5,17,14,-0.31,-0.637164,-0.655517,1,All,#4682B4,0
6,17,14,-0.31,-1.39152,-0.846096,1,All,#4682B4,0
7,17,14,-0.31,-1.12928,-0.5961,1,All,#4682B4,0
8,17,14,-0.31,-1.54014,-0.904089,1,All,#4682B4,0
9,17,14,-0.31,-1.00852,-0.497829,1,All,#4682B4,0
10,17,14,-0.31,-1.72177,-0.799423,1,All,#4682B4,0
1,18,-1,-0.201868,-0.201868,-0.388796,0,All,#4682B4,0
2,18,-1,-0.201868,-0.201868,-0.324578,0,All,#4682B4,0
3,18,-1,-0.201868,-0.201868,-0.312978,0,All,#4682B4,0
4,18,-1,-0.201868,-0.201868,-0.287017,0,All,#4682B4,0
5,18,-1,-0.201868,-0.201868,-0.573934,0,All,#4682B4,0
6,18,-1,-0.201868,-0.201868,-0.191522,0,All,#4682B4,0
7,18,-1,-0.201868,-0.201868,-0.561245,0,All,#4682B4,0
8,18,-1,-0.201868,-0.201868,-0.311873,0,All,#4682B4,0
9,18,-1,-0.201868,-0.201868,-0.213007,0,All,#4682B4,0
10,18,-1,-0.201868,-0.201868,-0.391096,0,All,#4682B4,0
1,18,0,-0.085854,-0.085854,-0.388796,0,All,#4682B4,0
2,18,0,-0.085854,-0.085854,-0.324578,0,All,#4682B4,0
3,18,0,-0.085854,-0.085854,-0.312978,0,All,#4682B4,0
4,18,0,-0.085854,-0.085854,-0.287017,0,All,#4682B4,0
5,18,0,-0.085854,-0.085854,-0.573934,0,All,#4682B4,0
6,18,0,-0.085854,-0.085854,-0.191522,0,All,#4682B4,0
7,18,0,-0.085854,-0.085854,-0.561245,0,All,#4682B4,0
8,18,0,-0.085854,-0.085854,-0.311873,0,All,#4682B4,0
9,18,0,-0.085854,-0.085854,-0.213007,0,All,#4682B4,0
10,18,0,-0.085854,-0.085854,-0.391096,0,All,#4682B4,0
1,18,1,-0.3017,-0.3017,-0.388796,0,All,#4682B4,0
2,18,1,-0.3017,-0.3017,-0.324578,0,All,#4682B4,0
3,18,1,-0.3017,-0.3017,-0.312978,0,All,#4682B4,0
4,18,1,-0.3017,-0.3017,-0.287017,0,All,#4682B4,0
5,18,1,-0.3017,-0.3017,-0.573934,0,All,#4682B4,0
6,18,1,-0.3017,-0.3017,-0.191522,0,All,#4682B4,0
7,18,1,-0.3017,-0.3017,-0.561245,0,All,#4682B4,0
8,18,1,-0.3017,-0.3017,-0.311873,0,All,#4682B4,0
9,18,1,-0.3017,-0.3017,-0.213007,0,All,#4682B4,0
10,18,1,-0.3017,-0.3017,-0.391096,0,All,#4682B4,0
1,18,2,-0.31,-1.2566,-0.388796,1,All,#4682B4,0
2,18,2,-0.31,-1.14518,-0.324578,1,All,#4682B4,0
3,18,2,-0.31,-0.603625,-0.312978,1,All,#4682B4,0
4,18,2,-0.31,-0.389852,-0.287017,1,All,#4682B4,0
5,18,2,-0.31,-0.4379,-0.573934,1,All,#4682B4,0
6,18,2,-0.31,-0.591287,-0.191522,1,All,#4682B4,0
7,18,2,-0.31,-1.42444,-0.561245,1,All,#4682B4,0
8,18,2,-0.31,-0.910615,-0.311873,1,All,#4682B4,0
9,18,2,-0.31,-0.344135,-0.213007,1,All,#4682B4,0
10,18,2,-0.31,-0.733745,-0.391096,1,All,#4682B4,0
1,18,3,-0.31,-0.658855,-0.489068,1,All,#4682B4,0
2,18,3,-0.31,-0.667836,-0.487229,1,All,#4682B4,0
3,18,3,-0.31,-0.571299,-0.482079,1,All,#4682B4,0
4,18,3,-0.31,-0.714086,-0.402976,1,All,#4682B4,0
5,18,3,-0.31,-0.452054,-0.66611,1,All,#4682B4,0
6,18,3,-0.31,-0.786884,-0.385381,1,All,#4682B4,0
7,18,3,-0.31,-0.864947,-0.685693,1,All,#4682B4,0
8,18,3,-0.31,-0.320266,-0.443703,1,All,#4682B4,0
9,18,3,-0.31,-1.71409,-0.330962,1,All,#4682B4,0
10,18,3,-0.31,-1.56281,-0.432961,1,All,#4682B4,0
1,18,4,0.729313,0.729313,0.498231,0,All,#4682B4,0
2,18,4,0.729313,0.729313,0.593291,0,All,#4682B4,0
3,18,4,0.729313,0.729313,0.515431,0,All,#4682B4,0
4,18,4,0.729313,0.729313,0.788233,0,All,#4682B4,0
5,18,4,0.729313,0.729313,0.740423,0,All,#4682B4,0
6,18,4,0.729313,0.729313,0.721522,0,All,#4682B4,0
7,18,4,0.729313,0.729313,1.00977,0,All,#4682B4,0
8,18,4,0.729313,0.729313,0.702317,0,All,#4682B4,0
9,18,4,0.729313,0.729313,0.95332,0,All,#4682B4,0
10,18,4,0.729313,0.729313,1.07265,0,All,#4682B4,0
1,18,5,1.21834,1.21834,1.35753,0,All,#4682B4,0
2,18,5,1.21834,1.21834,1.40483,0,All,#4682B4,0
3,18,5,1.21834,1.21834,1.18259,0,All,#4682B4,0
4,18,5,1.21834,1.21834,1.50464,0,All,#4682B4,0
5,18,5,1.21834,1.21834,1.51196,0,All,#4682B4,0
6,18,5,1.21834,1.21834,1.40122,0,All,#4682B4,0
7,18,5,1.21834,1.21834,1.81309,0,All,#4682B4,0
8,18,5,1.21834,1.21834,1.4487,0,All,#4682B4,0
9,18,5,1.21834,1.21834,1.59855,0,All,#4682B4,0
10,18,5,1.21834,1.21834,1.69282,0,All,#4682B4,0
1,18,6,1.87191,1.87191,1.58746,0,All,#4682B4,0
2,18,6,1.87191,1.87191,1.61124,0,All,#4682B4,0
3,18,6,1.87191,1.87191,1.4264,0,All,#4682B4,0
4,18,6,1.87191,1.87191,1.61731,0,All,#4682B4,0
5,18,6,1.87191,1.87191,1.66169,0,All,#4682B4,0
6,18,6,1.87191,1.87191,1.57239,0,All,#4682B4,0
7,18,6,1.87191,1.87191,1.84067,0,All,#4682B4,0
8,18,6,1.87191,1.87191,1.60844,0,All,#4682B4,0
9,18,6,1.87191,1.87191,1.71433,0,All,#4682B4,0
10,18,6,1.87191,1.87191,1.78266,0,All,#4682B4,0
1,18,7,1.46907,1.46907,1.40385,0,All,#4682B4,0
2,18,7,1.46907,1.46907,1.42746,0,All,#4682B4,0
3,18,7,1.46907,1.46907,1.30181,0,All,#4682B4,0
4,18,7,1.46907,1.46907,1.36835,0,All,#4682B4,0
5,18,7,1.46907,1.46907,1.47959,0,All,#4682B4,0
6,18,7,1.46907,1.46907,1.40539,0,All,#4682B4,0
7,18,7,1.46907,1.46907,1.55344,0,All,#4682B4,0
8,18,7,1.46907,1.46907,1.41193,0,All,#4682B4,0
9,18,7,1.46907,1.46907,1.50978,0,All,#4682B4,0
10,18,7,1.46907,1.46907,1.56737,0,All,#4682B4,0
1,18,8,1.0372,1.0372,1.02781,0,All,#4682B4,0
2,18,8,1.0372,1.0372,1.06302,0,All,#4682B4,0
3,18,8,1.0372,1.0372,0.94713,0,All,#4682B4,0
4,18,8,1.0372,1.0372,0.979993,0,All,#4682B4,0
5,18,8,1.0372,1.0372,1.11622,0,All,#4682B4,0
6,18,8,1.0372,1.0372,1.06264,0,All,#4682B4,0
7,18,8,1.0372,1.0372,1.16132,0,All,#4682B4,0
8,18,8,1.0372,1.0372,1.0488,0,All,#4682B4,0
9,18,8,1.0372,1.0372,1.14902,0,All,#4682B4,0
10,18,8,1.0372,1.0372,1.19579,0,All,#4682B4,0
1,18,9,0.913333,0.913333,0.620642,0,All,#4682B4,0
2,18,9,0.913333,0.913333,0.658289,0,All,#4682B4,0
3,18,9,0.913333,0.913333,0.543352,0,All,#4682B4,0
4,18,9,0.913333,0.913333,0.572119,0,All,#4682B4,0
5,18,9,0.913333,0.913333,0.711007,0,All,#4682B4,0
6,18,9,0.913333,0.913333,0.664211,0,All,#4682B4,0
7,18,9,0.913333,0.913333,0.754084,0,All,#4682B4,0
8,18,9,0.913333,0.913333,0.645104,0,All,#4682B4,0
9,18,9,0.913333,0.913333,0.744641,0,All,#4682B4,0
10,18,9,0.913333,0.913333,0.789574,0,All,#4682B4,0
1,18,10,0.78056,0.78056,0.2113,0,All,#4682B4,0
2,18,10,0.78056,0.78056,0.249453,0,All,#4682B4,0
3,18,10,0.78056,0.78056,0.134792,0,All,#4682B4,0
4,18,10,0.78056,0.78056,0.162782,0,All,#4682B4,0
5,18,10,0.78056,0.78056,0.302228,0,All,#4682B4,0
6,18,10,0.78056,0.78056,0.256527,0,All,#4682B4,0
7,18,10,0.78056,0.78056,0.34558,0,All,#4682B4,0
8,18,10,0.78056,0.78056,0.236571,0,All,#4682B4,0
9,18,10,0.78056,0.78056,0.335455,0,All,#4682B4,0
10,18,10,0.78056,0.78056,0.380767,0,All,#4682B4,0
1,18,11,-0.31,-0.561621,-0.198334,1,All,#4682B4,0
2,18,11,-0.31,-1.84895,-0.159855,1,All,#4682B4,0
3,18,11,-0.31,-0.500069,-0.274539,1,All,#4682B4,0
4,18,11,-0.31,-0.354116,-0.24675,1,All,#4682B4,0
5,18,11,-0.31,-0.559675,-0.106883,1,All,#4682B4,0
6,18,11,-0.31,-0.462691,-0.152379,1,All,#4682B4,0
7,18,11,-0.31,-0.572198,-0.0629555,1,All,#4682B4,0
8,18,11,-0.31,-0.755945,-0.17252,1,All,#4682B4,0
9,18,11,-0.31,-0.742845,-0.0740514,1,All,#4682B4,0
10,18,11,-0.31,-0.824023,-0.0281279,1,All,#4682B4,0
1,18,12,-0.31,-0.336854,-0.608046,1,All,#4682B4,0
2,18,12,-0.31,-0.483337,-0.56918,1,All,#4682B4,0
3,18,12,-0.31,-2.09547,-0.684135,1,All,#4682B4,0
4,18,12,-0.31,-0.358953,-0.656313,1,All,#4682B4,0
5,18,12,-0.31,-1.03021,-0.515962,1,All,#4682B4,0
6,18,12,-0.31,-1.24078,-0.561414,1,All,#4682B4,0
7,18,12,-0.31,-0.804894,-0.471364,1,All,#4682B4,0
8,18,12,-0.31,-0.629895,-0.58161,1,All,#4682B4,0
9,18,12,-0.31,-1.18798,-0.483477,1,All,#4682B4,0
10,18,12,-0.31,-0.315042,-0.437225,1,All,#4682B4,0
1,18,13,-0.31,-1.45821,-1.01796,1,All,#4682B4,0
2,18,13,-0.31,-0.705955,-0.978427,1,All,#4682B4,0
3,18,13,-0.31,-1.42479,-1.09407,1,All,#4682B4,0
4,18,13,-0.31,-1.32485,-1.06591,1,All,#4682B4,0
5,18,13,-0.31,-0.456728,-0.924944,1,All,#4682B4,0
6,18,13,-0.31,-1.30452,-0.97029,1,All,#4682B4,0
7,18,13,-0.31,-1.08894,-0.880033,1,All,#4682B4,0
8,18,13,-0.31,-0.663478,-0.990543,1,All,#4682B4,0
9,18,13,-0.31,-0.315753,-0.892698,1,All,#4682B4,0
10,18,13,-0.31,-0.733097,-0.845726,1,All,#4682B4,0
1,18,14,-0.31,-0.98889,-1.42773,1,All,#4682B4,0
2,18,14,-0.31,-1.2968,-1.38779,1,All,#4682B4,0
3,18,14,-0.31,-0.913516,-1.50372,1,All,#4682B4,0
4,18,14,-0.31,-0.608374,-1.47561,1,All,#4682B4,0
5,18,14,-0.31,-1.55223,-1.33403,1,All,#4682B4,0
6,18,14,-0.31,-0.931751,-1.37886,1,All,#4682B4,0
7,18,14,-0.31,-1.45974,-1.28941,1,All,#4682B4,0
8,18,14,-0.31,-1.46005,-1.39924,1,All,#4682B4,0
9,18,14,-0.31,-1.29604,-1.30162,1,All,#4682B4,0
10,18,14,-0.31,-2.04459,-1.25385,1,All,#4682B4,0
