popPred_spline_abscissa,popPred_spline,popPred_ci_abscissa,popPred_piLower,popPred_piUpper,indivPred_spline_abscissa,indivPred_spline,indivPred_ci_abscissa,indivPred_piLower,indivPred_piUpper,split
-0.969594,-0.810425,-0.969594,-1.88846,-0.0507239,-1.41735,-1.59635,-1.41735,-2.33622,-0.498476,All
-0.941108,-0.786624,-0.941108,-1.85998,-0.0222387,-1.38106,-1.54447,-1.38106,-2.29993,-0.462186,All
-0.912623,-0.762823,-0.912623,-1.83149,0.00624656,-1.34477,-1.49266,-1.34477,-2.26364,-0.425897,All
-0.884138,-0.739021,-0.884138,-1.80301,0.0347318,-1.30848,-1.44086,-1.30848,-2.22735,-0.389608,All
-0.855653,-0.71522,-0.855653,-1.77452,0.063217,-1.27219,-1.38905,-1.27219,-2.19106,-0.353318,All
-0.827168,-0.691419,-0.827168,-1.74604,0.0917022,-1.2359,-1.34318,-1.2359,-2.15477,-0.317029,All
-0.798682,-0.667617,-0.798682,-1.71755,0.120187,-1.19961,-1.29796,-1.19961,-2.11848,-0.28074,All
-0.770197,-0.643816,-0.770197,-1.68907,0.148673,-1.16332,-1.25624,-1.16332,-2.08219,-0.24445,All
-0.741712,-0.620015,-0.741712,-1.66058,0.177158,-1.12703,-1.21452,-1.12703,-2.0459,-0.208161,All
-0.713227,-0.596213,-0.713227,-1.6321,0.205643,-1.09074,-1.17413,-1.09074,-2.00961,-0.171872,All
-0.684741,-0.572412,-0.684741,-1.60361,0.234128,-1.05445,-1.13566,-1.05445,-1.97332,-0.135582,All
-0.656256,-0.548611,-0.656256,-1.57513,0.262614,-1.01816,-1.09855,-1.01816,-1.93703,-0.0992928,All
-0.627771,-0.52481,-0.627771,-1.54664,0.291099,-0.981873,-1.06333,-0.981873,-1.90074,-0.0630034,All
-0.599286,-0.501008,-0.599286,-1.51816,0.319584,-0.945584,-1.02883,-0.945584,-1.86445,-0.026714,All
-0.570801,-0.477207,-0.570801,-1.48967,0.348069,-0.909294,-0.994324,-0.909294,-1.82816,0.00957532,All
-0.542315,-0.465762,-0.542315,-1.46119,0.376554,-0.873005,-0.95982,-0.873005,-1.79187,0.0458647,All
-0.51383,-0.458802,-0.51383,-1.4327,0.40504,-0.836716,-0.927172,-0.836716,-1.75559,0.0821541,All
-0.485345,-0.451842,-0.485345,-1.40421,0.433525,-0.800426,-0.894606,-0.800426,-1.7193,0.118443,All
-0.45686,-0.444883,-0.45686,-1.37573,0.46201,-0.764137,-0.862497,-0.764137,-1.68301,0.154733,All
-0.428374,-0.437923,-0.428374,-1.34724,0.490495,-0.727848,-0.830666,-0.727848,-1.64672,0.191022,All
-0.399889,-0.395361,-0.399889,-1.31876,0.518981,-0.691558,-0.798907,-0.691558,-1.61043,0.227312,All
-0.371404,-0.363725,-0.371404,-1.29027,0.547466,-0.655269,-0.767101,-0.655269,-1.57414,0.263601,All
-0.342919,-0.333049,-0.342919,-1.26179,0.575951,-0.61898,-0.735026,-0.61898,-1.53785,0.29989,All
-0.314434,-0.302373,-0.314434,-1.2333,0.604436,-0.58269,-0.702539,-0.58269,-1.50156,0.33618,All
-0.285948,-0.271696,-0.285948,-1.20482,0.632922,-0.546401,-0.669646,-0.546401,-1.46527,0.372469,All
-0.257463,-0.24102,-0.257463,-1.17633,0.661407,-0.510111,-0.635983,-0.510111,-1.42898,0.408758,All
-0.228978,-0.210344,-0.228978,-1.14785,0.689892,-0.473822,-0.601481,-0.473822,-1.39269,0.445048,All
-0.200493,-0.179668,-0.200493,-1.11936,0.718377,-0.437533,-0.565765,-0.437533,-1.3564,0.481337,All
-0.172007,-0.149718,-0.172007,-1.09088,0.746862,-0.401243,-0.528572,-0.401243,-1.32011,0.517626,All
-0.143522,-0.127363,-0.143522,-1.06239,0.775348,-0.364954,-0.489589,-0.364954,-1.28382,0.553916,All
-0.115037,-0.105222,-0.115037,-1.03391,0.803833,-0.328665,-0.448307,-0.328665,-1.24753,0.590205,All
-0.0865517,-0.0830808,-0.0865517,-1.00542,0.832318,-0.292375,-0.404739,-0.292375,-1.21125,0.626495,All
-0.0580665,-0.0609397,-0.0580665,-0.976936,0.860803,-0.256086,-0.360646,-0.256086,-1.17496,0.662784,All
-0.0295813,-0.0387987,-0.0295813,-0.948451,0.889289,-0.219797,-0.318979,-0.219797,-1.13867,0.699073,All
-0.00109603,-0.0166576,-0.00109603,-0.919966,0.917774,-0.183507,-0.27935,-0.183507,-1.10238,0.735363,All
0.0273892,0.00548345,0.0273892,-0.891481,0.946259,-0.147218,-0.242517,-0.147218,-1.06609,0.771652,All
0.0558744,0.0276245,0.0558744,-0.862995,0.974744,-0.110928,-0.206866,-0.110928,-1.0298,0.807941,All
0.0843596,0.0497656,0.0843596,-0.83451,1.00323,-0.0746391,-0.172966,-0.0746391,-0.993509,0.844231,All
0.112845,0.0719066,0.112845,-0.806025,1.03171,-0.0383497,-0.139624,-0.0383497,-0.95722,0.88052,All
0.14133,0.0940477,0.14133,-0.77754,1.0602,-0.00206034,-0.106565,-0.00206034,-0.92093,0.916809,All
0.169815,0.116189,0.169815,-0.749054,1.08869,0.034229,-0.0734242,0.034229,-0.884641,0.953099,All
0.198301,0.13833,0.198301,-0.720569,1.11717,0.0705184,-0.0395022,0.0705184,-0.848351,0.989388,All
0.226786,0.160471,0.226786,-0.692084,1.14566,0.106808,-0.00435386,0.106808,-0.812062,1.02568,All
0.255271,0.183511,0.255271,-0.663599,1.17414,0.143097,0.0335584,0.143097,-0.775773,1.06197,All
0.283756,0.213451,0.283756,-0.635114,1.20263,0.179386,0.0722604,0.179386,-0.739483,1.09826,All
0.312241,0.243391,0.312241,-0.606628,1.23111,0.215676,0.113214,0.215676,-0.703194,1.13455,All
0.340727,0.273331,0.340727,-0.578143,1.2596,0.251965,0.15851,0.251965,-0.666905,1.17084,All
0.369212,0.303271,0.369212,-0.549658,1.28808,0.288255,0.206448,0.288255,-0.630615,1.20712,All
0.397697,0.333211,0.397697,-0.521173,1.31657,0.324544,0.258452,0.324544,-0.594326,1.24341,All
0.426182,0.363152,0.426182,-0.492687,1.34505,0.360833,0.31217,0.360833,-0.558036,1.2797,All
0.454668,0.393092,0.454668,-0.464202,1.37354,0.397123,0.367185,0.397123,-0.521747,1.31599,All
0.483153,0.423032,0.483153,-0.435717,1.40202,0.433412,0.422286,0.433412,-0.485458,1.35228,All
0.511638,0.452972,0.511638,-0.407232,1.43051,0.469701,0.476389,0.469701,-0.449168,1.38857,All
0.540123,0.482912,0.540123,-0.378747,1.45899,0.505991,0.528363,0.505991,-0.412879,1.42486,All
0.568608,0.512852,0.568608,-0.350261,1.48748,0.54228,0.577217,0.54228,-0.37659,1.46115,All
0.597094,0.542792,0.597094,-0.321776,1.51596,0.57857,0.621922,0.57857,-0.3403,1.49744,All
0.625579,0.572733,0.625579,-0.293291,1.54445,0.614859,0.661273,0.614859,-0.304011,1.53373,All
0.654064,0.602673,0.654064,-0.264806,1.57293,0.651148,0.695775,0.651148,-0.267722,1.57002,All
0.682549,0.626582,0.682549,-0.23632,1.60142,0.687438,0.727187,0.687438,-0.231432,1.60631,All
0.711035,0.649297,0.711035,-0.207835,1.6299,0.723727,0.755038,0.723727,-0.195143,1.6426,All
0.73952,0.672011,0.73952,-0.17935,1.65839,0.760016,0.7808,0.760016,-0.158853,1.67889,All
0.768005,0.694726,0.768005,-0.150865,1.68687,0.796306,0.804823,0.796306,-0.122564,1.71518,All
0.79649,0.717441,0.79649,-0.12238,1.71536,0.832595,0.828845,0.832595,-0.0862747,1.75146,All
0.824976,0.740155,0.824976,-0.0938943,1.74385,0.868884,0.852957,0.868884,-0.0499854,1.78775,All
0.853461,0.76287,0.853461,-0.0654091,1.77233,0.905174,0.878315,0.905174,-0.013696,1.82404,All
0.881946,0.785584,0.881946,-0.0369238,1.80082,0.941463,0.905541,0.941463,0.0225934,1.86033,All
0.910431,0.808299,0.910431,-0.00843862,1.8293,0.977753,0.936631,0.977753,0.0588827,1.89662,All
0.938916,0.831013,0.938916,0.0200466,1.85779,1.01404,0.970263,1.01404,0.0951721,1.93291,All
0.967402,0.853728,0.967402,0.0485318,1.88627,1.05033,1.00946,1.05033,0.131461,1.9692,All
0.995887,0.876443,0.995887,0.0770171,1.91476,1.08662,1.05334,1.08662,0.167751,2.00549,All
1.02437,0.899157,1.02437,0.105502,1.94324,1.12291,1.09967,1.12291,0.20404,2.04178,All
1.05286,0.921872,1.05286,0.133988,1.97173,1.1592,1.15005,1.1592,0.24033,2.07807,All
1.08134,0.940291,1.08134,0.162473,2.00021,1.19549,1.20328,1.19549,0.276619,2.11436,All
1.10983,0.957701,1.10983,0.190958,2.0287,1.23178,1.25825,1.23178,0.312908,2.15065,All
1.13831,0.97511,1.13831,0.219443,2.05718,1.26807,1.31393,1.26807,0.349198,2.18694,All
1.1668,1.00497,1.1668,0.247928,2.08567,1.30436,1.36967,1.30436,0.385487,2.22323,All
1.19528,1.03928,1.19528,0.276414,2.11415,1.34065,1.42378,1.34065,0.421776,2.25952,All
1.22377,1.07358,1.22377,0.304899,2.14264,1.37694,1.47716,1.37694,0.458066,2.29581,All
1.25225,1.10789,1.25225,0.333384,2.17112,1.41322,1.52879,1.41322,0.494355,2.33209,All
1.28074,1.14219,1.28074,0.361869,2.19961,1.44951,1.57644,1.44951,0.530644,2.36838,All
1.30922,1.1765,1.30922,0.390355,2.22809,1.4858,1.62073,1.4858,0.566934,2.40467,All
1.33771,1.2108,1.33771,0.41884,2.25658,1.52209,1.66369,1.52209,0.603223,2.44096,All
1.36619,1.24511,1.36619,0.447325,2.28506,1.55838,1.70348,1.55838,0.639513,2.47725,All
1.39468,1.27941,1.39468,0.47581,2.31355,1.59467,1.74108,1.59467,0.675802,2.51354,All
1.42317,1.31372,1.42317,0.504295,2.34204,1.63096,1.77674,1.63096,0.712091,2.54983,All
1.45165,1.33995,1.45165,0.532781,2.37052,1.66725,1.81071,1.66725,0.748381,2.58612,All
1.48014,1.36562,1.48014,0.561266,2.39901,1.70354,1.84328,1.70354,0.78467,2.62241,All
1.50862,1.39129,1.50862,0.589751,2.42749,1.73983,1.87491,1.73983,0.820959,2.6587,All
1.53711,1.41697,1.53711,0.618236,2.45598,1.77612,1.90638,1.77612,0.857249,2.69499,All
1.56559,1.44264,1.56559,0.646722,2.48446,1.81241,1.9383,1.81241,0.893538,2.73128,All
1.59408,1.46831,1.59408,0.675207,2.51295,1.8487,1.97125,1.8487,0.929828,2.76757,All
1.62256,1.49398,1.62256,0.703692,2.54143,1.88499,2.00643,1.88499,0.966117,2.80386,All
1.65105,1.51965,1.65105,0.732177,2.56992,1.92128,2.0436,1.92128,1.00241,2.84015,All
1.67953,1.54532,1.67953,0.760662,2.5984,1.95757,2.08446,1.95757,1.0387,2.87644,All
1.70802,1.571,1.70802,0.789148,2.62689,1.99385,2.12784,1.99385,1.07498,2.91272,All
1.7365,1.42363,1.7365,0.817633,2.65537,2.03014,2.17597,2.03014,1.11127,2.94901,All
1.76499,1.46383,1.76499,0.846118,2.68386,2.06643,2.23132,2.06643,1.14756,2.9853,All
1.79347,1.51805,1.79347,0.874603,2.71234,2.10272,2.28832,2.10272,1.18385,3.02159,All
1.82196,1.57227,1.82196,0.903089,2.74083,2.13901,2.35716,2.13901,1.22014,3.05788,All
1.85044,1.62648,1.85044,0.931574,2.76931,2.1753,2.42637,2.1753,1.25643,3.09417,All
