standEta_beta_exp_abscissa,standEta_beta_exp_cdf,standEta_delta0_abscissa,standEta_delta0_cdf,standEta_p_abscissa,standEta_p_cdf,standEta_td_abscissa,standEta_td_cdf,standEta_b_exp_abscissa,standEta_b_exp_cdf,standEta_h_0_abscissa,standEta_h_0_cdf,standEta_tc_abscissa,standEta_tc_cdf,standEta_sigma_abscissa,standEta_sigma_cdf,standEta_rho_exp_abscissa,standEta_rho_exp_cdf,standEta_alpha_exp_abscissa,standEta_alpha_exp_cdf,split
-4,0,-4,0,-4,0,-4,0,-4,0,-4,0,-4,0,-4,0,-4,0,-4,0,All
-2.33042,0.00833333,-1.5942,0.00833333,-2.88354,0.00833333,-2.17934,0.00833333,-2.15586,0.00833333,-1.68684,0.00833333,-2.12593,0.00833333,-2.08146,0.00833333,-1.6817,0.00833333,-2.34287,0.00833333,All
-2.29209,0.0166667,-1.48047,0.0166667,-2.82018,0.0166667,-1.8503,0.0166667,-1.9972,0.0166667,-1.66968,0.0166667,-1.80516,0.0166667,-2.05308,0.0166667,-1.49317,0.0166667,-2.19788,0.0166667,All
-2.24803,0.025,-1.47346,0.025,-2.77499,0.025,-1.81241,0.025,-1.73847,0.025,-1.61127,0.025,-1.72286,0.025,-2.0477,0.025,-1.46949,0.025,-2.195,0.025,All
-2.11305,0.0333333,-1.41524,0.0333333,-2.73953,0.0333333,-1.72162,0.0333333,-1.72596,0.0333333,-1.48669,0.0333333,-1.69612,0.0333333,-1.97069,0.0333333,-1.44398,0.0333333,-2.05943,0.0333333,All
-2.06839,0.0416667,-1.3464,0.0416667,-2.49999,0.0416667,-1.68789,0.0416667,-1.71124,0.0416667,-1.45794,0.0416667,-1.65505,0.0416667,-1.91892,0.0416667,-1.38856,0.0416667,-1.81445,0.0416667,All
-2.04081,0.05,-1.34086,0.05,-2.33146,0.05,-1.67647,0.05,-1.69852,0.05,-1.4565,0.05,-1.64844,0.05,-1.78807,0.05,-1.33791,0.05,-1.61494,0.05,All
-1.92615,0.0583333,-1.27289,0.0583333,-2.26954,0.0583333,-1.6645,0.0583333,-1.62258,0.0583333,-1.42241,0.0583333,-1.60013,0.0583333,-1.64901,0.0583333,-1.31861,0.0583333,-1.44439,0.0583333,All
-1.92543,0.0666667,-1.2199,0.0666667,-2.18444,0.0666667,-1.64039,0.0666667,-1.60988,0.0666667,-1.32762,0.0666667,-1.59143,0.0666667,-1.4986,0.0666667,-1.2979,0.0666667,-1.33946,0.0666667,All
-1.81035,0.075,-1.17341,0.075,-1.91732,0.075,-1.63056,0.075,-1.60131,0.075,-1.3194,0.075,-1.51509,0.075,-1.40404,0.075,-1.25409,0.075,-1.333,0.075,All
-1.6681,0.0833333,-1.16715,0.0833333,-1.60716,0.0833333,-1.59103,0.0833333,-1.58003,0.0833333,-1.3172,0.0833333,-1.42414,0.0833333,-1.29823,0.0833333,-1.25362,0.0833333,-1.29169,0.0833333,All
-1.66736,0.0916667,-1.16474,0.0916667,-1.5383,0.0916667,-1.56638,0.0916667,-1.53933,0.0916667,-1.25755,0.0916667,-1.42246,0.0916667,-1.2977,0.0916667,-1.25003,0.0916667,-1.26107,0.0916667,All
-1.63477,0.1,-1.09718,0.1,-1.47193,0.1,-1.4232,0.1,-1.52523,0.1,-1.25337,0.1,-1.38344,0.1,-1.28077,0.1,-1.23161,0.1,-1.24305,0.1,All
-1.63273,0.108333,-1.08224,0.108333,-1.43687,0.108333,-1.37083,0.108333,-1.50941,0.108333,-1.21698,0.108333,-1.36203,0.108333,-1.22002,0.108333,-1.22405,0.108333,-1.20909,0.108333,All
-1.61779,0.116667,-1.06711,0.116667,-1.29647,0.116667,-1.36137,0.116667,-1.50065,0.116667,-1.16928,0.116667,-1.24101,0.116667,-1.17152,0.116667,-1.16465,0.116667,-1.1476,0.116667,All
-1.57198,0.125,-1.05226,0.125,-1.17523,0.125,-1.35751,0.125,-1.4676,0.125,-1.15289,0.125,-1.18079,0.125,-1.12166,0.125,-1.09496,0.125,-1.14589,0.125,All
-1.55615,0.133333,-1.05139,0.133333,-1.08111,0.133333,-1.34718,0.133333,-1.45515,0.133333,-1.13433,0.133333,-1.12406,0.133333,-1.11855,0.133333,-1.0398,0.133333,-1.08747,0.133333,All
-1.53278,0.141667,-1.03622,0.141667,-1.07837,0.141667,-1.26937,0.141667,-1.41453,0.141667,-1.05317,0.141667,-1.06468,0.141667,-1.11411,0.141667,-1.01918,0.141667,-1.08489,0.141667,All
-1.42245,0.15,-1.0256,0.15,-0.956961,0.15,-1.26204,0.15,-1.41322,0.15,-1.01991,0.15,-0.973242,0.15,-0.945937,0.15,-1.01826,0.15,-1.07914,0.15,All
-1.41348,0.158333,-0.999093,0.158333,-0.952579,0.158333,-1.1988,0.158333,-1.39156,0.158333,-0.995324,0.158333,-0.938986,0.158333,-0.904904,0.158333,-1.01066,0.158333,-1.04276,0.158333,All
-1.34406,0.166667,-0.991457,0.166667,-0.899973,0.166667,-1.15137,0.166667,-1.33069,0.166667,-0.973082,0.166667,-0.854814,0.166667,-0.878223,0.166667,-0.987052,0.166667,-1.04015,0.166667,All
-1.17447,0.175,-0.989774,0.175,-0.895912,0.175,-1.13428,0.175,-1.30948,0.175,-0.954519,0.175,-0.818759,0.175,-0.872811,0.175,-0.953783,0.175,-0.998535,0.175,All
-1.09178,0.183333,-0.969429,0.183333,-0.817478,0.183333,-0.864705,0.183333,-1.28974,0.183333,-0.93898,0.183333,-0.814452,0.183333,-0.793509,0.183333,-0.923111,0.183333,-0.976353,0.183333,All
-1.07625,0.191667,-0.953657,0.191667,-0.780113,0.191667,-0.69274,0.191667,-1.27218,0.191667,-0.926478,0.191667,-0.797206,0.191667,-0.775569,0.191667,-0.91118,0.191667,-0.957997,0.191667,All
-1.03418,0.2,-0.929595,0.2,-0.737769,0.2,-0.689518,0.2,-1.26722,0.2,-0.919864,0.2,-0.76804,0.2,-0.753537,0.2,-0.859289,0.2,-0.883243,0.2,All
-1.0039,0.208333,-0.911062,0.208333,-0.714149,0.208333,-0.651587,0.208333,-1.14901,0.208333,-0.907509,0.208333,-0.764992,0.208333,-0.743141,0.208333,-0.802593,0.208333,-0.86114,0.208333,All
-0.978324,0.216667,-0.903256,0.216667,-0.672565,0.216667,-0.642292,0.216667,-1.0646,0.216667,-0.881908,0.216667,-0.750974,0.216667,-0.716883,0.216667,-0.793779,0.216667,-0.850431,0.216667,All
-0.951737,0.225,-0.887596,0.225,-0.666952,0.225,-0.638202,0.225,-1.05512,0.225,-0.881743,0.225,-0.727138,0.225,-0.603918,0.225,-0.784205,0.225,-0.829924,0.225,All
-0.834079,0.233333,-0.883306,0.233333,-0.628574,0.233333,-0.535542,0.233333,-0.956435,0.233333,-0.877766,0.233333,-0.617323,0.233333,-0.592123,0.233333,-0.752225,0.233333,-0.820439,0.233333,All
-0.831014,0.241667,-0.870838,0.241667,-0.617925,0.241667,-0.477869,0.241667,-0.912076,0.241667,-0.790354,0.241667,-0.585318,0.241667,-0.567562,0.241667,-0.742584,0.241667,-0.791612,0.241667,All
-0.760305,0.25,-0.850977,0.25,-0.586035,0.25,-0.458896,0.25,-0.907406,0.25,-0.787894,0.25,-0.55535,0.25,-0.552909,0.25,-0.735998,0.25,-0.75133,0.25,All
-0.67538,0.258333,-0.83749,0.258333,-0.584807,0.258333,-0.456013,0.258333,-0.896026,0.258333,-0.784834,0.258333,-0.554463,0.258333,-0.502827,0.258333,-0.728221,0.258333,-0.737094,0.258333,All
-0.66189,0.266667,-0.824529,0.266667,-0.51847,0.266667,-0.437694,0.266667,-0.845955,0.266667,-0.772545,0.266667,-0.529073,0.266667,-0.488782,0.266667,-0.713537,0.266667,-0.722532,0.266667,All
-0.653765,0.275,-0.815284,0.275,-0.429927,0.275,-0.414482,0.275,-0.834731,0.275,-0.767822,0.275,-0.516679,0.275,-0.442312,0.275,-0.70091,0.275,-0.721772,0.275,All
-0.596049,0.283333,-0.77776,0.283333,-0.408075,0.283333,-0.400584,0.283333,-0.785892,0.283333,-0.747273,0.283333,-0.477755,0.283333,-0.415122,0.283333,-0.697168,0.283333,-0.707525,0.283333,All
-0.577526,0.291667,-0.761879,0.291667,-0.401296,0.291667,-0.399037,0.291667,-0.722349,0.291667,-0.732606,0.291667,-0.470254,0.291667,-0.407752,0.291667,-0.681369,0.291667,-0.703366,0.291667,All
-0.516203,0.3,-0.755412,0.3,-0.340577,0.3,-0.369099,0.3,-0.629142,0.3,-0.718331,0.3,-0.453374,0.3,-0.403675,0.3,-0.675265,0.3,-0.686097,0.3,All
-0.410661,0.308333,-0.741463,0.308333,-0.329058,0.308333,-0.365839,0.308333,-0.612547,0.308333,-0.694742,0.308333,-0.438596,0.308333,-0.396594,0.308333,-0.644225,0.308333,-0.6734,0.308333,All
-0.375557,0.316667,-0.730656,0.316667,-0.3232,0.316667,-0.358248,0.316667,-0.581105,0.316667,-0.693189,0.316667,-0.43688,0.316667,-0.385425,0.316667,-0.628456,0.316667,-0.643066,0.316667,All
-0.345138,0.325,-0.695174,0.325,-0.308495,0.325,-0.353455,0.325,-0.548938,0.325,-0.691557,0.325,-0.418451,0.325,-0.361551,0.325,-0.612578,0.325,-0.641156,0.325,All
-0.316171,0.333333,-0.685653,0.333333,-0.269477,0.333333,-0.338818,0.333333,-0.473718,0.333333,-0.67346,0.333333,-0.401812,0.333333,-0.329278,0.333333,-0.572012,0.333333,-0.581493,0.333333,All
-0.271968,0.341667,-0.677217,0.341667,-0.191973,0.341667,-0.333486,0.341667,-0.408945,0.341667,-0.671543,0.341667,-0.397831,0.341667,-0.314777,0.341667,-0.554287,0.341667,-0.575949,0.341667,All
-0.261083,0.35,-0.671936,0.35,-0.11086,0.35,-0.305006,0.35,-0.341623,0.35,-0.668038,0.35,-0.395767,0.35,-0.300683,0.35,-0.551961,0.35,-0.561518,0.35,All
-0.237175,0.358333,-0.61783,0.358333,-0.105703,0.358333,-0.30308,0.358333,-0.339903,0.358333,-0.64518,0.358333,-0.388526,0.358333,-0.260884,0.358333,-0.547499,0.358333,-0.533829,0.358333,All
-0.229761,0.366667,-0.593514,0.366667,-0.102366,0.366667,-0.284263,0.366667,-0.330205,0.366667,-0.642533,0.366667,-0.380547,0.366667,-0.256834,0.366667,-0.540893,0.366667,-0.51523,0.366667,All
-0.206085,0.375,-0.574756,0.375,-0.100377,0.375,-0.265476,0.375,-0.288106,0.375,-0.642449,0.375,-0.36667,0.375,-0.237235,0.375,-0.53636,0.375,-0.500515,0.375,All
-0.19943,0.383333,-0.556129,0.383333,-0.0523345,0.383333,-0.234673,0.383333,-0.286711,0.383333,-0.637084,0.383333,-0.352716,0.383333,-0.235085,0.383333,-0.505187,0.383333,-0.477717,0.383333,All
-0.194763,0.391667,-0.552773,0.391667,-0.0426321,0.391667,-0.122281,0.391667,-0.256163,0.391667,-0.63598,0.391667,-0.350513,0.391667,-0.222886,0.391667,-0.502451,0.391667,-0.468552,0.391667,All
-0.169523,0.4,-0.541234,0.4,-0.0414691,0.4,-0.0863859,0.4,-0.254412,0.4,-0.635185,0.4,-0.33323,0.4,-0.214334,0.4,-0.500984,0.4,-0.462282,0.4,All
-0.166105,0.408333,-0.510273,0.408333,-0.0361226,0.408333,-0.0823748,0.408333,-0.198005,0.408333,-0.628487,0.408333,-0.312383,0.408333,-0.18608,0.408333,-0.491535,0.408333,-0.434586,0.408333,All
-0.164065,0.416667,-0.490735,0.416667,-0.0347285,0.416667,-0.0516172,0.416667,-0.186835,0.416667,-0.615969,0.416667,-0.304119,0.416667,-0.184906,0.416667,-0.489838,0.416667,-0.402181,0.416667,All
-0.152926,0.425,-0.476424,0.425,0.00342961,0.425,-0.00522114,0.425,0.000487388,0.425,-0.604416,0.425,-0.240263,0.425,-0.15735,0.425,-0.47447,0.425,-0.367673,0.425,All
-0.146401,0.433333,-0.467827,0.433333,0.0806932,0.433333,0.00574205,0.433333,0.051088,0.433333,-0.584998,0.433333,-0.238792,0.433333,-0.146695,0.433333,-0.446365,0.433333,-0.316631,0.433333,All
-0.130784,0.441667,-0.466002,0.441667,0.0811144,0.441667,0.00869843,0.441667,0.0644796,0.441667,-0.577566,0.441667,-0.204605,0.441667,-0.141185,0.441667,-0.420314,0.441667,-0.282252,0.441667,All
-0.106561,0.45,-0.435653,0.45,0.0830371,0.45,0.0121562,0.45,0.106818,0.45,-0.499493,0.45,-0.201202,0.45,-0.0445248,0.45,-0.418608,0.45,-0.278393,0.45,All
-0.0934973,0.458333,-0.383349,0.458333,0.1283,0.458333,0.0242466,0.458333,0.137332,0.458333,-0.400859,0.458333,-0.195519,0.458333,-0.0333703,0.458333,-0.417649,0.458333,-0.256462,0.458333,All
-0.0300163,0.466667,-0.361876,0.466667,0.144365,0.466667,0.0297729,0.466667,0.239156,0.466667,-0.397926,0.466667,-0.194366,0.466667,-0.0199119,0.466667,-0.403883,0.466667,-0.234504,0.466667,All
-0.0151767,0.475,-0.358844,0.475,0.150865,0.475,0.0443847,0.475,0.251623,0.475,-0.381517,0.475,-0.188672,0.475,0.00366312,0.475,-0.354574,0.475,-0.234073,0.475,All
-0.00883946,0.483333,-0.345028,0.483333,0.162207,0.483333,0.0465217,0.483333,0.338704,0.483333,-0.363865,0.483333,-0.181683,0.483333,0.0213812,0.483333,-0.331275,0.483333,-0.219776,0.483333,All
-0.000721578,0.491667,-0.319802,0.491667,0.185471,0.491667,0.0468063,0.491667,0.355341,0.491667,-0.351537,0.491667,-0.178153,0.491667,0.0228176,0.491667,-0.267119,0.491667,-0.213359,0.491667,All
0.0243763,0.5,-0.318275,0.5,0.190318,0.5,0.0555764,0.5,0.388474,0.5,-0.323123,0.5,-0.12931,0.5,0.043686,0.5,-0.254538,0.5,-0.18905,0.5,All
0.033305,0.508333,-0.292145,0.508333,0.197837,0.508333,0.0571481,0.508333,0.39109,0.508333,-0.247074,0.508333,-0.119987,0.508333,0.0921415,0.508333,-0.237727,0.508333,-0.186366,0.508333,All
0.0338748,0.516667,-0.285932,0.516667,0.239722,0.516667,0.061501,0.516667,0.430977,0.516667,-0.217794,0.516667,-0.0648175,0.516667,0.0955182,0.516667,-0.204567,0.516667,-0.150501,0.516667,All
0.0583457,0.525,-0.255113,0.525,0.246007,0.525,0.0713115,0.525,0.467997,0.525,-0.21617,0.525,-0.0566528,0.525,0.0962801,0.525,-0.184479,0.525,-0.0642431,0.525,All
0.0772471,0.533333,-0.226187,0.533333,0.250752,0.533333,0.0808187,0.533333,0.487398,0.533333,-0.168955,0.533333,-0.048341,0.533333,0.0971692,0.533333,-0.165157,0.533333,-0.0570297,0.533333,All
0.0921013,0.541667,-0.21536,0.541667,0.283507,0.541667,0.0876174,0.541667,0.494524,0.541667,-0.127937,0.541667,-0.0481148,0.541667,0.10586,0.541667,-0.148688,0.541667,-0.0483164,0.541667,All
0.10868,0.55,-0.192816,0.55,0.294418,0.55,0.0902616,0.55,0.520457,0.55,0.0249373,0.55,-0.03812,0.55,0.113789,0.55,-0.00935777,0.55,-0.0403853,0.55,All
0.229054,0.558333,-0.0893257,0.558333,0.310106,0.558333,0.102572,0.558333,0.539525,0.558333,0.0255454,0.558333,-0.0137951,0.558333,0.123181,0.558333,-0.00308695,0.558333,-0.0286844,0.558333,All
0.243415,0.566667,-0.082354,0.566667,0.325828,0.566667,0.112923,0.566667,0.542971,0.566667,0.0459646,0.566667,0.00100403,0.566667,0.12655,0.566667,0.00426531,0.566667,0.00550881,0.566667,All
0.269691,0.575,-0.0470125,0.575,0.326054,0.575,0.119059,0.575,0.58577,0.575,0.0664733,0.575,0.0159488,0.575,0.148477,0.575,0.291397,0.575,0.0172587,0.575,All
0.290821,0.583333,0.0186381,0.583333,0.359591,0.583333,0.149796,0.583333,0.592583,0.583333,0.0949264,0.583333,0.0199058,0.583333,0.149239,0.583333,0.295022,0.583333,0.0238038,0.583333,All
0.329511,0.591667,0.0735914,0.591667,0.395352,0.591667,0.150842,0.591667,0.621134,0.591667,0.176182,0.591667,0.0236234,0.591667,0.153876,0.591667,0.318523,0.591667,0.03358,0.591667,All
0.360636,0.6,0.0781772,0.6,0.395591,0.6,0.169866,0.6,0.6229,0.6,0.177208,0.6,0.0412688,0.6,0.15903,0.6,0.356043,0.6,0.0343453,0.6,All
0.429148,0.608333,0.0889665,0.608333,0.4197,0.608333,0.191994,0.608333,0.631753,0.608333,0.209078,0.608333,0.0554963,0.608333,0.160215,0.608333,0.378332,0.608333,0.049465,0.608333,All
0.443062,0.616667,0.118392,0.616667,0.423167,0.616667,0.214827,0.616667,0.638188,0.616667,0.247915,0.616667,0.0780319,0.616667,0.181494,0.616667,0.381536,0.616667,0.0707752,0.616667,All
0.448248,0.625,0.194095,0.625,0.432139,0.625,0.216696,0.625,0.648409,0.625,0.409995,0.625,0.099591,0.625,0.186734,0.625,0.491109,0.625,0.0722237,0.625,All
0.448607,0.633333,0.27388,0.633333,0.439706,0.633333,0.305837,0.633333,0.68539,0.633333,0.416036,0.633333,0.108753,0.633333,0.191614,0.633333,0.527936,0.633333,0.0869333,0.633333,All
0.465464,0.641667,0.276038,0.641667,0.456859,0.641667,0.327032,0.641667,0.689077,0.641667,0.564666,0.641667,0.141299,0.641667,0.202803,0.641667,0.542091,0.641667,0.105261,0.641667,All
0.473851,0.65,0.293053,0.65,0.465583,0.65,0.345212,0.65,0.702307,0.65,0.634072,0.65,0.154589,0.65,0.26994,0.65,0.639711,0.65,0.158184,0.65,All
0.478966,0.658333,0.302005,0.658333,0.477091,0.658333,0.374454,0.658333,0.712929,0.658333,0.685288,0.658333,0.193082,0.658333,0.323325,0.658333,0.655933,0.658333,0.200286,0.658333,All
0.498211,0.666667,0.353726,0.666667,0.513704,0.666667,0.456017,0.666667,0.721882,0.666667,0.702173,0.666667,0.302169,0.666667,0.353677,0.666667,0.65812,0.666667,0.261874,0.666667,All
0.551992,0.675,0.356325,0.675,0.515515,0.675,0.487521,0.675,0.735291,0.675,0.772375,0.675,0.334791,0.675,0.389667,0.675,0.727795,0.675,0.347282,0.675,All
0.55895,0.683333,0.423993,0.683333,0.596776,0.683333,0.530099,0.683333,0.745093,0.683333,0.779371,0.683333,0.336787,0.683333,0.391589,0.683333,0.770752,0.683333,0.366821,0.683333,All
0.561669,0.691667,0.488285,0.691667,0.598942,0.691667,0.552788,0.691667,0.750982,0.691667,0.809054,0.691667,0.35075,0.691667,0.410425,0.691667,0.864582,0.691667,0.37991,0.691667,All
0.602871,0.7,0.568541,0.7,0.599861,0.7,0.557533,0.7,0.777843,0.7,0.879938,0.7,0.377038,0.7,0.415256,0.7,0.935833,0.7,0.386676,0.7,All
0.675461,0.708333,0.601292,0.708333,0.605454,0.708333,0.652668,0.708333,0.779765,0.708333,0.894105,0.708333,0.413181,0.708333,0.44608,0.708333,0.94638,0.708333,0.401618,0.708333,All
0.678892,0.716667,0.74974,0.716667,0.633332,0.716667,0.71614,0.716667,0.794633,0.716667,0.914871,0.716667,0.418302,0.716667,0.478573,0.716667,0.959754,0.716667,0.449713,0.716667,All
0.692137,0.725,0.751462,0.725,0.688114,0.725,0.718209,0.725,0.813576,0.725,0.917216,0.725,0.432315,0.725,0.514515,0.725,0.962298,0.725,0.457579,0.725,All
0.720239,0.733333,0.765933,0.733333,0.713835,0.733333,0.719688,0.733333,0.822842,0.733333,0.927886,0.733333,0.439552,0.733333,0.525993,0.733333,0.965196,0.733333,0.46167,0.733333,All
0.730027,0.741667,0.768235,0.741667,0.724135,0.741667,0.725977,0.741667,0.823772,0.741667,0.931985,0.741667,0.509146,0.741667,0.556148,0.741667,0.974301,0.741667,0.497608,0.741667,All
0.730189,0.75,0.828798,0.75,0.725912,0.75,0.740615,0.75,0.830511,0.75,0.952993,0.75,0.51963,0.75,0.564424,0.75,1.01787,0.75,0.515093,0.75,All
0.738054,0.758333,0.84534,0.758333,0.773231,0.758333,0.767685,0.758333,0.852665,0.758333,0.95918,0.758333,0.520951,0.758333,0.565137,0.758333,1.06224,0.758333,0.523613,0.758333,All
0.750514,0.766667,0.876738,0.766667,0.794171,0.766667,0.820499,0.766667,0.862633,0.766667,0.967634,0.766667,0.527295,0.766667,0.565713,0.766667,1.06494,0.766667,0.612832,0.766667,All
0.756776,0.775,0.972012,0.775,0.83217,0.775,0.842645,0.775,0.865398,0.775,1.0266,0.775,0.637081,0.775,0.573078,0.775,1.06817,0.775,0.672788,0.775,All
0.762917,0.783333,0.989559,0.783333,0.835753,0.783333,0.84511,0.783333,0.878709,0.783333,1.03708,0.783333,0.653537,0.783333,0.66065,0.783333,1.07838,0.783333,0.694621,0.783333,All
0.810588,0.791667,0.989731,0.791667,0.837971,0.791667,0.847248,0.791667,0.898483,0.791667,1.07481,0.791667,0.686359,0.791667,0.672387,0.791667,1.08974,0.791667,0.72789,0.791667,All
0.820458,0.8,0.997094,0.8,0.843253,0.8,0.852403,0.8,0.904991,0.8,1.10072,0.8,0.719564,0.8,0.833837,0.8,1.14573,0.8,0.732186,0.8,All
0.884697,0.808333,1.01159,0.808333,0.874731,0.808333,0.873,0.808333,0.905598,0.808333,1.10731,0.808333,0.891128,0.808333,0.920541,0.808333,1.16483,0.808333,0.754088,0.808333,All
0.894972,0.816667,1.01212,0.816667,0.908935,0.816667,0.875988,0.816667,0.918429,0.816667,1.10814,0.816667,0.939569,0.816667,0.939651,0.816667,1.1676,0.816667,0.83579,0.816667,All
0.895286,0.825,1.02702,0.825,0.946771,0.825,0.878238,0.825,0.926265,0.825,1.12055,0.825,1.08438,0.825,1.01482,0.825,1.17134,0.825,0.840878,0.825,All
0.924226,0.833333,1.05605,0.833333,0.98127,0.833333,0.88627,0.833333,0.937186,0.833333,1.1691,0.833333,1.12664,0.833333,1.03341,0.833333,1.255,0.833333,0.864506,0.833333,All
0.933202,0.841667,1.10948,0.841667,0.998882,0.841667,0.899786,0.841667,0.943468,0.841667,1.18915,0.841667,1.13898,0.841667,1.03589,0.841667,1.26458,0.841667,1.08831,0.841667,All
0.947837,0.85,1.1264,0.85,1.01222,0.85,0.922912,0.85,1.02162,0.85,1.20514,0.85,1.18689,0.85,1.03644,0.85,1.26942,0.85,1.1289,0.85,All
0.966033,0.858333,1.14734,0.858333,1.01469,0.858333,0.925807,0.858333,1.04426,0.858333,1.20728,0.858333,1.2697,0.858333,1.06018,0.858333,1.28114,0.858333,1.18643,0.858333,All
0.974235,0.866667,1.30469,0.866667,1.07123,0.866667,0.930764,0.866667,1.05728,0.866667,1.20881,0.866667,1.29457,0.866667,1.12344,0.866667,1.36597,0.866667,1.21964,0.866667,All
1.04702,0.875,1.31302,0.875,1.12517,0.875,0.930845,0.875,1.06601,0.875,1.2318,0.875,1.32229,0.875,1.17944,0.875,1.36946,0.875,1.22842,0.875,All
1.10937,0.883333,1.3477,0.883333,1.12653,0.883333,0.93707,0.883333,1.07645,0.883333,1.24404,0.883333,1.38069,0.883333,1.19964,0.883333,1.38056,0.883333,1.26142,0.883333,All
1.1487,0.891667,1.39403,0.891667,1.12809,0.891667,0.9476,0.891667,1.09588,0.891667,1.31305,0.891667,1.41109,0.891667,1.20115,0.891667,1.41487,0.891667,1.26858,0.891667,All
1.18039,0.9,1.40076,0.9,1.17502,0.9,0.974852,0.9,1.11367,0.9,1.3155,0.9,1.44545,0.9,1.2082,0.9,1.45173,0.9,1.30613,0.9,All
1.28769,0.908333,1.4596,0.908333,1.18916,0.908333,0.989457,0.908333,1.114,0.908333,1.35998,0.908333,1.60061,0.908333,1.25787,0.908333,1.4865,0.908333,1.30871,0.908333,All
1.32218,0.916667,1.47882,0.916667,1.1906,0.916667,0.997165,0.916667,1.11969,0.916667,1.41592,0.916667,1.60988,0.916667,1.36758,0.916667,1.52914,0.916667,1.38177,0.916667,All
1.3337,0.925,1.57445,0.925,1.19498,0.925,1.62847,0.925,1.13893,0.925,1.4283,0.925,1.68447,0.925,1.44369,0.925,1.55832,0.925,1.39553,0.925,All
1.42271,0.933333,1.60329,0.933333,1.20316,0.933333,1.7166,0.933333,1.13961,0.933333,1.47655,0.933333,1.68567,0.933333,1.59399,0.933333,1.60653,0.933333,1.39576,0.933333,All
1.47892,0.941667,1.60956,0.941667,1.32814,0.941667,1.72643,0.941667,1.15299,0.941667,1.51658,0.941667,1.68813,0.941667,1.62428,0.941667,1.61762,0.941667,1.73367,0.941667,All
1.67361,0.95,1.6697,0.95,1.34569,0.95,1.75019,0.95,1.15946,0.95,1.57875,0.95,1.6982,0.95,1.62857,0.95,1.63249,0.95,1.8407,0.95,All
1.73626,0.958333,1.71423,0.958333,1.34781,0.958333,1.75661,0.958333,1.22519,0.958333,1.66884,0.958333,1.74182,0.958333,1.80302,0.958333,1.63785,0.958333,1.88043,0.958333,All
1.78009,0.966667,1.73479,0.966667,1.43347,0.966667,1.77236,0.966667,1.23855,0.966667,1.74757,0.966667,1.75005,0.966667,1.91111,0.966667,1.65344,0.966667,1.92652,0.966667,All
2.08454,0.975,1.7597,0.975,1.47065,0.975,1.78059,0.975,1.27861,0.975,1.79091,0.975,1.77888,0.975,1.94031,0.975,1.80483,0.975,1.99626,0.975,All
2.13882,0.983333,2.02303,0.983333,1.50499,0.983333,1.79849,0.983333,1.3066,0.983333,1.81207,0.983333,1.88619,0.983333,2.07241,0.983333,2.00212,0.983333,2.07999,0.983333,All
2.18447,0.991667,2.11346,0.991667,1.62274,0.991667,1.80156,0.991667,1.42263,0.991667,1.93677,0.991667,1.92405,0.991667,2.43721,0.991667,2.23327,0.991667,2.1408,0.991667,All
2.37906,1,2.16034,1,1.64576,1,1.82436,1,1.4274,1,1.99402,1,1.95107,1,2.56264,1,2.45854,1,2.81453,1,All
4,1,4,1,4,1,4,1,4,1,4,1,4,1,4,1,4,1,4,1,All
