time,empiricalCumulatedFrequencies,median,piLower,piUpper,split
1,1,0.5,0.25,0.75,All
1.09296,1,0.5,0.25,0.75,All
1.18593,1,0.5,0.25,0.75,All
1.27889,1,0.5,0.25,0.75,All
1.37186,1,0.5,0.25,0.75,All
1.46482,1,0.5,0.25,0.75,All
1.55779,1,0.5,0.375,0.666667,All
1.65075,1,0.5,0.375,0.666667,All
1.74372,1,0.5,0.375,0.666667,All
1.83668,1,0.5,0.375,0.666667,All
1.92965,1,0.5,0.375,0.666667,All
2.02261,0.944444,0.527778,0.388889,0.666667,All
2.11558,0.944444,0.527778,0.388889,0.666667,All
2.20854,0.944444,0.527778,0.388889,0.666667,All
2.30151,0.944444,0.527778,0.388889,0.666667,All
2.39447,0.944444,0.527778,0.388889,0.666667,All
2.48744,0.944444,0.527778,0.388889,0.666667,All
2.5804,0.916667,0.520833,0.395833,0.625,All
2.67337,0.916667,0.520833,0.395833,0.625,All
2.76633,0.916667,0.520833,0.395833,0.625,All
2.8593,0.916667,0.520833,0.395833,0.625,All
2.95226,0.916667,0.520833,0.395833,0.625,All
3.04523,0.833333,0.483333,0.383333,0.6,All
3.13819,0.833333,0.483333,0.383333,0.6,All
3.23116,0.833333,0.483333,0.383333,0.6,All
3.32412,0.833333,0.483333,0.383333,0.6,All
3.41709,0.833333,0.483333,0.383333,0.6,All
3.51005,0.763889,0.472222,0.361111,0.569444,All
3.60302,0.763889,0.472222,0.361111,0.569444,All
3.69598,0.763889,0.472222,0.361111,0.569444,All
3.78894,0.763889,0.472222,0.361111,0.569444,All
3.88191,0.763889,0.472222,0.361111,0.569444,All
3.97487,0.763889,0.472222,0.361111,0.569444,All
4.06784,0.702381,0.440476,0.345238,0.535714,All
4.1608,0.702381,0.440476,0.345238,0.535714,All
4.25377,0.702381,0.440476,0.345238,0.535714,All
4.34673,0.702381,0.440476,0.345238,0.535714,All
4.4397,0.702381,0.440476,0.345238,0.535714,All
4.53266,0.666667,0.416667,0.322917,0.515625,All
4.62563,0.666667,0.416667,0.322917,0.515625,All
4.71859,0.666667,0.416667,0.322917,0.515625,All
4.81156,0.666667,0.416667,0.322917,0.515625,All
4.90452,0.666667,0.416667,0.322917,0.515625,All
4.99749,0.666667,0.416667,0.322917,0.515625,All
5.09045,0.611111,0.388889,0.305556,0.490741,All
5.18342,0.611111,0.388889,0.305556,0.490741,All
5.27638,0.611111,0.388889,0.305556,0.490741,All
5.36935,0.611111,0.388889,0.305556,0.490741,All
5.46231,0.611111,0.388889,0.305556,0.490741,All
5.55528,0.583333,0.375,0.291667,0.466667,All
5.64824,0.583333,0.375,0.291667,0.466667,All
5.74121,0.583333,0.375,0.291667,0.466667,All
5.83417,0.583333,0.375,0.291667,0.466667,All
5.92714,0.583333,0.375,0.291667,0.466667,All
6.0201,0.545455,0.363636,0.284091,0.44697,All
6.11307,0.545455,0.363636,0.284091,0.44697,All
6.20603,0.545455,0.363636,0.284091,0.44697,All
6.29899,0.545455,0.363636,0.284091,0.44697,All
6.39196,0.545455,0.363636,0.284091,0.44697,All
6.48492,0.545455,0.363636,0.284091,0.44697,All
6.57789,0.527778,0.354167,0.270833,0.4375,All
6.67085,0.527778,0.354167,0.270833,0.4375,All
6.76382,0.527778,0.354167,0.270833,0.4375,All
6.85678,0.527778,0.354167,0.270833,0.4375,All
6.94975,0.527778,0.354167,0.270833,0.4375,All
7.04271,0.5,0.352564,0.269231,0.429487,All
7.13568,0.5,0.352564,0.269231,0.429487,All
7.22864,0.5,0.352564,0.269231,0.429487,All
7.32161,0.5,0.352564,0.269231,0.429487,All
7.41457,0.5,0.352564,0.269231,0.429487,All
7.50754,0.488095,0.35119,0.267857,0.428571,All
7.6005,0.488095,0.35119,0.267857,0.428571,All
7.69347,0.488095,0.35119,0.267857,0.428571,All
7.78643,0.488095,0.35119,0.267857,0.428571,All
7.8794,0.488095,0.35119,0.267857,0.428571,All
7.97236,0.488095,0.35119,0.267857,0.428571,All
8.06533,0.488889,0.35,0.266667,0.427778,All
8.15829,0.488889,0.35,0.266667,0.427778,All
8.25126,0.488889,0.35,0.266667,0.427778,All
8.34422,0.488889,0.35,0.266667,0.427778,All
8.43719,0.488889,0.35,0.266667,0.427778,All
8.53015,0.5,0.348958,0.270833,0.434896,All
8.62312,0.5,0.348958,0.270833,0.434896,All
8.71608,0.5,0.348958,0.270833,0.434896,All
8.80905,0.5,0.348958,0.270833,0.434896,All
8.90201,0.5,0.348958,0.270833,0.434896,All
8.99497,0.5,0.348958,0.270833,0.434896,All
9.08794,0.519608,0.357843,0.27451,0.441176,All
9.1809,0.519608,0.357843,0.27451,0.441176,All
9.27387,0.519608,0.357843,0.27451,0.441176,All
9.36683,0.519608,0.357843,0.27451,0.441176,All
9.4598,0.519608,0.357843,0.27451,0.441176,All
9.55276,0.537037,0.365741,0.277778,0.449074,All
9.64573,0.537037,0.365741,0.277778,0.449074,All
9.73869,0.537037,0.365741,0.277778,0.449074,All
9.83166,0.537037,0.365741,0.277778,0.449074,All
9.92462,0.537037,0.365741,0.277778,0.449074,All
10.0176,0.54386,0.372807,0.285088,0.460526,All
10.1106,0.54386,0.372807,0.285088,0.460526,All
10.2035,0.54386,0.372807,0.285088,0.460526,All
10.2965,0.54386,0.372807,0.285088,0.460526,All
10.3894,0.54386,0.372807,0.285088,0.460526,All
10.4824,0.54386,0.372807,0.285088,0.460526,All
10.5754,0.558333,0.379167,0.295833,0.466667,All
10.6683,0.558333,0.379167,0.295833,0.466667,All
10.7613,0.558333,0.379167,0.295833,0.466667,All
10.8543,0.558333,0.379167,0.295833,0.466667,All
10.9472,0.558333,0.379167,0.295833,0.466667,All
11.0402,0.571429,0.388889,0.301587,0.480159,All
11.1332,0.571429,0.388889,0.301587,0.480159,All
11.2261,0.571429,0.388889,0.301587,0.480159,All
11.3191,0.571429,0.388889,0.301587,0.480159,All
11.4121,0.571429,0.388889,0.301587,0.480159,All
11.505,0.587121,0.397727,0.310606,0.492424,All
11.598,0.587121,0.397727,0.310606,0.492424,All
11.691,0.587121,0.397727,0.310606,0.492424,All
11.7839,0.587121,0.397727,0.310606,0.492424,All
11.8769,0.587121,0.397727,0.310606,0.492424,All
11.9698,0.587121,0.397727,0.310606,0.492424,All
12.0628,0.601449,0.405797,0.315217,0.5,All
12.1558,0.601449,0.405797,0.315217,0.5,All
12.2487,0.601449,0.405797,0.315217,0.5,All
12.3417,0.601449,0.405797,0.315217,0.5,All
12.4347,0.601449,0.405797,0.315217,0.5,All
12.5276,0.618056,0.413194,0.326389,0.503472,All
12.6206,0.618056,0.413194,0.326389,0.503472,All
12.7136,0.618056,0.413194,0.326389,0.503472,All
12.8065,0.618056,0.413194,0.326389,0.503472,All
12.8995,0.618056,0.413194,0.326389,0.503472,All
12.9925,0.618056,0.413194,0.326389,0.503472,All
13.0854,0.633333,0.423333,0.335,0.51,All
13.1784,0.633333,0.423333,0.335,0.51,All
13.2714,0.633333,0.423333,0.335,0.51,All
13.3643,0.633333,0.423333,0.335,0.51,All
13.4573,0.633333,0.423333,0.335,0.51,All
13.5503,0.647436,0.432692,0.350962,0.516026,All
13.6432,0.647436,0.432692,0.350962,0.516026,All
13.7362,0.647436,0.432692,0.350962,0.516026,All
13.8291,0.647436,0.432692,0.350962,0.516026,All
13.9221,0.647436,0.432692,0.350962,0.516026,All
14.0151,0.660494,0.438272,0.361111,0.524691,All
14.108,0.660494,0.438272,0.361111,0.524691,All
14.201,0.660494,0.438272,0.361111,0.524691,All
14.294,0.660494,0.438272,0.361111,0.524691,All
14.3869,0.660494,0.438272,0.361111,0.524691,All
14.4799,0.660494,0.438272,0.361111,0.524691,All
14.5729,0.672619,0.44494,0.369048,0.529762,All
14.6658,0.672619,0.44494,0.369048,0.529762,All
14.7588,0.672619,0.44494,0.369048,0.529762,All
14.8518,0.672619,0.44494,0.369048,0.529762,All
14.9447,0.672619,0.44494,0.369048,0.529762,All
15.0377,0.683908,0.451149,0.37931,0.531609,All
15.1307,0.683908,0.451149,0.37931,0.531609,All
15.2236,0.683908,0.451149,0.37931,0.531609,All
15.3166,0.683908,0.451149,0.37931,0.531609,All
15.4095,0.683908,0.451149,0.37931,0.531609,All
15.5025,0.692737,0.455307,0.385475,0.53352,All
15.5955,0.692737,0.455307,0.385475,0.53352,All
15.6884,0.692737,0.455307,0.385475,0.53352,All
15.7814,0.692737,0.455307,0.385475,0.53352,All
15.8744,0.692737,0.455307,0.385475,0.53352,All
15.9673,0.692737,0.455307,0.385475,0.53352,All
16.0603,0.699454,0.456284,0.387978,0.535519,All
16.1533,0.699454,0.456284,0.387978,0.535519,All
16.2462,0.699454,0.456284,0.387978,0.535519,All
16.3392,0.699454,0.456284,0.387978,0.535519,All
16.4322,0.699454,0.456284,0.387978,0.535519,All
16.5251,0.705094,0.458445,0.391421,0.536193,All
16.6181,0.705094,0.458445,0.391421,0.536193,All
16.7111,0.705094,0.458445,0.391421,0.536193,All
16.804,0.705094,0.458445,0.391421,0.536193,All
16.897,0.705094,0.458445,0.391421,0.536193,All
16.9899,0.705094,0.458445,0.391421,0.536193,All
17.0829,0.709763,0.461741,0.391821,0.53562,All
17.1759,0.709763,0.461741,0.391821,0.53562,All
17.2688,0.709763,0.461741,0.391821,0.53562,All
17.3618,0.709763,0.461741,0.391821,0.53562,All
17.4548,0.709763,0.461741,0.391821,0.53562,All
17.5477,0.713542,0.463542,0.393229,0.53776,All
17.6407,0.713542,0.463542,0.393229,0.53776,All
17.7337,0.713542,0.463542,0.393229,0.53776,All
17.8266,0.713542,0.463542,0.393229,0.53776,All
17.9196,0.713542,0.463542,0.393229,0.53776,All
18.0126,0.715762,0.462532,0.395349,0.53876,All
18.1055,0.715762,0.462532,0.395349,0.53876,All
18.1985,0.715762,0.462532,0.395349,0.53876,All
18.2915,0.715762,0.462532,0.395349,0.53876,All
18.3844,0.715762,0.462532,0.395349,0.53876,All
18.4774,0.715762,0.462532,0.395349,0.53876,All
18.5704,0.717224,0.462725,0.393316,0.53856,All
18.6633,0.717224,0.462725,0.393316,0.53856,All
18.7563,0.717224,0.462725,0.393316,0.53856,All
18.8492,0.717224,0.462725,0.393316,0.53856,All
18.9422,0.717224,0.462725,0.393316,0.53856,All
19.0352,0.717949,0.464103,0.39359,0.538462,All
19.1281,0.717949,0.464103,0.39359,0.538462,All
19.2211,0.717949,0.464103,0.39359,0.538462,All
19.3141,0.717949,0.464103,0.39359,0.538462,All
19.407,0.717949,0.464103,0.39359,0.538462,All
19.5,0.71867,0.462916,0.393862,0.537084,All
