rep,ID,eta_beta_exp_simulated,eta_delta0_simulated,eta_p_simulated,eta_td_simulated,eta_b_exp_simulated,eta_h_0_simulated,eta_tc_simulated,eta_sigma_simulated,eta_rho_exp_simulated,eta_alpha_exp_simulated,split,color,filter
1,7,2.38781,-1.41313,-0.285322,0.405253,-1.40266,-0.0691291,1.84907,0.329298,2.09687,-1.44439,All,#4682B4,0
2,7,-0.698049,0.73629,-0.890335,0.251145,-1.35425,1.05562,-0.0160503,0.447208,0.273399,-0.721772,All,#4682B4,0
3,7,-0.913435,0.754816,-1.32874,-1.14912,-0.888001,0.60691,0.178876,0.507561,0.740926,0.46167,All,#4682B4,0
4,7,-0.624331,0.641894,-1.61892,-1.01719,-1.07223,1.04787,0.04281,0.126133,0.403303,-0.737094,All,#4682B4,0
5,7,0.1954,1.55126,0.279389,0.522977,-0.85637,-0.0256551,-0.875209,0.657332,2.37018,-0.18905,All,#4682B4,0
6,7,1.59381,1.25487,-0.64513,-1.0552,-1.03744,0.147387,-0.223369,0.325295,1.18132,-0.957997,All,#4682B4,0
7,7,-0.861886,0.584426,-0.315738,-0.569099,-1.82296,0.750129,-0.333855,0.632546,0.289541,2.07999,All,#4682B4,0
8,7,0.773775,1.43706,0.198349,1.92857,-0.913582,-0.243214,-0.0572032,0.998776,1.59228,-0.51523,All,#4682B4,0
9,7,0.103791,-0.54936,-1.46212,-0.441098,-0.896453,0.907942,0.116241,0.0167132,1.06114,-1.04015,All,#4682B4,0
10,7,-0.599677,0.341395,-0.286495,0.658513,-1.31639,0.504901,-0.0480453,0.311528,0.836447,-0.0403853,All,#4682B4,0
1,8,-0.483021,-0.473307,1.42782,1.12389,-0.259711,0.480738,-0.833955,-0.781124,-1.44027,0.386676,All,#4682B4,0
2,8,0.422089,-0.982492,0.456822,0.158329,1.18575,-0.974238,0.584139,-0.590563,-0.252563,-0.234073,All,#4682B4,0
3,8,1.50559,-0.334804,0.191707,0.920043,0.895603,-0.372847,0.788259,-0.448423,-1.30869,-0.402181,All,#4682B4,0
4,8,-0.546118,-0.824272,1.03085,0.932522,0.521006,0.49403,0.0580771,-1.41169,-0.3558,-0.186366,All,#4682B4,0
5,8,0.270447,-1.21667,0.195567,0.543859,0.34275,-0.647284,0.455961,-0.435791,-1.32285,-0.75133,All,#4682B4,0
6,8,-0.276379,-1.9935,-0.111931,0.17005,0.625995,0.0170299,0.505949,-0.603706,-0.250737,-0.256462,All,#4682B4,0
7,8,-0.532248,-0.345515,0.508469,0.779714,0.722849,0.165902,0.532089,-1.62507,-0.235547,-0.641156,All,#4682B4,0
8,8,1.83023,-0.901221,0.67022,1.1298,0.607299,-0.788369,0.676739,-0.344603,-0.815771,-1.24305,All,#4682B4,0
9,8,0.517554,0.516126,0.766398,0.983203,-0.325349,1.50716,-1.86551,0.275113,-2.50896,-2.195,All,#4682B4,0
10,8,0.0365225,0.233115,0.580823,0.708672,1.06319,-1.28775,0.692761,-1.37165,-0.559704,0.694621,All,#4682B4,0
1,9,0.517926,0.392248,0.562669,-0.362887,0.0461971,-0.788323,-1.81552,-0.31203,-1.2502,0.03358,All,#4682B4,0
2,9,-0.0405462,1.31798,-0.152354,-0.402262,-0.49463,0.356722,-0.168724,-0.510807,0.0585119,-2.05943,All,#4682B4,0
3,9,-0.180972,-0.622414,0.820736,-0.551132,-0.0395788,-1.43446,-1.50728,0.273364,0.0661745,1.30613,All,#4682B4,0
4,9,-0.716435,1.50103,0.854575,-0.237812,-0.158288,-1.90596,-0.597586,0.476702,-0.678052,0.83579,All,#4682B4,0
5,9,1.17709,-0.138337,0.825125,0.255111,-0.500569,-0.360033,-0.188525,-0.601015,-0.429018,-0.581493,All,#4682B4,0
6,9,0.327933,0.331309,0.140356,-0.582444,0.606386,-1.53342,-0.804569,-0.126153,-0.441304,-0.998535,All,#4682B4,0
7,9,-0.0476021,0.803098,0.782653,0.514966,-0.989555,0.555897,0.138229,-0.435412,-0.410531,-0.575949,All,#4682B4,0
8,9,-0.542535,-1.08584,0.28483,-0.720923,-0.332677,-0.797224,-0.606955,0.372035,-0.952252,0.457579,All,#4682B4,0
9,9,0.546113,-0.325111,0.0331735,-0.36041,0.805172,-1.10359,0.254492,-0.535033,0.372161,0.840878,All,#4682B4,0
10,9,0.607485,1.23478,-0.0495645,0.122049,0.974644,-0.55399,-0.165466,-1.00115,1.26071,-0.278393,All,#4682B4,0
1,10,0.993197,0.0293342,0.591465,-0.699134,0.703783,1.14986,0.247085,-1.02894,-0.0543826,-0.791612,All,#4682B4,0
2,10,0.818909,0.976127,0.242448,-0.930617,0.514748,0.222148,0.419231,1.15712,-2.29876,-1.08489,All,#4682B4,0
3,10,-0.548089,1.5764,0.702564,-1.04406,0.971396,0.0776242,-0.260595,0.330733,0.846548,-0.883243,All,#4682B4,0
4,10,1.37087,0.412387,1.53723,-0.196742,0.966974,-0.0533893,0.289887,-0.363078,-0.145336,0.523613,All,#4682B4,0
5,10,0.106485,1.82561,0.812298,-0.793752,1.5518,-0.551235,0.0222176,-0.235293,0.708326,-0.643066,All,#4682B4,0
6,10,-0.250021,-0.153364,0.219652,-0.858894,0.838573,0.286422,1.07761,-1.07513,-0.329335,0.515093,All,#4682B4,0
7,10,0.1108,0.139309,0.852462,-0.530796,0.706475,0.660628,0.826892,-0.427172,-0.524943,0.0869333,All,#4682B4,0
8,10,0.371813,-0.591658,0.304708,-0.649063,0.482975,0.971327,1.8711,-0.564226,-2.12216,0.347282,All,#4682B4,0
9,10,-0.486002,0.385543,0.528355,-0.956986,0.968302,0.447639,0.968395,0.235042,-0.743243,0.732186,All,#4682B4,0
10,10,1.92088,0.714263,1.39053,-0.359235,0.883303,0.726525,-0.203969,0.971423,-0.330596,0.366821,All,#4682B4,0
1,11,-1.51957,-0.634672,-0.0681443,-1.80317,1.57434,-0.552076,0.0139751,0.735247,2.09566,-0.0642431,All,#4682B4,0
2,11,-2.40215,-0.118776,0.626528,-0.864085,1.16303,0.510605,-0.108437,-0.85869,0.583916,1.22842,All,#4682B4,0
3,11,-0.537714,-0.523117,0.00721994,-1.43199,0.446348,-1.85863,-0.0546889,1.75825,-1.0144,0.0707752,All,#4682B4,0
4,11,-1.47707,-1.98561,1.67499,-0.711832,0.418632,0.42737,-0.225788,0.450655,0.583706,1.39576,All,#4682B4,0
5,11,-0.962221,-1.32083,-0.763191,-1.77093,1.80408,-0.413717,0.414416,0.829315,1.77779,0.0238038,All,#4682B4,0
6,11,-1.67636,-0.729878,0.806633,-1.32228,1.57812,-2.30112,0.136391,0.644685,1.47374,1.18643,All,#4682B4,0
7,11,0.237937,-0.518674,0.546525,-1.00999,1.50921,-2.00924,-0.0114869,1.29275,1.3075,-0.703366,All,#4682B4,0
8,11,-1.53438,-0.832571,-0.219432,-1.1549,0.493132,0.0598742,0.10944,0.117988,-1.40817,0.200286,All,#4682B4,0
9,11,-1.43525,-1.11166,1.16601,-1.04917,0.705457,0.394076,-0.626361,0.305993,0.441267,0.864506,All,#4682B4,0
10,11,-0.780164,-0.763455,0.117826,-1.08598,1.01328,-1.20363,0.0485974,0.423994,-0.177134,0.158184,All,#4682B4,0
1,12,1.88529,-0.0779773,-2.06171,1.26397,0.480482,-0.623001,-1.76501,0.693375,0.0636543,0.049465,All,#4682B4,0
2,12,0.795276,-0.276456,-2.12475,1.31841,0.588008,-0.392559,-0.522811,-0.812468,-0.493229,1.73367,All,#4682B4,0
3,12,1.43477,-1.02338,-1.59798,1.3544,0.361889,-1.03212,-0.650122,0.45111,-0.146349,1.8407,All,#4682B4,0
4,12,0.885198,0.0534893,-2.99026,0.735373,0.700162,-1.24404,-1.16607,-0.104853,-0.595148,1.99626,All,#4682B4,0
5,12,1.94381,-0.305796,-2.03773,1.16635,0.816064,-0.592248,-1.58704,0.94745,0.731483,-0.533829,All,#4682B4,0
6,12,0.820119,-0.836863,-3.19903,0.743204,1.07215,-0.609185,0.356687,-1.07997,0.124645,1.88043,All,#4682B4,0
7,12,0.0675143,0.962393,-1.63474,1.55287,0.47853,0.443027,-1.57212,-0.552069,-0.54953,1.39553,All,#4682B4,0
8,12,1.38882,-0.558679,-2.35068,0.944727,0.590711,0.293869,-0.976854,0.45726,-0.544619,1.30871,All,#4682B4,0
9,12,0.29889,-0.623393,-1.22778,1.79341,0.599739,-1.00366,0.0218142,-1.20595,0.622256,2.81453,All,#4682B4,0
10,12,-0.606694,1.09167,-1.89199,1.25907,0.625825,0.412597,-1.70806,-0.649738,-0.0425946,0.754088,All,#4682B4,0
1,13,0.911205,0.124882,0.395717,-0.434977,-1.48159,-0.498757,1.27878,-0.365264,-0.193871,1.38177,All,#4682B4,0
2,13,1.6689,0.896164,-0.430869,-0.949487,-0.384698,-1.06978,1.58715,-0.425967,0.722564,0.37991,All,#4682B4,0
3,13,0.865717,1.33384,-0.187234,-0.868715,-0.612347,-0.798502,1.45003,-0.67658,0.336677,1.26858,All,#4682B4,0
4,13,0.379364,0.608544,0.246395,-1.44759,-1.04946,-0.765586,1.43574,-0.685719,0.0538055,0.612832,All,#4682B4,0
5,13,1.90981,1.16043,0.58621,0.201261,-1.18388,-0.839292,1.04924,0.204706,0.379925,-0.367673,All,#4682B4,0
6,13,0.823498,1.0219,1.99925,0.699016,-2.05606,-0.76614,0.397077,0.563639,-0.305958,1.92652,All,#4682B4,0
7,13,1.03257,-0.401353,-0.505599,-1.15139,-1.13792,-0.457675,2.20943,-0.823359,-0.446213,0.401618,All,#4682B4,0
8,13,1.17932,-0.614487,-0.83903,-1.65521,-0.606323,-0.687755,1.45069,-0.0403159,0.27282,0.672788,All,#4682B4,0
9,13,0.0245588,1.18729,0.994349,-0.464541,-1.31152,-0.808734,0.434117,-0.293938,0.40082,1.1289,All,#4682B4,0
10,13,1.07684,0.680679,0.116591,-0.675268,-1.54749,-0.192739,0.587077,0.250998,-0.344968,1.26142,All,#4682B4,0
1,14,1.40326,0.68222,0.251963,-0.278012,0.449028,-0.0321942,-1.23799,-0.500946,-1.34901,-1.20909,All,#4682B4,0
2,14,0.528535,0.106328,1.24921,-0.0741212,1.16541,-0.333234,-0.43846,-0.515392,0.439138,-0.0570297,All,#4682B4,0
3,14,0.66314,-0.280728,0.381382,-0.528727,0.972142,-0.000899443,-0.401527,-0.173896,0.462278,-0.462282,All,#4682B4,0
4,14,0.119721,0.321917,2.60315,0.520338,-0.11975,1.06303,-1.11418,0.323657,0.97104,0.72789,All,#4682B4,0
5,14,-0.278892,0.47635,0.180426,-0.915549,0.714346,1.7452,-0.906658,-0.551568,0.0282858,-0.86114,All,#4682B4,0
6,14,0.286952,0.153401,1.04861,-0.224801,0.869547,0.858978,-0.512016,-0.183741,0.0880825,0.105261,All,#4682B4,0
7,14,0.0865936,0.550759,1.23756,0.059314,0.582402,1.25793,-0.813873,-0.448276,-0.343184,-1.33946,All,#4682B4,0
8,14,-0.0512467,0.639492,0.882472,0.0560867,0.859485,0.824347,-0.616241,-0.873646,0.328907,1.21964,All,#4682B4,0
9,14,0.968626,0.430004,0.81046,0.083764,1.11305,0.619786,-0.126526,-0.541837,-0.242733,-0.0483164,All,#4682B4,0
10,14,0.353637,0.733849,1.53331,0.335807,0.659202,-0.488021,-0.499356,-0.776462,-0.635837,-0.561518,All,#4682B4,0
1,15,-0.250837,0.617479,-0.380521,1.54548,-0.480552,1.33012,1.05544,0.929174,-0.093556,0.0172587,All,#4682B4,0
2,15,-1.90965,-0.326295,0.0581673,1.1084,-0.455139,0.496754,1.89508,1.4798,0.558573,2.1408,All,#4682B4,0
3,15,0.768371,0.515439,-0.408212,1.69629,0.302992,0.337737,1.71069,0.635321,0.480187,-0.477717,All,#4682B4,0
4,15,-0.662678,0.855571,-0.928387,0.329285,-0.181928,0.664324,0.876174,1.64443,0.926015,0.0343453,All,#4682B4,0
5,15,-0.337323,1.07126,-1.08007,1.05375,0.588777,-0.396149,1.53502,1.138,0.405801,-1.08747,All,#4682B4,0
6,15,1.12441,-0.0191086,-0.747392,1.1712,-0.48316,1.49343,0.961533,2.05844,-0.0359606,-0.820439,All,#4682B4,0
7,15,-0.792769,0.648715,0.934999,1.72883,0.49245,-1.31708,1.66614,0.836029,1.35336,1.08831,All,#4682B4,0
8,15,0.348659,0.12539,-1.48826,0.528964,0.51733,0.554989,1.17316,1.35807,1.64103,-1.333,All,#4682B4,0
9,15,-0.779911,1.1508,-0.727363,0.489968,0.190619,0.089975,1.61739,0.761926,0.988659,0.00550881,All,#4682B4,0
10,15,0.309167,0.0148405,-0.00864459,1.09162,0.626852,-0.935966,1.56695,0.872888,2.10358,-0.316631,All,#4682B4,0
1,16,1.26578,-1.0932,0.283344,-0.852737,-1.03249,-0.327562,-0.984738,-0.531269,2.18638,0.261874,All,#4682B4,0
2,16,0.597493,-0.90934,-0.13709,-0.142137,-0.832974,0.229911,-1.3927,-0.767882,1.37923,-1.81445,All,#4682B4,0
3,16,-0.194839,-2.56479,-0.0494143,0.408909,-2.70579,1.14343,0.690091,-2.01751,-1.89798,0.449713,All,#4682B4,0
4,16,0.620431,-0.18006,-0.179727,-0.96599,-0.563977,-1.00766,0.509239,-1.5229,1.98091,-0.707525,All,#4682B4,0
5,16,0.91004,-0.55531,0.234267,0.381967,-1.1453,0.0119862,-2.44967,-0.0379874,-0.264579,-1.1476,All,#4682B4,0
6,16,0.880032,-0.813122,0.119547,-0.773561,-1.23565,-0.128325,-0.708495,-0.250967,1.75088,-0.500515,All,#4682B4,0
7,16,-0.0355908,-0.917369,-0.344712,-1.77105,-0.733964,-0.576809,-0.732,-1.58939,1.45093,-1.26107,All,#4682B4,0
8,16,-1.03123,-0.558268,0.111257,-1.40058,-1.27309,0.292751,-1.51333,-1.25224,0.44655,-1.07914,All,#4682B4,0
9,16,0.281417,-1.8945,-0.827049,-1.24356,-1.19514,0.416994,0.533156,-1.74633,0.519602,-0.234504,All,#4682B4,0
10,16,1.23282,-1.84964,-0.449337,0.333188,-1.1502,0.248382,-1.22274,-0.687687,-0.326461,-0.219776,All,#4682B4,0
1,17,-0.585319,-1.70912,0.664389,0.96119,-0.956279,1.45603,-0.153349,-0.113286,0.337824,-0.0286844,All,#4682B4,0
2,17,-1.74023,1.30202,-0.286164,0.125497,-0.53166,0.0473793,-0.251237,-0.929632,1.01884,-1.14589,All,#4682B4,0
3,17,0.210089,-1.03657,-0.321648,0.544541,-0.979519,1.14876,-0.0848038,0.960126,0.705069,-0.850431,All,#4682B4,0
4,17,-1.56981,-0.21381,0.711329,1.05254,0.209612,-0.216556,-0.117661,0.576579,1.33334,-2.34287,All,#4682B4,0
5,17,-1.32201,-0.406873,1.24741,1.30038,-0.853026,-0.0764355,-0.615472,-0.360399,1.62015,-0.686097,All,#4682B4,0
6,17,-1.73776,-0.603461,0.475725,0.47079,-0.294936,1.39083,-1.26416,0.243813,1.97993,-1.04276,All,#4682B4,0
7,17,0.575684,-0.615163,0.0939542,0.79407,-1.08547,0.304208,-0.0240286,0.484548,1.11757,-2.19788,All,#4682B4,0
8,17,-0.684704,-0.292747,0.0165952,0.0274073,-0.827053,0.174377,-0.23732,-0.0863948,1.0893,-1.61494,All,#4682B4,0
9,17,-2.03475,0.178999,0.373162,0.586983,0.401295,-0.429972,-0.244914,-0.286422,0.828019,-0.282252,All,#4682B4,0
10,17,-0.124467,-1.73961,0.952162,1.34503,-1.13096,1.20568,-0.025198,0.358334,0.499641,-0.434586,All,#4682B4,0
1,18,-2.44026,0.679709,0.496719,0.0238268,0.460512,-0.431288,-0.824725,1.37988,0.140105,-0.829924,All,#4682B4,0
2,18,-0.982264,-0.385464,0.398106,0.251534,1.11196,-0.208408,-0.312228,0.517403,0.760648,-0.468552,All,#4682B4,0
3,18,-1.99287,2.20316,-0.341835,0.498728,0.758905,0.245496,-0.410351,-0.195863,-1.40459,-0.150501,All,#4682B4,0
4,18,-0.716924,-0.350053,1.86833,0.358433,0.873228,-1.70889,-0.830136,1.90139,0.683773,-0.722532,All,#4682B4,0
5,18,-1.24752,-0.142017,0.749142,0.0641874,1.0467,-0.896578,-0.334544,1.18935,0.399181,-0.6734,All,#4682B4,0
6,18,-1.16415,-1.58521,0.139002,0.000547364,0.12121,1.34485,-0.2292,0.489342,-0.970406,0.0722237,All,#4682B4,0
7,18,-0.614082,0.0634085,1.23697,0.403631,0.805856,-1.96971,-0.611459,1.40203,0.727887,-0.213359,All,#4682B4,0
8,18,1.60793,-0.690587,-0.0819456,0.150744,1.58591,-0.715335,-0.0557374,1.60703,0.886335,-1.29169,All,#4682B4,0
9,18,-0.875987,-1.4946,1.56187,0.619072,0.525991,0.701654,-0.301034,1.31831,0.279077,-0.976353,All,#4682B4,0
10,18,-1.33155,0.14556,0.0851792,0.303258,0.0974889,0.03337,-0.474924,0.855222,-1.97634,0.497608,All,#4682B4,0
