rep,id,beta_exp,delta0,p,td,b_exp,h_0,tc,sigma,phi_exp,rho_exp,dF,q_exp,ifn0
1,7,-2.89149,2.50344,2.08804,2.14778,-4.55526,0.964849,8.62129,0.240848,-1.28896,0.779619,0.263868,-4.10318,0.502903
2,7,-2.76498,1.52041,1.98318,2.47639,-4.33141,0.901095,8.93873,0.452831,-1.28896,0.319712,0.263868,-4.39677,0.587791
3,7,-3.07844,2.78002,2.31674,2.38092,-4.40815,0.908819,9.73964,0.557355,-1.28896,0.233231,0.263868,-4.47715,0.425427
4,7,-3.50749,3.0718,2.56404,2.11297,-4.71365,1.02016,9.50363,0.151307,-1.28896,0.127083,0.263868,-4.85876,0.307812
5,7,-2.74203,2.60532,1.94586,2.83207,-4.24067,0.899887,10.3822,0.843455,-1.28896,0.871058,0.263868,-3.79998,1.12706
6,7,-3.32541,3.20081,2.5221,2.60497,-4.47929,0.959945,10.001,0.462065,-1.28896,0.123535,0.263868,-4.42079,0.453076
7,7,-2.73673,2.14663,1.93497,2.86361,-4.01965,0.866771,9.43144,0.706809,-1.28896,0.963006,0.263868,-3.78672,0.838593
8,7,-3.06421,4.17372,2.33941,2.21462,-4.68055,0.982594,11.8516,0.901917,-1.28896,0.828468,0.263868,-4.26397,0.589939
9,7,-3.32807,3.49154,2.31763,2.15267,-4.3736,0.9698,10.7385,0.6518,-1.28896,0.385357,0.263868,-4.56297,0.437042
10,7,-3.09928,2.93597,2.36911,2.29386,-4.7142,0.989825,10.9141,0.516306,-1.28896,0.333979,0.263868,-4.38784,0.676196
1,8,-4.28557,1.09981,3.29142,2.41033,-1.2401,0.512149,4.6844,0.123876,-1.28896,-3.03383,0.263868,-4.53021,0.39623
2,8,-4.1675,1.72504,3.36419,2.41687,-1.68151,0.529403,8.60625,0.11854,-1.28896,-2.6239,0.263868,-4.6442,0.330102
3,8,-4.47767,1.28207,3.16211,2.35289,-1.216,0.514839,4.81637,0.114673,-1.28896,-2.68043,0.263868,-4.76517,0.497503
4,8,-4.65477,1.07294,3.4788,2.34399,-1.5696,0.555191,1.17081,0.0720212,-1.28896,-2.89322,0.263868,-4.68566,0.289834
5,8,-4.36954,1.30689,3.35747,1.84651,-1.51427,0.498001,6.16417,0.175725,-1.28896,-2.49575,0.263868,-4.58694,0.403871
6,8,-4.46343,0.878077,3.71958,2.6667,-0.51448,0.391982,4.61112,0.167631,-1.28896,-3.5065,0.263868,-4.57826,0.463111
7,8,-4.23599,0.846254,3.43473,2.33644,-1.08747,0.456772,6.40285,0.25188,-1.28896,-2.53505,0.263868,-4.1843,0.525903
8,8,-4.67563,1.22511,3.57649,2.4222,-0.95731,0.459146,7.0576,0.269504,-1.28896,-2.57431,0.263868,-4.40505,0.486288
9,8,-4.82585,1.14606,3.56401,2.56563,-1.45122,0.540914,4.83185,0.138363,-1.28896,-2.68789,0.263868,-4.46186,0.371126
10,8,-4.70262,1.25671,3.53729,2.58136,-0.95544,0.487038,6.82466,0.143168,-1.28896,-3.31427,0.263868,-4.68717,0.35379
1,9,-3.31782,1.79999,3.00935,1.73829,-2.59949,0.601276,9.29019,0.499935,-1.28896,-1.39978,0.263868,-4.40361,0.361717
2,9,-3.91559,1.31118,3.43841,1.81021,-1.3462,0.428031,7.99955,0.195133,-1.28896,-2.7526,0.263868,-4.3324,0.379409
3,9,-3.84304,1.37797,3.63072,1.68457,-1.25982,0.395665,8.44247,0.096641,-1.28896,-3.49325,0.263868,-4.2889,0.371256
4,9,-3.9714,1.63822,3.43751,1.7646,-1.40297,0.450849,9.13926,0.274021,-1.28896,-2.49837,0.263868,-4.3001,0.412299
5,9,-4.16192,1.08796,3.5633,1.91538,-0.795378,0.377482,6.02463,0.179565,-1.28896,-3.37653,0.263868,-4.32229,0.402018
6,9,-3.81409,2.05468,3.31522,1.55528,-2.37847,0.581613,11.3058,0.778552,-1.28896,-1.61821,0.263868,-4.47584,0.331911
7,9,-3.99075,1.17779,3.46885,1.69616,-1.51302,0.451525,8.01078,0.265178,-1.28896,-2.62113,0.263868,-4.2643,0.296936
8,9,-4.19174,0.615096,3.48791,1.82531,-1.04808,0.387155,3.17777,0.17272,-1.28896,-2.88551,0.263868,-3.95552,0.629882
9,9,-3.89665,1.23318,3.25373,1.82989,-1.40774,0.451441,9.12897,0.379943,-1.28896,-2.02708,0.263868,-3.95898,0.508445
10,9,-4.07799,1.14417,3.27237,1.86435,-1.30941,0.435544,7.1214,0.157436,-1.28896,-2.74231,0.263868,-4.13684,0.404441
1,10,-3.34449,1.0703,3.10819,1.37893,-1.26843,0.457258,11.1979,0.603751,-1.28896,-2.24081,0.263868,-4.1754,0.364353
2,10,-3.54959,0.995968,2.98151,1.36731,-1.3954,0.484244,9.70181,0.501469,-1.28896,-1.84725,0.263868,-4.13967,0.294278
3,10,-3.76379,1.59863,3.53371,1.39848,-1.95267,0.562708,10.861,0.777562,-1.28896,-1.77724,0.263868,-4.49231,0.269668
4,10,-3.19657,1.27652,3.15587,1.443,-0.989355,0.411462,11.3154,0.880794,-1.28896,-2.1725,0.263868,-4.36925,0.447909
5,10,-3.40238,1.61325,3.07985,1.208,-2.02623,0.577812,11.8075,1.0109,-1.28896,-1.67899,0.263868,-4.64316,0.283404
6,10,-3.75644,1.00507,3.27445,1.41112,-1.2653,0.453858,10.5653,0.638986,-1.28896,-2.38818,0.263868,-4.07751,0.451842
7,10,-3.50437,1.51369,3.30011,1.38815,-1.42541,0.489309,11.194,0.804873,-1.28896,-2.32698,0.263868,-4.60736,0.302015
8,10,-3.42109,1.36825,3.12868,1.36978,-1.72542,0.524415,11.5057,0.618242,-1.28896,-1.84074,0.263868,-4.32045,0.232771
9,10,-3.77018,1.08501,3.32161,1.33059,-1.10062,0.448664,10.3782,0.716767,-1.28896,-2.1842,0.263868,-4.09136,0.399293
10,10,-3.47448,1.55425,3.1591,1.38865,-1.73507,0.531256,11.7117,1.00647,-1.28896,-1.53171,0.263868,-4.44677,0.313138
1,11,-4.38555,0.998809,3.69166,1.75632,-0.885567,0.41519,6.79832,0.445516,-1.28896,-3.07449,0.263868,-4.40304,0.25853
2,11,-4.87222,1.17579,3.34374,1.77009,-0.887942,0.492856,3.78043,0.139681,-1.28896,-2.82821,0.263868,-4.48319,0.239135
3,11,-4.06651,1.09514,3.09067,1.64174,-1.26002,0.50676,6.31083,0.444626,-1.28896,-1.88233,0.263868,-4.46888,0.288118
4,11,-4.51391,1.16239,3.55407,1.73854,-1.17361,0.481471,5.01216,0.231754,-1.28896,-2.55053,0.263868,-4.54433,0.343621
5,11,-3.97326,0.818289,3.11233,1.84057,-0.539272,0.390751,6.92301,0.520425,-1.28896,-2.24176,0.263868,-4.054,0.476284
6,11,-4.41598,0.809487,3.32474,1.7847,0.0487238,0.330141,6.97115,0.671494,-1.28896,-3.01367,0.263868,-4.32174,0.486671
7,11,-4.4683,1.1441,3.52595,1.70157,-1.04158,0.472904,3.83252,0.207635,-1.28896,-3.07107,0.263868,-4.76689,0.212399
8,11,-4.27214,1.27503,3.26582,1.52014,-1.86051,0.57999,6.55268,0.266831,-1.28896,-2.09236,0.263868,-4.42661,0.281883
9,11,-4.75539,1.29105,3.55263,1.75382,-0.919532,0.47379,4.6624,0.29789,-1.28896,-2.74869,0.263868,-4.66668,0.303093
10,11,-4.64992,0.877816,3.40828,1.81583,-0.791926,0.465812,6.60085,0.543283,-1.28896,-2.1317,0.263868,-4.19795,0.320589
1,12,-4.32238,0.808108,2.6956,4.31036,-0.830016,0.419957,0.66385,0.140226,-1.28896,-2.21622,0.263868,-3.61567,0.855154
2,12,-4.16602,0.81896,2.57022,4.08188,-1.31696,0.499132,1.12162,0.228188,-1.28896,-1.51067,0.263868,-3.56315,1.0169
3,12,-4.30754,0.655632,2.44596,4.35057,-0.965896,0.455398,0.636869,0.178758,-1.28896,-1.68971,0.263868,-3.37466,1.43709
4,12,-4.44111,0.731765,2.73619,4.26674,-1.05737,0.470052,0.655346,0.171345,-1.28896,-1.94505,0.263868,-3.53421,0.992915
5,12,-4.13398,0.878329,2.67858,4.15576,-1.03647,0.427369,2.35084,0.300298,-1.28896,-1.62242,0.263868,-3.53614,1.49719
6,12,-4.17124,1.13884,2.89064,4.36833,-1.0829,0.429424,3.0352,0.236185,-1.28896,-2.07113,0.263868,-3.6488,0.978706
7,12,-4.30897,0.817327,2.43138,4.23244,-0.850098,0.445879,1.00162,0.19265,-1.28896,-1.853,0.263868,-3.66221,0.903367
8,12,-4.38329,1.23286,2.71524,4.29733,-1.03156,0.469827,1.94271,0.171717,-1.28896,-2.0118,0.263868,-3.58617,1.27189
9,12,-4.34487,0.89591,2.59544,4.16817,-1.29339,0.511435,0.497103,0.183045,-1.28896,-1.71526,0.263868,-3.63319,0.758111
10,12,-4.37748,0.975392,2.64242,4.31172,-0.83569,0.446841,2.11792,0.281651,-1.28896,-1.95443,0.263868,-3.74973,1.09191
1,13,-2.67751,3.08305,2.59109,1.34297,-3.84932,0.726934,11.7785,0.785782,-1.28896,-0.380886,0.263868,-4.37352,0.303323
2,13,-2.77397,2.89879,2.68693,1.50334,-3.93573,0.756985,11.7191,0.682006,-1.28896,-0.499239,0.263868,-4.54108,0.329674
3,13,-2.79515,3.54106,2.99075,1.36348,-3.47818,0.654893,11.9449,0.915815,-1.28896,-0.757747,0.263868,-4.63199,0.243936
4,13,-2.62202,2.07318,2.90388,1.28512,-3.43957,0.639878,11.8329,1.07278,-1.28896,-0.774644,0.263868,-4.68284,0.228402
5,13,-2.59858,3.45876,2.62701,1.23645,-3.88489,0.732522,11.926,0.939439,-1.28896,-0.476989,0.263868,-4.66231,0.362807
6,13,-2.78385,2.38092,2.80548,1.63157,-3.33697,0.633792,11.7897,0.854561,-1.28896,-0.722349,0.263868,-4.25223,0.500761
7,13,-2.49805,3.71762,2.81582,0.866935,-4.72991,0.81988,11.9805,0.795057,-1.28896,-0.267883,0.263868,-4.62937,0.215167
8,13,-2.90264,1.45585,2.63468,1.34871,-3.12679,0.606073,11.536,1.11318,-1.28896,-0.459607,0.263868,-4.12821,0.448693
9,13,-2.75974,2.8203,2.64906,1.62612,-3.64938,0.719781,11.7856,0.69925,-1.28896,-0.427159,0.263868,-4.31397,0.441745
10,13,-2.35522,3.0219,2.70677,1.25758,-3.98564,0.689671,11.9527,0.785386,-1.28896,-0.5828,0.263868,-4.52066,0.286438
1,14,-3.56858,2.20134,3.02183,1.55272,-2.63977,0.698471,11.1903,0.523681,-1.28896,-1.52637,0.263868,-4.80781,0.35552
2,14,-3.90628,2.63505,3.50726,1.62945,-2.24866,0.613382,10.3548,0.298759,-1.28896,-1.88198,0.263868,-4.55955,0.39508
3,14,-3.71641,2.41374,3.50403,1.72683,-1.79866,0.54923,10.8264,0.298572,-1.28896,-2.35185,0.263868,-4.83542,0.212909
4,14,-3.741,2.25135,3.15366,1.63622,-2.30778,0.634788,10.6654,0.46199,-1.28896,-1.76536,0.263868,-4.80464,0.303151
5,14,-4.11763,2.75744,3.49069,1.25902,-3.15439,0.797061,11.4523,0.515035,-1.28896,-1.20752,0.263868,-5.03242,0.260122
6,14,-3.69417,2.75257,3.2495,1.71417,-2.2229,0.640654,11.1492,0.316862,-1.28896,-1.93655,0.263868,-4.85184,0.259223
7,14,-3.70121,2.07587,3.11993,1.39774,-2.92137,0.740834,11.3952,0.480505,-1.28896,-1.35612,0.263868,-4.6193,0.252953
8,14,-3.75804,2.07422,3.58703,1.74394,-1.23652,0.473567,11.314,0.566841,-1.28896,-2.74818,0.263868,-4.65319,0.430992
9,14,-3.38816,1.9951,3.18826,1.60714,-2.55515,0.683502,11.6746,0.630691,-1.28896,-1.54033,0.263868,-4.5666,0.291409
10,14,-3.45071,3.09734,2.92182,1.37931,-3.55411,0.842872,11.5405,0.490033,-1.28896,-0.71699,0.263868,-4.99794,0.220667
1,15,-3.37238,2.86384,2.77536,2.28822,-3.27477,0.735926,11.7077,2.158,-1.28896,-0.127764,0.263868,-4.21877,0.627397
2,15,-3.19056,2.43433,2.32074,2.29808,-3.12575,0.734112,11.471,1.58077,-1.28896,0.180617,0.263868,-3.99403,0.664632
3,15,-2.62032,2.32666,2.06089,1.90213,-3.80768,0.809567,11.847,2.03204,-1.28896,0.8096,0.263868,-3.89133,0.524705
4,15,-3.34172,2.30175,2.46973,2.36323,-2.93388,0.706987,11.0537,1.12042,-1.28896,-0.185778,0.263868,-4.34835,0.536811
5,15,-2.79571,2.27359,2.35853,2.09225,-3.62289,0.779632,11.693,2.2703,-1.28896,0.757498,0.263868,-3.87218,0.656944
6,15,-3.39214,2.47463,2.38841,2.4002,-2.96284,0.733943,11.5167,1.82941,-1.28896,0.152286,0.263868,-4.10389,0.496663
7,15,-3.60225,1.90907,2.48164,1.99796,-2.78435,0.698419,11.2333,1.5131,-1.28896,-0.121982,0.263868,-4.22679,0.422918
8,15,-3.05882,3.21323,2.47895,2.3559,-3.28179,0.74579,11.6648,2.19197,-1.28896,-0.25001,0.263868,-4.27484,0.587892
9,15,-2.95329,2.2434,2.65361,2.61184,-2.99148,0.684304,11.2792,1.71384,-1.28896,-0.289983,0.263868,-4.06613,0.729324
10,15,-3.52354,2.3456,2.77744,2.26133,-3.19118,0.719201,11.3905,2.18631,-1.28896,-0.0444341,0.263868,-4.218,0.498117
1,16,-3.68589,2.14586,2.88993,1.43775,-3.79991,0.778048,10.7192,0.187458,-1.28896,-0.661626,0.263868,-4.57508,0.288285
2,16,-3.78131,2.40276,3.04725,1.96373,-3.52536,0.71829,9.29737,0.0687166,-1.28896,-1.16741,0.263868,-4.6545,0.362802
3,16,-2.80381,4.56891,2.77189,1.4026,-4.86949,0.876707,11.0265,0.209871,-1.28896,-0.431384,0.263868,-5.3137,0.29003
4,16,-3.49343,2.75736,2.83015,1.75859,-3.34062,0.692903,9.61998,0.253149,-1.28896,-0.765049,0.263868,-4.73643,0.349657
5,16,-3.23242,2.48326,2.73917,1.70277,-4.15273,0.79024,10.7747,0.169138,-1.28896,-0.494333,0.263868,-4.63213,0.383308
6,16,-3.48363,3.46768,3.11739,1.64762,-4.29313,0.82074,10.9339,0.248901,-1.28896,-0.617103,0.263868,-4.67994,0.276122
7,16,-4.0066,3.85756,3.35409,2.17288,-3.06818,0.668708,8.31807,0.105049,-1.28896,-1.78137,0.263868,-4.66957,0.374587
8,16,-2.85486,2.87352,2.44059,1.87633,-4.29108,0.837157,11.2344,0.339877,-1.28896,-0.173859,0.263868,-4.50207,0.443542
9,16,-3.41086,3.48703,2.84683,1.53709,-4.45056,0.879288,11.7959,0.328466,-1.28896,-0.311866,0.263868,-4.60154,0.256153
10,16,-3.58422,1.58064,2.92694,1.2091,-3.99786,0.768897,7.99313,0.142085,-1.28896,-0.574991,0.263868,-4.55732,0.305166
1,17,-3.75977,3.77716,3.30605,1.92199,-4.54083,0.906849,10.6756,0.0557736,-1.28896,-1.5488,0.263868,-5.10676,0.365985
2,17,-4.1555,2.04075,3.00047,2.46027,-3.31154,0.796908,6.04966,0.105709,-1.28896,-1.50582,0.263868,-4.57832,0.48151
3,17,-4.02865,3.77612,3.10485,2.1828,-3.6675,0.830901,5.45468,0.0705764,-1.28896,-1.49805,0.263868,-4.95435,0.263565
4,17,-4.54824,1.35398,3.35444,2.68634,-1.95056,0.606064,1.5965,0.0929835,-1.28896,-2.23441,0.263868,-4.56265,0.411252
5,17,-4.2645,2.2635,3.00639,2.46505,-2.84498,0.728822,5.96419,0.134279,-1.28896,-1.51561,0.263868,-4.63812,0.330262
6,17,-4.02517,2.52308,3.02581,1.68431,-4.21015,0.916945,6.53222,0.102881,-1.28896,-0.860113,0.263868,-4.72824,0.20284
7,17,-4.07052,2.43681,2.95212,2.41266,-3.32147,0.794783,7.62988,0.129817,-1.28896,-1.3281,0.263868,-4.65149,0.35014
8,17,-4.05847,3.18183,3.13451,2.36958,-3.83913,0.868453,8.50104,0.0684355,-1.28896,-1.26959,0.263868,-4.66164,0.366138
9,17,-4.52621,1.46871,3.24244,2.63274,-2.23942,0.637037,4.17812,0.165756,-1.28896,-2.37615,0.263868,-4.71618,0.380825
10,17,-4.22173,1.97491,2.85057,2.28287,-3.18738,0.798783,5.91904,0.21175,-1.28896,-0.852523,0.263868,-4.61867,0.310727
1,18,-4.70678,2.03368,3.42096,2.52763,-1.38775,0.556692,3.66111,0.155049,-1.28896,-2.62934,0.263868,-4.51748,0.409723
2,18,-4.56428,1.81023,3.46644,2.40816,-1.68373,0.590627,3.7028,0.0970507,-1.28896,-2.43956,0.263868,-4.55224,0.37659
3,18,-4.59117,0.930674,3.2884,2.31503,-1.11701,0.484802,1.45974,0.111259,-1.28896,-2.6995,0.263868,-4.1702,0.464709
4,18,-4.59795,1.67421,3.28317,2.13633,-1.88768,0.625847,2.33935,0.0616392,-1.28896,-2.29058,0.263868,-4.60497,0.301136
5,18,-4.75634,1.41505,3.36238,2.48037,-1.33354,0.601415,1.29293,0.102638,-1.28896,-2.24289,0.263868,-4.53618,0.335979
6,18,-4.77135,1.77167,3.29798,2.42318,-0.98435,0.525582,4.07886,0.240114,-1.28896,-2.73178,0.263868,-4.65875,0.408638
7,18,-4.69916,0.91122,3.41848,2.38638,-1.26094,0.508367,2.71114,0.201538,-1.28896,-2.58478,0.263868,-4.35957,0.469741
8,18,-4.37633,1.10479,3.267,2.80092,-0.789441,0.506684,2.98409,0.197114,-1.28896,-2.71798,0.263868,-4.40372,0.426078
9,18,-4.65875,0.946202,3.43327,2.45553,-0.937507,0.479019,1.83948,0.135368,-1.28896,-3.05252,0.263868,-4.1734,0.583012
10,18,-4.66411,1.00368,3.06748,2.5264,-1.03775,0.527065,0.736533,0.115561,-1.28896,-2.69794,0.263868,-4.39731,0.48877
