rep,ID,eta_beta_exp_simulated,eta_delta0_simulated,eta_p_simulated,eta_td_simulated,eta_b_exp_simulated,eta_h_0_simulated,eta_tc_simulated,eta_sigma_simulated,eta_rho_exp_simulated,eta_q_exp_simulated,eta_ifn0_simulated,split,color,filter
1,7,1.95848,0.108322,-0.437026,-0.73594,-0.56831,1.0047,-0.893423,-1.36008,2.3692,1.05155,-0.217229,All,#4682B4,0
2,7,2.43342,-2.62446,-1.43825,0.735632,-1.60767,1.14226,-0.880269,0.323687,0.580811,-1.72785,0.548055,All,#4682B4,0
3,7,1.1408,0.210922,-0.32809,0.810921,-1.76222,0.218883,-1.00808,1.27426,0.575237,-0.443735,-0.588542,All,#4682B4,0
4,7,0.172802,-0.373815,0.0294711,0.446937,-1.29737,0.229172,-0.261815,-1.45265,1.76776,-1.16465,-0.498744,All,#4682B4,0
5,7,1.33589,0.468212,-0.358481,0.0437986,-0.884453,1.22937,-0.456427,0.620905,1.33259,1.0623,2.13535,All,#4682B4,0
6,7,0.298118,0.558425,0.691077,1.36187,-1.95115,0.82909,-0.640394,0.969841,0.522721,0.444983,-0.258676,All,#4682B4,0
7,7,1.99022,-0.0508124,-0.188846,0.561341,-0.28176,1.00213,-0.78858,0.254926,2.23314,1.13415,0.562851,All,#4682B4,0
8,7,-1.37337,0.672704,-0.0929223,0.971164,-0.868537,0.272789,1.66742,-0.0551862,1.63398,1.01633,1.02037,All,#4682B4,0
9,7,-0.428363,1.0461,-0.864414,-0.0587631,-1.2268,0.371763,-0.370154,1.13184,0.98915,-0.516107,-0.0223257,All,#4682B4,0
10,7,0.249634,-0.298178,0.188713,0.160797,-2.04304,1.15269,-0.0473594,0.465682,0.444906,-0.254535,1.85398,All,#4682B4,0
1,8,0.506778,-1.23475,-0.59222,0.888473,0.298795,1.014,-0.26042,-0.903426,-1.67321,-0.619203,0.129104,All,#4682B4,0
2,8,-0.0721137,-0.322772,-0.0727564,1.80801,0.705289,-0.304839,0.800853,-1.87418,-0.630721,-0.299116,-0.370004,All,#4682B4,0
3,8,-0.508443,-0.728808,-1.30809,-0.268139,1.02497,-0.286141,-0.0281098,-1.51792,-0.46007,-2.41745,1.60869,All,#4682B4,0
4,8,0.560436,-0.973271,0.903574,0.314952,-0.441451,0.662648,-1.82679,-0.565743,-0.871113,-0.802308,-0.904039,All,#4682B4,0
5,8,-0.685081,-0.475944,0.0812779,-0.904888,0.250102,-0.987707,-0.246216,-0.554972,-0.394381,-0.981117,0.808755,All,#4682B4,0
6,8,0.387964,-1.87096,1.45346,1.95751,0.377856,-1.02608,-0.162627,-0.281832,-1.39161,-1.58786,0.831729,All,#4682B4,0
7,8,-0.0479833,-2.19559,1.55541,1.02329,0.377696,-0.0739376,0.0890464,-0.351154,-0.293608,0.116278,0.779726,All,#4682B4,0
8,8,-1.78627,-0.603942,1.51066,0.954831,0.684768,-1.09284,0.327831,-0.0676428,0.0738655,-0.310521,0.844908,All,#4682B4,0
9,8,-1.69022,-1.34007,1.33418,1.53047,-0.203811,0.33238,-0.0262049,-0.569456,-0.548945,0.302863,-0.177514,All,#4682B4,0
10,8,-1.31823,-0.998158,-0.348005,1.91448,0.449089,0.171631,0.62854,-0.774276,-1.68448,-0.780684,-0.0188662,All,#4682B4,0
1,9,1.77549,0.171024,0.724917,-0.328382,-0.404136,0.0735871,-0.813569,1.114,-0.363662,-0.031239,-0.526354,All,#4682B4,0
2,9,0.725973,-0.246083,0.514124,-0.131271,0.399021,-1.48525,0.082726,-0.801021,-0.900798,0.424138,0.0676595,All,#4682B4,0
3,9,1.28054,-0.0701884,0.326769,-0.284751,0.227451,-1.26345,0.58688,-2.13833,-2.1118,1.32753,0.476613,All,#4682B4,0
4,9,0.00441018,0.717319,0.714842,-0.533342,0.623707,-1.30045,0.255833,-0.376334,-0.58381,0.743104,0.39973,All,#4682B4,0
5,9,0.556639,-0.339622,0.284462,-0.109232,0.248873,-1.7227,-0.22696,-0.374843,-1.77997,0.263959,0.263636,All,#4682B4,0
6,9,-1.19157,0.255942,0.961603,-0.0907316,-0.391416,-0.571468,0.714378,1.40777,-0.473925,0.438655,-0.219532,All,#4682B4,0
7,9,0.303367,-0.685708,0.839384,0.096382,-0.169054,-1.05259,-0.153901,0.128941,-1.03932,1.18143,-1.13384,All,#4682B4,0
8,9,0.615776,-2.48709,1.66345,-1.3196,-0.567299,-1.29333,-0.889142,-0.39981,-0.934678,0.639583,1.78179,All,#4682B4,0
9,9,-0.202668,-0.285878,0.865478,-0.51798,0.687093,-1.08177,0.342832,-0.271383,0.122025,1.60198,0.48309,All,#4682B4,0
10,9,0.0218379,-0.544051,-0.531246,-0.416223,0.375098,-1.15299,0.232747,-1.28935,-1.02674,1.3269,-0.0281217,All,#4682B4,0
1,10,1.08233,-1.48121,-0.87949,-0.635991,1.33481,0.329752,1.16582,-0.161473,-0.818271,0.579435,-0.303408,All,#4682B4,0
2,10,0.920265,-1.21597,-0.966329,-1.21799,1.34031,0.0258477,0.160025,0.0346812,0.170712,0.835528,-1.55399,All,#4682B4,0
3,10,0.0210055,-0.337746,2.31498,-0.230101,0.246013,0.43373,0.157778,1.55514,0.0829614,0.281595,-0.989586,All,#4682B4,0
4,10,1.66594,-0.589518,-0.361642,-0.75034,1.92453,-1.04038,0.949951,0.391325,-0.279727,-1.13316,0.701607,All,#4682B4,0
5,10,-0.420455,-1.24532,-1.15484,-0.603885,0.969489,0.587844,1.85748,0.605164,-0.529922,-0.880095,-0.331515,All,#4682B4,0
6,10,-0.198359,-1.33673,-0.0250048,-1.24475,0.388567,0.138701,0.714743,0.693714,-1.22985,1.00523,0.647984,All,#4682B4,0
7,10,0.798753,-0.310559,-0.240947,-0.459614,0.89658,0.0797884,0.604118,1.258,-1.16247,-0.932534,-0.41875,All,#4682B4,0
8,10,0.435077,-1.13419,-0.63499,0.294325,1.32118,0.373719,1.41894,-0.167868,-0.11962,1.01443,-2.09496,All,#4682B4,0
9,10,-0.0340937,-0.640376,0.493983,-1.62035,1.06127,-0.104043,0.420195,0.810748,-0.298635,1.00876,0.0762438,All,#4682B4,0
10,10,-0.314384,-0.909473,-0.0237251,-0.0198113,1.49075,-0.131412,1.67648,0.412348,0.486768,-0.228163,-0.573545,All,#4682B4,0
1,11,-0.510454,-0.765544,1.21037,0.530826,-0.315107,-1.14851,-0.622022,1.9227,-1.60987,0.471491,-1.69854,All,#4682B4,0
2,11,-1.76644,0.224673,-1.30906,-1.0515,1.0669,-0.304496,-0.509366,-0.562636,-0.355653,0.555246,-1.81163,All,#4682B4,0
3,11,0.19805,-0.53463,-0.410805,-1.03428,1.1789,-0.426946,-0.896498,0.935413,0.598612,-0.822879,-1.46402,All,#4682B4,0
4,11,-0.666275,-0.38497,1.23668,-1.00485,0.47023,-0.695091,-0.760514,0.301984,0.000843866,-0.663627,0.0177191,All,#4682B4,0
5,11,0.304991,-1.04355,-0.319914,-0.753853,1.6186,-1.49484,-0.270682,0.481935,0.365247,-0.000506413,-0.109136,All,#4682B4,0
6,11,-1.19037,-0.675932,-1.08113,-1.06811,1.23581,-3.0273,-0.159675,1.61103,-0.882994,-1.35063,0.644091,All,#4682B4,0
7,11,0.160867,-0.237406,-0.0832219,-0.434599,0.200594,-0.458824,-1.30195,0.944273,-1.29275,-1.03656,-1.89617,All,#4682B4,0
8,11,-0.692478,-0.417718,0.0910328,-1.46659,-0.0492236,0.618439,-0.671801,0.451808,-0.380286,0.533139,-0.964508,All,#4682B4,0
9,11,-1.4749,0.44859,0.430558,-1.10702,0.506226,-0.951308,-0.962514,1.22651,-0.467225,-0.981791,-0.474249,All,#4682B4,0
10,11,-1.99304,-1.1494,0.944213,-0.190494,0.977559,-0.623708,-0.266054,1.26304,0.752634,0.669836,-1.37162,All,#4682B4,0
1,12,0.830312,-0.387138,-0.927682,1.53058,0.56064,-1.33519,-1.78496,-0.602308,-0.0915882,1.54206,0.118881,All,#4682B4,0
2,12,0.623596,-0.929582,-0.269666,1.14342,0.393482,-0.0898998,-1.68124,-0.0929281,0.582397,1.43195,0.821038,All,#4682B4,0
3,12,0.301726,-1.26781,-1.09395,0.467601,0.572174,-0.43229,-1.67454,-0.674244,0.470752,1.50987,1.97092,All,#4682B4,0
4,12,0.244888,-1.04569,0.0020662,1.29905,0.127672,-0.177728,-1.8427,-0.155016,0.122377,1.79025,0.760286,All,#4682B4,0
5,12,0.0479962,-0.72528,0.108541,1.06087,0.663129,-1.66136,-0.874863,-0.277672,0.703411,0.873692,2.62571,All,#4682B4,0
6,12,0.170938,0.110611,0.27368,2.43779,0.454559,-1.51767,-0.642754,-0.345564,-0.140141,1.77848,0.965503,All,#4682B4,0
7,12,0.196328,-0.509412,-2.24989,1.1879,1.03735,-1.18334,-1.42881,-0.501978,0.300953,0.91754,0.268852,All,#4682B4,0
8,12,-0.455692,0.884335,-0.803462,0.871925,0.861521,-0.467782,-0.797205,-0.941458,-0.0798285,1.89559,2.1465,All,#4682B4,0
9,12,0.726032,-0.0449038,-0.584628,1.13648,0.15215,0.0316134,-2.49099,0.385575,0.177136,1.79474,-0.506436,All,#4682B4,0
10,12,-0.533781,-0.202013,-1.28177,1.49442,0.847629,-1.12174,-0.877967,0.0576856,-0.0071804,0.564815,1.44504,All,#4682B4,0
1,13,1.14986,0.81222,-1.02792,-0.716236,-0.559874,-0.387354,0.835326,0.370124,-0.0432931,1.01058,-0.982523,All,#4682B4,0
2,13,1.21417,0.0779985,-0.416548,-0.0355367,-0.954419,-0.029904,0.761331,0.418581,-0.239358,0.0307877,-0.375451,All,#4682B4,0
3,13,0.41593,0.625584,0.0475892,0.943959,0.0766466,-1.31838,2.16824,-0.00803317,0.217813,0.388628,-1.2632,All,#4682B4,0
4,13,1.88918,-1.33546,0.211195,0.689828,-0.589401,-0.921621,0.973193,1.04504,-0.0623229,-0.86114,-1.64579,All,#4682B4,0
5,13,0.741199,0.474817,-1.4352,-1.02378,-0.393451,-0.513845,1.72252,0.149442,-0.324181,-0.694236,0.679336,All,#4682B4,0
6,13,1.0146,-0.288755,0.32259,0.187665,-0.478671,-0.57396,1.33233,0.195961,-0.113965,0.545199,0.935965,All,#4682B4,0
7,13,-0.0211586,-0.302465,-0.747285,-1.26758,-1.30701,-0.366732,2.63943,-0.550231,-0.317747,1.11308,-0.692851,All,#4682B4,0
8,13,0.717751,-1.58255,-0.309251,-1.17064,-0.493826,-0.939842,0.634787,0.874116,0.533922,0.34929,0.25712,All,#4682B4,0
9,13,1.00236,0.172157,-0.321867,0.0152678,-0.252881,0.0636214,1.30425,-0.259592,0.240402,0.658963,0.432414,All,#4682B4,0
10,13,1.50734,-0.47511,-0.938737,0.362118,-0.558196,-0.784955,2.20807,-0.539397,-0.416506,0.414754,-0.602491,All,#4682B4,0
1,14,0.0188494,-0.108249,-0.604431,-0.676234,0.103817,1.35375,0.619481,0.55416,-0.705484,-1.51246,0.645898,All,#4682B4,0
2,14,-0.18358,1.59317,1.9837,-0.963093,0.435282,0.575223,0.281727,-0.227154,0.0231796,0.329915,0.991079,All,#4682B4,0
3,14,0.913706,1.01444,0.747885,1.13079,1.15877,0.0244012,0.628103,-0.311125,-0.423327,-0.481909,-1.69219,All,#4682B4,0
4,14,0.0117895,0.571652,-0.275638,-0.347996,0.321783,0.489457,0.243164,0.691099,-0.550549,-1.21634,-0.224004,All,#4682B4,0
5,14,-2.23335,0.134106,1.85282,-1.21496,-0.540921,0.895573,0.826994,0.818318,0.500063,-1.27708,0.473363,All,#4682B4,0
6,14,0.269264,1.09334,-0.234355,0.457561,1.05976,0.854811,0.91188,-0.499074,-0.367193,-0.720215,-0.763202,All,#4682B4,0
7,14,-0.829227,-0.540623,-0.0545812,-0.362143,-0.244039,1.64953,0.971355,0.279337,-0.373909,0.402772,-0.898834,All,#4682B4,0
8,14,0.165724,0.794841,0.877095,0.326598,1.01041,-0.0171403,1.15835,0.568107,-1.46877,-0.895721,1.28872,All,#4682B4,0
9,14,0.311395,-0.895214,0.547524,1.04599,0.375072,2.08621,1.4769,0.213984,-0.539984,0.215313,-0.676914,All,#4682B4,0
10,14,-0.279067,0.36317,-0.447422,-0.517741,-0.0579366,0.846573,0.704797,0.219582,0.558931,-1.33974,-1.04016,All,#4682B4,0
1,15,-1.29302,0.698542,1.25997,1.29395,-0.655897,0.00922916,0.865079,2.50489,0.61524,0.504383,0.963916,All,#4682B4,0
2,15,-0.587372,0.655076,-0.799624,0.452017,0.324629,0.229763,0.685741,1.3742,1.26749,0.936666,0.489242,All,#4682B4,0
3,15,0.168093,-0.464186,-1.39446,0.599787,0.207107,0.584874,1.36365,0.902957,1.63327,1.6145,-0.576974,All,#4682B4,0
4,15,-0.165704,0.316372,-0.684084,0.848116,0.376698,-0.258613,0.29338,1.2905,1.21445,-0.694614,0.158126,All,#4682B4,0
5,15,0.333078,-0.1924,0.91779,0.672246,-0.0249434,0.503831,0.644625,1.65924,2.05306,1.34256,0.320276,All,#4682B4,0
6,15,-1.22762,0.683892,-0.840894,1.33396,0.543343,-0.0205884,0.797616,1.76429,1.51151,0.873198,-0.804697,All,#4682B4,0
7,15,-1.56853,-0.147747,-1.11166,0.330606,0.351559,-0.361797,0.542231,1.77067,1.40147,0.226603,-0.874419,All,#4682B4,0
8,15,-0.10986,1.42151,-0.64581,1.19614,-0.518541,0.438828,0.495769,2.74212,-0.356867,0.184656,0.418338,All,#4682B4,0
9,15,1.2537,0.213706,1.38689,1.71736,-0.27668,0.735736,0.0822981,2.18768,0.42229,0.366258,0.896553,All,#4682B4,0
10,15,-1.33734,0.257324,1.43547,1.3668,-0.805005,-0.47553,0.212478,3.00254,1.05505,0.485359,-0.236968,All,#4682B4,0
1,16,-0.898028,-0.893393,-0.0904602,-1.10118,-0.828952,-0.438422,0.691929,-1.64944,1.12711,0.327904,-0.295784,All,#4682B4,0
2,16,0.0552433,-0.421742,0.547086,0.044538,-0.360993,-0.838105,0.666684,-3.41163,1.18764,-0.137779,0.625629,All,#4682B4,0
3,16,2.35161,1.11057,-0.00266002,-1.43056,-1.74877,-1.30306,-0.555677,-0.567666,0.171959,-3.2867,0.854011,All,#4682B4,0
4,16,0.60873,0.96854,-0.0816283,-0.881446,-0.178644,-1.46642,-0.379423,-0.590686,1.13364,-1.24318,0.0633006,All,#4682B4,0
5,16,0.73001,-0.800288,0.0401493,-0.438848,-1.03176,-0.619021,0.520251,-1.96596,0.939289,-0.571617,0.700437,All,#4682B4,0
6,16,-0.0777096,0.761488,1.81467,0.0493584,-1.7804,-0.647744,0.0760125,-0.343357,0.542392,0.594448,-0.552177,All,#4682B4,0
7,16,-0.09098,2.7071,1.40313,-0.00294484,-0.614207,-0.80387,-0.25478,-1.38653,-0.181762,0.582378,0.568718,All,#4682B4,0
8,16,1.38767,-0.148703,-0.820664,-0.0213077,-1.05818,0.152641,0.396298,-0.799722,0.357778,-0.30451,0.539292,All,#4682B4,0
9,16,-1.51503,-0.0738598,-0.1339,0.48661,-1.27669,-0.280163,1.80891,-1.16777,0.619584,1.21475,-0.903346,All,#4682B4,0
10,16,0.440902,-1.63414,0.945936,-2.80548,-1.53585,-0.527383,-0.763868,-1.35927,1.40057,-0.258556,0.22364,All,#4682B4,0
1,17,-0.209276,-0.224039,1.23839,0.432733,-2.35179,0.667426,0.96031,-2.89063,-0.999618,-1.04858,2.11549,All,#4682B4,0
2,17,-0.529854,-0.433517,0.344944,0.228667,-1.45017,1.41792,-0.440279,-1.14481,-0.554446,-0.137505,1.22948,All,#4682B4,0
3,17,0.461617,2.19236,0.342864,-0.0860885,-1.17748,0.326544,-1.20538,-1.26994,-0.24535,-0.403104,-0.692568,All,#4682B4,0
4,17,0.288949,-0.342258,1.64686,0.467227,-0.384149,0.584644,-1.6994,-0.551568,0.0379192,-0.62359,0.134033,All,#4682B4,0
5,17,-0.742282,0.627391,-0.154527,0.682295,-0.511316,0.36502,-0.573564,-0.722453,0.0855345,-0.0188061,-0.695287,All,#4682B4,0
6,17,-0.430794,0.123274,0.779126,-0.624818,-2.03004,0.674055,-1.08752,-0.792041,0.447315,0.788404,-1.86464,All,#4682B4,0
7,17,-0.586733,0.206102,-0.0915684,0.830706,-0.967193,0.820523,-0.201187,-1.03174,-0.132106,0.044085,-0.247511,All,#4682B4,0
8,17,-0.625639,0.601768,1.07685,0.79668,-1.2041,1.08538,0.270459,-2.48274,0.175286,0.780706,0.475583,All,#4682B4,0
9,17,-0.867949,-0.804809,0.137324,1.14902,-1.35166,0.643743,-0.914107,0.586953,-1.56173,-1.02226,0.0855187,All,#4682B4,0
10,17,-1.03354,-0.12136,0.0813169,0.323722,-0.775852,0.391113,-0.931409,0.099107,0.967288,-0.318656,-1.13158,All,#4682B4,0
1,18,-1.03781,2.02338,0.49899,-0.00271001,0.395096,0.351765,-0.97229,0.10287,-0.777897,0.292102,0.127436,All,#4682B4,0
2,18,-0.319476,0.909286,1.27044,0.180026,0.523805,0.784577,-0.753381,-1.16414,-0.00453864,0.18369,0.0776066,All,#4682B4,0
3,18,-0.00752326,-0.578937,0.356838,-0.72361,0.177978,0.14936,-1.46301,-0.593645,-0.523851,0.674416,0.166803,All,#4682B4,0
4,18,-0.197297,0.704669,0.13117,-0.768122,0.606274,0.800269,-1.11293,-1.87651,0.344951,0.120864,-0.67588,All,#4682B4,0
5,18,-0.0473348,0.724526,1.21718,-0.238148,1.06095,1.27404,-1.81937,-0.576565,0.860633,-0.224754,-0.86665,All,#4682B4,0
6,18,-1.46221,1.67715,-0.781107,-0.300604,0.780001,0.0388387,-0.888128,0.8539,-0.998978,-0.983108,0.20768,All,#4682B4,0
7,18,-0.929282,-1.43255,1.16921,0.159485,-0.392612,0.159553,-1.08704,0.572148,-0.647307,-0.33376,0.525135,All,#4682B4,0
8,18,0.730148,-0.359464,0.2434,1.18916,1.15796,1.32022,-1.00963,0.086284,-0.616324,-0.500893,-0.439114,All,#4682B4,0
9,18,-0.250371,-0.572242,0.793012,-0.483057,-0.111932,0.879957,-1.2386,-0.0718831,-1.43674,0.558489,1.26022,All,#4682B4,0
10,18,0.253221,-0.00801467,-0.950188,-1.14986,0.353091,0.893599,-2.20378,0.0672884,-0.883853,-0.786284,0.385792,All,#4682B4,0
