pwRes_abscissa,pwRes_cdf,iwRes_abscissa,iwRes_cdf,npde_abscissa,npde_cdf,split
-4,0,-4,0,-4,0,All
-2.12716,0.00520833,-3.18812,0.000520833,-2.23131,0.00520833,All
-1.97308,0.0104167,-2.81585,0.00104167,-1.84438,0.0104167,All
-1.96116,0.015625,-2.79083,0.0015625,-1.78643,0.015625,All
-1.69716,0.0208333,-2.67934,0.00208333,-1.75814,0.0208333,All
-1.67475,0.0260417,-2.64749,0.00260417,-1.65672,0.0260417,All
-1.67474,0.03125,-2.53114,0.003125,-1.62894,0.03125,All
-1.60083,0.0364583,-2.52641,0.00364583,-1.6152,0.0364583,All
-1.59684,0.0416667,-2.5059,0.00416667,-1.58909,0.0416667,All
-1.45187,0.046875,-2.50106,0.0046875,-1.57949,0.046875,All
-1.2565,0.0520833,-2.47592,0.00520833,-1.48152,0.0520833,All
-1.22884,0.0572917,-2.45035,0.00572917,-1.35692,0.0572917,All
-1.15655,0.0625,-2.42752,0.00625,-1.25869,0.0625,All
-1.09005,0.0677083,-2.41772,0.00677083,-1.23186,0.0677083,All
-1.07266,0.0729167,-2.33717,0.00729167,-1.17391,0.0729167,All
-1.06807,0.078125,-2.33463,0.0078125,-1.16412,0.078125,All
-0.952731,0.0833333,-2.3211,0.00833333,-1.14941,0.0833333,All
-0.881912,0.0885417,-2.30768,0.00885417,-1.09494,0.0885417,All
-0.871793,0.09375,-2.2771,0.009375,-1.07927,0.09375,All
-0.864409,0.0989583,-2.23683,0.00989583,-1.07026,0.0989583,All
-0.804748,0.104167,-2.21395,0.0104167,-1.04698,0.104167,All
-0.717285,0.109375,-2.18913,0.0109375,-1.03196,0.109375,All
-0.611417,0.114583,-2.08212,0.0114583,-0.924659,0.114583,All
-0.601835,0.119792,-2.06712,0.0119792,-0.878513,0.119792,All
-0.594971,0.125,-2.06468,0.0125,-0.839079,0.125,All
-0.580809,0.130208,-2.02893,0.0130208,-0.833036,0.130208,All
-0.560686,0.135417,-2.02252,0.0135417,-0.831915,0.135417,All
-0.557218,0.140625,-2.01985,0.0140625,-0.772554,0.140625,All
-0.520051,0.145833,-2.01707,0.0145833,-0.740648,0.145833,All
-0.518186,0.151042,-1.97758,0.0151042,-0.703837,0.151042,All
-0.513794,0.15625,-1.943,0.015625,-0.700313,0.15625,All
-0.505636,0.161458,-1.94079,0.0161458,-0.686964,0.161458,All
-0.484167,0.166667,-1.93952,0.0166667,-0.685227,0.166667,All
-0.470925,0.171875,-1.93188,0.0171875,-0.677982,0.171875,All
-0.44732,0.177083,-1.92417,0.0177083,-0.660446,0.177083,All
-0.377689,0.182292,-1.91705,0.0182292,-0.639931,0.182292,All
-0.373245,0.1875,-1.89686,0.01875,-0.634646,0.1875,All
-0.348861,0.192708,-1.89175,0.0192708,-0.625026,0.192708,All
-0.343979,0.197917,-1.88012,0.0197917,-0.615403,0.197917,All
-0.310354,0.203125,-1.87353,0.0203125,-0.580462,0.203125,All
-0.298045,0.208333,-1.87041,0.0208333,-0.569039,0.208333,All
-0.264793,0.213542,-1.86822,0.0213542,-0.552613,0.213542,All
-0.260088,0.21875,-1.86598,0.021875,-0.550986,0.21875,All
-0.233848,0.223958,-1.85987,0.0223958,-0.520129,0.223958,All
-0.233551,0.229167,-1.84879,0.0229167,-0.517698,0.229167,All
-0.232417,0.234375,-1.84727,0.0234375,-0.489793,0.234375,All
-0.231176,0.239583,-1.84456,0.0239583,-0.476858,0.239583,All
-0.222612,0.244792,-1.83802,0.0244792,-0.473996,0.244792,All
-0.216543,0.25,-1.83553,0.025,-0.454729,0.25,All
-0.208455,0.255208,-1.82272,0.0255208,-0.443829,0.255208,All
-0.207055,0.260417,-1.82088,0.0260417,-0.43033,0.260417,All
-0.204932,0.265625,-1.81816,0.0265625,-0.42915,0.265625,All
-0.203794,0.270833,-1.80629,0.0270833,-0.395947,0.270833,All
-0.202548,0.276042,-1.79563,0.0276042,-0.345264,0.276042,All
-0.192236,0.28125,-1.79204,0.028125,-0.297629,0.28125,All
-0.182976,0.286458,-1.78027,0.0286458,-0.292865,0.286458,All
-0.175924,0.291667,-1.77857,0.0291667,-0.288744,0.291667,All
-0.172497,0.296875,-1.76219,0.0296875,-0.285175,0.296875,All
-0.160908,0.302083,-1.75686,0.0302083,-0.284965,0.302083,All
-0.149056,0.307292,-1.75653,0.0307292,-0.278633,0.307292,All
-0.126786,0.3125,-1.75311,0.03125,-0.269946,0.3125,All
-0.125595,0.317708,-1.73883,0.0317708,-0.261661,0.317708,All
-0.106633,0.322917,-1.73519,0.0322917,-0.25658,0.322917,All
-0.0803504,0.328125,-1.71714,0.0328125,-0.245718,0.328125,All
-0.0593376,0.333333,-1.70653,0.0333333,-0.234786,0.333333,All
-0.0580415,0.338542,-1.70474,0.0338542,-0.231178,0.338542,All
-0.0496695,0.34375,-1.69521,0.034375,-0.226787,0.34375,All
-0.0404185,0.348958,-1.68463,0.0348958,-0.205045,0.348958,All
-0.024251,0.354167,-1.68011,0.0354167,-0.185017,0.354167,All
-0.0231456,0.359375,-1.6707,0.0359375,-0.177767,0.359375,All
-0.00907261,0.364583,-1.65107,0.0364583,-0.172873,0.364583,All
-0.00373792,0.369792,-1.64803,0.0369792,-0.170192,0.369792,All
0.00217002,0.375,-1.64014,0.0375,-0.151208,0.375,All
0.0175129,0.380208,-1.63023,0.0380208,-0.150545,0.380208,All
0.0185205,0.385417,-1.62011,0.0385417,-0.132806,0.385417,All
0.0211876,0.390625,-1.61782,0.0390625,-0.125447,0.390625,All
0.032335,0.395833,-1.61447,0.0395833,-0.118152,0.395833,All
0.0342938,0.401042,-1.61438,0.0401042,-0.107007,0.401042,All
0.03441,0.40625,-1.61417,0.040625,-0.0985587,0.40625,All
0.0368608,0.411458,-1.60434,0.0411458,-0.0973893,0.411458,All
0.047482,0.416667,-1.60317,0.0416667,-0.0951375,0.416667,All
0.048632,0.421875,-1.60255,0.0421875,-0.0894958,0.421875,All
0.0543698,0.427083,-1.59985,0.0427083,-0.0529612,0.427083,All
0.0556137,0.432292,-1.58423,0.0432292,-0.0304746,0.432292,All
0.0737294,0.4375,-1.58336,0.04375,0.00243211,0.4375,All
0.0759995,0.442708,-1.57964,0.0442708,0.0112758,0.442708,All
0.0762739,0.447917,-1.57406,0.0447917,0.0155999,0.447917,All
0.091529,0.453125,-1.57388,0.0453125,0.0183422,0.453125,All
0.0991877,0.458333,-1.56874,0.0458333,0.0209025,0.458333,All
0.101755,0.463542,-1.56697,0.0463542,0.0257874,0.463542,All
0.108687,0.46875,-1.5664,0.046875,0.0272283,0.46875,All
0.109882,0.473958,-1.55345,0.0473958,0.0513651,0.473958,All
0.112293,0.479167,-1.5505,0.0479167,0.05735,0.479167,All
0.11623,0.484375,-1.5452,0.0484375,0.0625628,0.484375,All
0.123846,0.489583,-1.53315,0.0489583,0.0638568,0.489583,All
0.12765,0.494792,-1.52563,0.0494792,0.0673576,0.494792,All
0.145281,0.5,-1.52217,0.05,0.0853309,0.5,All
0.153686,0.505208,-1.48304,0.0505208,0.0938445,0.505208,All
0.160203,0.510417,-1.48042,0.0510417,0.10395,0.510417,All
0.179184,0.515625,-1.47948,0.0515625,0.113415,0.515625,All
0.182437,0.520833,-1.47709,0.0520833,0.115426,0.520833,All
0.182942,0.526042,-1.47619,0.0526042,0.136695,0.526042,All
0.18662,0.53125,-1.47361,0.053125,0.15011,0.53125,All
0.190493,0.536458,-1.47341,0.0536458,0.161437,0.536458,All
0.196581,0.541667,-1.47119,0.0541667,0.163338,0.541667,All
0.200649,0.546875,-1.46853,0.0546875,0.170799,0.546875,All
0.204999,0.552083,-1.4639,0.0552083,0.178939,0.552083,All
0.222677,0.557292,-1.46075,0.0557292,0.198043,0.557292,All
0.22717,0.5625,-1.44686,0.05625,0.2112,0.5625,All
0.228239,0.567708,-1.43772,0.0567708,0.213597,0.567708,All
0.235044,0.572917,-1.42545,0.0572917,0.216155,0.572917,All
0.236518,0.578125,-1.41131,0.0578125,0.233971,0.578125,All
0.237175,0.583333,-1.40901,0.0583333,0.234628,0.583333,All
0.247053,0.588542,-1.39901,0.0588542,0.24647,0.588542,All
0.247605,0.59375,-1.39822,0.059375,0.24883,0.59375,All
0.25212,0.598958,-1.39586,0.0598958,0.271703,0.598958,All
0.255808,0.604167,-1.38745,0.0604167,0.282886,0.604167,All
0.270272,0.609375,-1.38138,0.0609375,0.299289,0.609375,All
0.274587,0.614583,-1.37904,0.0614583,0.299483,0.614583,All
0.28623,0.619792,-1.37623,0.0619792,0.304449,0.619792,All
0.28661,0.625,-1.37302,0.0625,0.317921,0.625,All
0.314319,0.630208,-1.37092,0.0630208,0.33554,0.630208,All
0.341056,0.635417,-1.37046,0.0635417,0.362768,0.635417,All
0.347764,0.640625,-1.35689,0.0640625,0.372244,0.640625,All
0.369675,0.645833,-1.35212,0.0645833,0.390611,0.645833,All
0.378914,0.651042,-1.34816,0.0651042,0.397752,0.651042,All
0.389179,0.65625,-1.33797,0.065625,0.39826,0.65625,All
0.442218,0.661458,-1.33757,0.0661458,0.416055,0.661458,All
0.442872,0.666667,-1.33726,0.0666667,0.427439,0.666667,All
0.448447,0.671875,-1.33725,0.0671875,0.464248,0.671875,All
0.449986,0.677083,-1.33373,0.0677083,0.471136,0.677083,All
0.472679,0.682292,-1.33007,0.0682292,0.473397,0.682292,All
0.481634,0.6875,-1.32577,0.06875,0.497855,0.6875,All
0.513272,0.692708,-1.31604,0.0692708,0.499885,0.692708,All
0.521787,0.697917,-1.30535,0.0697917,0.525468,0.697917,All
0.527125,0.703125,-1.30017,0.0703125,0.53625,0.703125,All
0.531933,0.708333,-1.29951,0.0708333,0.539761,0.708333,All
0.552501,0.713542,-1.29639,0.0713542,0.550123,0.713542,All
0.558648,0.71875,-1.28808,0.071875,0.562389,0.71875,All
0.579408,0.723958,-1.288,0.0723958,0.58682,0.723958,All
0.585957,0.729167,-1.26979,0.0729167,0.639199,0.729167,All
0.597598,0.734375,-1.26689,0.0734375,0.640967,0.734375,All
0.612073,0.739583,-1.26111,0.0739583,0.649686,0.739583,All
0.632422,0.744792,-1.25352,0.0744792,0.704184,0.744792,All
0.639083,0.75,-1.2505,0.075,0.736292,0.75,All
0.640253,0.755208,-1.24664,0.0755208,0.741319,0.755208,All
0.642003,0.760417,-1.24104,0.0760417,0.762515,0.760417,All
0.643355,0.765625,-1.2349,0.0765625,0.767157,0.765625,All
0.657137,0.770833,-1.22945,0.0770833,0.773958,0.770833,All
0.680109,0.776042,-1.22936,0.0776042,0.787676,0.776042,All
0.690281,0.78125,-1.22194,0.078125,0.813611,0.78125,All
0.707375,0.786458,-1.21612,0.0786458,0.83238,0.786458,All
0.721823,0.791667,-1.21362,0.0791667,0.845322,0.791667,All
0.722197,0.796875,-1.20697,0.0796875,0.853233,0.796875,All
0.735254,0.802083,-1.19776,0.0802083,0.894742,0.802083,All
0.73994,0.807292,-1.18112,0.0807292,0.921536,0.807292,All
0.787754,0.8125,-1.17251,0.08125,0.96525,0.8125,All
0.803921,0.817708,-1.1669,0.0817708,0.981605,0.817708,All
0.82643,0.822917,-1.1665,0.0822917,0.995403,0.822917,All
0.868738,0.828125,-1.16557,0.0828125,1.0065,0.828125,All
0.889128,0.833333,-1.16015,0.0833333,1.01451,0.833333,All
0.921856,0.838542,-1.15663,0.0838542,1.12932,0.838542,All
0.961105,0.84375,-1.15282,0.084375,1.13383,0.84375,All
1.02362,0.848958,-1.15219,0.0848958,1.14265,0.848958,All
1.05669,0.854167,-1.1513,0.0854167,1.35027,0.854167,All
1.13826,0.859375,-1.14981,0.0859375,1.35734,0.859375,All
1.14614,0.864583,-1.14871,0.0864583,1.35753,0.864583,All
1.20477,0.869792,-1.14348,0.0869792,1.36726,0.869792,All
1.32788,0.875,-1.14146,0.0875,1.37582,0.875,All
1.33266,0.880208,-1.14103,0.0880208,1.3768,0.880208,All
1.35127,0.885417,-1.13942,0.0885417,1.38178,0.885417,All
1.36736,0.890625,-1.13769,0.0890625,1.39623,0.890625,All
1.37079,0.895833,-1.13755,0.0895833,1.39712,0.895833,All
1.38741,0.901042,-1.13402,0.0901042,1.42685,0.901042,All
1.3897,0.90625,-1.13358,0.090625,1.43467,0.90625,All
1.40387,0.911458,-1.13286,0.0911458,1.43907,0.911458,All
1.40971,0.916667,-1.13006,0.0916667,1.44678,0.916667,All
1.4277,0.921875,-1.12841,0.0921875,1.44793,0.921875,All
1.44047,0.927083,-1.12741,0.0927083,1.45882,0.927083,All
1.46163,0.932292,-1.12731,0.0932292,1.4659,0.932292,All
1.46213,0.9375,-1.1265,0.09375,1.47373,0.9375,All
1.46254,0.942708,-1.12633,0.0942708,1.47414,0.942708,All
1.46931,0.947917,-1.12319,0.0947917,1.49275,0.947917,All
1.48812,0.953125,-1.11884,0.0953125,1.50519,0.953125,All
1.49072,0.958333,-1.11427,0.0958333,1.51761,0.958333,All
1.4987,0.963542,-1.10613,0.0963542,1.51775,0.963542,All
1.50351,0.96875,-1.10366,0.096875,1.53687,0.96875,All
1.50542,0.973958,-1.10124,0.0973958,1.54646,0.973958,All
1.5106,0.979167,-1.10054,0.0979167,1.55829,0.979167,All
1.53016,0.984375,-1.0971,0.0984375,1.6271,0.984375,All
1.53144,0.989583,-1.0969,0.0989583,1.73038,0.989583,All
1.5432,0.994792,-1.095,0.0994792,1.81035,0.994792,All
1.58988,1,-1.09426,0.1,1.81422,1,All
4,1,-1.09262,0.100521,4,1,All
,,-1.09025,0.101042,,,All
,,-1.08759,0.101563,,,All
,,-1.08753,0.102083,,,All
,,-1.08589,0.102604,,,All
,,-1.08532,0.103125,,,All
,,-1.0849,0.103646,,,All
,,-1.08356,0.104167,,,All
,,-1.08277,0.104688,,,All
,,-1.08272,0.105208,,,All
,,-1.08143,0.105729,,,All
,,-1.08001,0.10625,,,All
,,-1.07772,0.106771,,,All
,,-1.07444,0.107292,,,All
,,-1.07346,0.107813,,,All
,,-1.07328,0.108333,,,All
,,-1.0718,0.108854,,,All
,,-1.07168,0.109375,,,All
,,-1.06936,0.109896,,,All
,,-1.05915,0.110417,,,All
,,-1.05832,0.110937,,,All
,,-1.05367,0.111458,,,All
,,-1.05061,0.111979,,,All
,,-1.04891,0.1125,,,All
,,-1.03809,0.113021,,,All
,,-1.0363,0.113542,,,All
,,-1.03567,0.114062,,,All
,,-1.03533,0.114583,,,All
,,-1.03195,0.115104,,,All
,,-1.03051,0.115625,,,All
,,-1.02855,0.116146,,,All
,,-1.02411,0.116667,,,All
,,-1.02128,0.117188,,,All
,,-1.01294,0.117708,,,All
,,-1.00764,0.118229,,,All
,,-0.998379,0.11875,,,All
,,-0.997348,0.119271,,,All
,,-0.992419,0.119792,,,All
,,-0.984909,0.120313,,,All
,,-0.984484,0.120833,,,All
,,-0.984145,0.121354,,,All
,,-0.983349,0.121875,,,All
,,-0.981201,0.122396,,,All
,,-0.978291,0.122917,,,All
,,-0.976753,0.123438,,,All
,,-0.976363,0.123958,,,All
,,-0.974422,0.124479,,,All
,,-0.974155,0.125,,,All
,,-0.96141,0.125521,,,All
,,-0.957855,0.126042,,,All
,,-0.95706,0.126562,,,All
,,-0.956329,0.127083,,,All
,,-0.955549,0.127604,,,All
,,-0.955076,0.128125,,,All
,,-0.954429,0.128646,,,All
,,-0.948491,0.129167,,,All
,,-0.945853,0.129688,,,All
,,-0.945389,0.130208,,,All
,,-0.939846,0.130729,,,All
,,-0.939026,0.13125,,,All
,,-0.933123,0.131771,,,All
,,-0.928675,0.132292,,,All
,,-0.926438,0.132813,,,All
,,-0.923157,0.133333,,,All
,,-0.922485,0.133854,,,All
,,-0.920545,0.134375,,,All
,,-0.90722,0.134896,,,All
,,-0.905197,0.135417,,,All
,,-0.902065,0.135937,,,All
,,-0.902047,0.136458,,,All
,,-0.900665,0.136979,,,All
,,-0.900335,0.1375,,,All
,,-0.899605,0.138021,,,All
,,-0.892845,0.138542,,,All
,,-0.892273,0.139063,,,All
,,-0.892106,0.139583,,,All
,,-0.891513,0.140104,,,All
,,-0.891157,0.140625,,,All
,,-0.890955,0.141146,,,All
,,-0.890275,0.141667,,,All
,,-0.889181,0.142187,,,All
,,-0.888835,0.142708,,,All
,,-0.88791,0.143229,,,All
,,-0.88333,0.14375,,,All
,,-0.883142,0.144271,,,All
,,-0.882567,0.144792,,,All
,,-0.882015,0.145313,,,All
,,-0.880561,0.145833,,,All
,,-0.875727,0.146354,,,All
,,-0.87437,0.146875,,,All
,,-0.874098,0.147396,,,All
,,-0.872251,0.147917,,,All
,,-0.871314,0.148438,,,All
,,-0.870695,0.148958,,,All
,,-0.86927,0.149479,,,All
,,-0.867117,0.15,,,All
,,-0.866909,0.150521,,,All
,,-0.86428,0.151042,,,All
,,-0.860359,0.151562,,,All
,,-0.860214,0.152083,,,All
,,-0.858559,0.152604,,,All
,,-0.857864,0.153125,,,All
,,-0.856156,0.153646,,,All
,,-0.855222,0.154167,,,All
,,-0.85278,0.154688,,,All
,,-0.849918,0.155208,,,All
,,-0.8401,0.155729,,,All
,,-0.834451,0.15625,,,All
,,-0.834233,0.156771,,,All
,,-0.834226,0.157292,,,All
,,-0.832941,0.157812,,,All
,,-0.832243,0.158333,,,All
,,-0.829815,0.158854,,,All
,,-0.82938,0.159375,,,All
,,-0.82747,0.159896,,,All
,,-0.827342,0.160417,,,All
,,-0.821861,0.160938,,,All
,,-0.817332,0.161458,,,All
,,-0.815902,0.161979,,,All
,,-0.815462,0.1625,,,All
,,-0.814579,0.163021,,,All
,,-0.813752,0.163542,,,All
,,-0.811742,0.164063,,,All
,,-0.808572,0.164583,,,All
,,-0.807314,0.165104,,,All
,,-0.807093,0.165625,,,All
,,-0.802572,0.166146,,,All
,,-0.797556,0.166667,,,All
,,-0.796951,0.167187,,,All
,,-0.794756,0.167708,,,All
,,-0.793174,0.168229,,,All
,,-0.792742,0.16875,,,All
,,-0.792376,0.169271,,,All
,,-0.786543,0.169792,,,All
,,-0.78423,0.170313,,,All
,,-0.779024,0.170833,,,All
,,-0.773859,0.171354,,,All
,,-0.773857,0.171875,,,All
,,-0.769465,0.172396,,,All
,,-0.764424,0.172917,,,All
,,-0.76071,0.173437,,,All
,,-0.758103,0.173958,,,All
,,-0.754375,0.174479,,,All
,,-0.753034,0.175,,,All
,,-0.749586,0.175521,,,All
,,-0.745282,0.176042,,,All
,,-0.743294,0.176563,,,All
,,-0.74095,0.177083,,,All
,,-0.739804,0.177604,,,All
,,-0.737346,0.178125,,,All
,,-0.73184,0.178646,,,All
,,-0.731426,0.179167,,,All
,,-0.725562,0.179688,,,All
,,-0.724078,0.180208,,,All
,,-0.722496,0.180729,,,All
,,-0.721684,0.18125,,,All
,,-0.720324,0.181771,,,All
,,-0.719654,0.182292,,,All
,,-0.718409,0.182812,,,All
,,-0.717874,0.183333,,,All
,,-0.716585,0.183854,,,All
,,-0.70903,0.184375,,,All
,,-0.708881,0.184896,,,All
,,-0.706475,0.185417,,,All
,,-0.704355,0.185938,,,All
,,-0.703119,0.186458,,,All
,,-0.70264,0.186979,,,All
,,-0.702621,0.1875,,,All
,,-0.70164,0.188021,,,All
,,-0.698297,0.188542,,,All
,,-0.695952,0.189062,,,All
,,-0.694349,0.189583,,,All
,,-0.693424,0.190104,,,All
,,-0.693158,0.190625,,,All
,,-0.687399,0.191146,,,All
,,-0.686215,0.191667,,,All
,,-0.683572,0.192188,,,All
,,-0.681091,0.192708,,,All
,,-0.680248,0.193229,,,All
,,-0.679851,0.19375,,,All
,,-0.679494,0.194271,,,All
,,-0.67891,0.194792,,,All
,,-0.677782,0.195313,,,All
,,-0.676969,0.195833,,,All
,,-0.676875,0.196354,,,All
,,-0.674812,0.196875,,,All
,,-0.668419,0.197396,,,All
,,-0.667429,0.197917,,,All
,,-0.666609,0.198437,,,All
,,-0.666332,0.198958,,,All
,,-0.6644,0.199479,,,All
,,-0.662997,0.2,,,All
,,-0.660879,0.200521,,,All
,,-0.659442,0.201042,,,All
,,-0.659346,0.201563,,,All
,,-0.656421,0.202083,,,All
,,-0.653533,0.202604,,,All
,,-0.64923,0.203125,,,All
,,-0.649212,0.203646,,,All
,,-0.64886,0.204167,,,All
,,-0.648598,0.204687,,,All
,,-0.647924,0.205208,,,All
,,-0.644449,0.205729,,,All
,,-0.643949,0.20625,,,All
,,-0.643278,0.206771,,,All
,,-0.643185,0.207292,,,All
,,-0.642509,0.207813,,,All
,,-0.642491,0.208333,,,All
,,-0.641073,0.208854,,,All
,,-0.638845,0.209375,,,All
,,-0.638674,0.209896,,,All
,,-0.6367,0.210417,,,All
,,-0.636164,0.210938,,,All
,,-0.635542,0.211458,,,All
,,-0.634729,0.211979,,,All
,,-0.633152,0.2125,,,All
,,-0.633147,0.213021,,,All
,,-0.629341,0.213542,,,All
,,-0.628758,0.214062,,,All
,,-0.627619,0.214583,,,All
,,-0.62645,0.215104,,,All
,,-0.622819,0.215625,,,All
,,-0.620183,0.216146,,,All
,,-0.619597,0.216667,,,All
,,-0.613671,0.217188,,,All
,,-0.61337,0.217708,,,All
,,-0.609644,0.218229,,,All
,,-0.60942,0.21875,,,All
,,-0.609416,0.219271,,,All
,,-0.60892,0.219792,,,All
,,-0.606685,0.220312,,,All
,,-0.604316,0.220833,,,All
,,-0.603993,0.221354,,,All
,,-0.603291,0.221875,,,All
,,-0.602925,0.222396,,,All
,,-0.602856,0.222917,,,All
,,-0.602245,0.223438,,,All
,,-0.601894,0.223958,,,All
,,-0.598301,0.224479,,,All
,,-0.595943,0.225,,,All
,,-0.595527,0.225521,,,All
,,-0.5937,0.226042,,,All
,,-0.59202,0.226563,,,All
,,-0.591879,0.227083,,,All
,,-0.590767,0.227604,,,All
,,-0.587103,0.228125,,,All
,,-0.581982,0.228646,,,All
,,-0.580976,0.229167,,,All
,,-0.579767,0.229687,,,All
,,-0.578613,0.230208,,,All
,,-0.575999,0.230729,,,All
,,-0.571155,0.23125,,,All
,,-0.570813,0.231771,,,All
,,-0.567634,0.232292,,,All
,,-0.561734,0.232813,,,All
,,-0.560937,0.233333,,,All
,,-0.558903,0.233854,,,All
,,-0.558573,0.234375,,,All
,,-0.556913,0.234896,,,All
,,-0.555098,0.235417,,,All
,,-0.552431,0.235937,,,All
,,-0.549633,0.236458,,,All
,,-0.549206,0.236979,,,All
,,-0.544528,0.2375,,,All
,,-0.542971,0.238021,,,All
,,-0.53876,0.238542,,,All
,,-0.537476,0.239063,,,All
,,-0.537207,0.239583,,,All
,,-0.535517,0.240104,,,All
,,-0.5349,0.240625,,,All
,,-0.534505,0.241146,,,All
,,-0.534146,0.241667,,,All
,,-0.533969,0.242188,,,All
,,-0.532925,0.242708,,,All
,,-0.527478,0.243229,,,All
,,-0.525934,0.24375,,,All
,,-0.525124,0.244271,,,All
,,-0.524174,0.244792,,,All
,,-0.523572,0.245312,,,All
,,-0.522868,0.245833,,,All
,,-0.522658,0.246354,,,All
,,-0.52212,0.246875,,,All
,,-0.520305,0.247396,,,All
,,-0.515538,0.247917,,,All
,,-0.515297,0.248438,,,All
,,-0.511617,0.248958,,,All
,,-0.511422,0.249479,,,All
,,-0.509572,0.25,,,All
,,-0.509553,0.250521,,,All
,,-0.507648,0.251042,,,All
,,-0.507614,0.251563,,,All
,,-0.507582,0.252083,,,All
,,-0.507117,0.252604,,,All
,,-0.501044,0.253125,,,All
,,-0.497685,0.253646,,,All
,,-0.494262,0.254167,,,All
,,-0.494062,0.254688,,,All
,,-0.493409,0.255208,,,All
,,-0.490134,0.255729,,,All
,,-0.489579,0.25625,,,All
,,-0.48819,0.256771,,,All
,,-0.488163,0.257292,,,All
,,-0.48729,0.257813,,,All
,,-0.486037,0.258333,,,All
,,-0.480571,0.258854,,,All
,,-0.480533,0.259375,,,All
,,-0.478783,0.259896,,,All
,,-0.478637,0.260417,,,All
,,-0.478095,0.260937,,,All
,,-0.475123,0.261458,,,All
,,-0.470117,0.261979,,,All
,,-0.469534,0.2625,,,All
,,-0.468473,0.263021,,,All
,,-0.464443,0.263542,,,All
,,-0.464387,0.264062,,,All
,,-0.463916,0.264583,,,All
,,-0.463517,0.265104,,,All
,,-0.462489,0.265625,,,All
,,-0.461745,0.266146,,,All
,,-0.455687,0.266667,,,All
,,-0.453598,0.267188,,,All
,,-0.451138,0.267708,,,All
,,-0.450401,0.268229,,,All
,,-0.447561,0.26875,,,All
,,-0.446087,0.269271,,,All
,,-0.443628,0.269792,,,All
,,-0.441832,0.270313,,,All
,,-0.439712,0.270833,,,All
,,-0.43884,0.271354,,,All
,,-0.438222,0.271875,,,All
,,-0.437689,0.272396,,,All
,,-0.437362,0.272917,,,All
,,-0.436114,0.273438,,,All
,,-0.435134,0.273958,,,All
,,-0.432268,0.274479,,,All
,,-0.429858,0.275,,,All
,,-0.428763,0.275521,,,All
,,-0.427009,0.276042,,,All
,,-0.424116,0.276562,,,All
,,-0.42394,0.277083,,,All
,,-0.420021,0.277604,,,All
,,-0.416293,0.278125,,,All
,,-0.414336,0.278646,,,All
,,-0.412801,0.279167,,,All
,,-0.412063,0.279687,,,All
,,-0.411063,0.280208,,,All
,,-0.41069,0.280729,,,All
,,-0.410473,0.28125,,,All
,,-0.40917,0.281771,,,All
,,-0.407644,0.282292,,,All
,,-0.406717,0.282813,,,All
,,-0.402227,0.283333,,,All
,,-0.401538,0.283854,,,All
,,-0.397316,0.284375,,,All
,,-0.397164,0.284896,,,All
,,-0.396106,0.285417,,,All
,,-0.395588,0.285938,,,All
,,-0.392106,0.286458,,,All
,,-0.39208,0.286979,,,All
,,-0.390386,0.2875,,,All
,,-0.388507,0.288021,,,All
,,-0.386301,0.288542,,,All
,,-0.384918,0.289063,,,All
,,-0.383837,0.289583,,,All
,,-0.382841,0.290104,,,All
,,-0.380975,0.290625,,,All
,,-0.380344,0.291146,,,All
,,-0.377196,0.291667,,,All
,,-0.375664,0.292187,,,All
,,-0.373956,0.292708,,,All
,,-0.370119,0.293229,,,All
,,-0.369328,0.29375,,,All
,,-0.368022,0.294271,,,All
,,-0.366532,0.294792,,,All
,,-0.364995,0.295312,,,All
,,-0.359062,0.295833,,,All
,,-0.358749,0.296354,,,All
,,-0.358641,0.296875,,,All
,,-0.358568,0.297396,,,All
,,-0.357166,0.297917,,,All
,,-0.356689,0.298438,,,All
,,-0.355154,0.298958,,,All
,,-0.353654,0.299479,,,All
,,-0.35121,0.3,,,All
,,-0.348602,0.300521,,,All
,,-0.348394,0.301042,,,All
,,-0.34709,0.301563,,,All
,,-0.345302,0.302083,,,All
,,-0.344717,0.302604,,,All
,,-0.343452,0.303125,,,All
,,-0.340368,0.303646,,,All
,,-0.340346,0.304167,,,All
,,-0.337156,0.304688,,,All
,,-0.336689,0.305208,,,All
,,-0.3339,0.305729,,,All
,,-0.33318,0.30625,,,All
,,-0.33293,0.306771,,,All
,,-0.332822,0.307292,,,All
,,-0.330658,0.307812,,,All
,,-0.330193,0.308333,,,All
,,-0.329608,0.308854,,,All
,,-0.329262,0.309375,,,All
,,-0.328519,0.309896,,,All
,,-0.327831,0.310417,,,All
,,-0.326959,0.310937,,,All
,,-0.32671,0.311458,,,All
,,-0.326349,0.311979,,,All
,,-0.323301,0.3125,,,All
,,-0.322134,0.313021,,,All
,,-0.321722,0.313542,,,All
,,-0.321189,0.314063,,,All
,,-0.316282,0.314583,,,All
,,-0.31492,0.315104,,,All
,,-0.314597,0.315625,,,All
,,-0.314245,0.316146,,,All
,,-0.313584,0.316667,,,All
,,-0.313232,0.317188,,,All
,,-0.310491,0.317708,,,All
,,-0.309459,0.318229,,,All
,,-0.308415,0.31875,,,All
,,-0.307845,0.319271,,,All
,,-0.303933,0.319792,,,All
,,-0.30387,0.320313,,,All
,,-0.300706,0.320833,,,All
,,-0.300052,0.321354,,,All
,,-0.299264,0.321875,,,All
,,-0.298403,0.322396,,,All
,,-0.297879,0.322917,,,All
,,-0.295799,0.323437,,,All
,,-0.294942,0.323958,,,All
,,-0.293335,0.324479,,,All
,,-0.292024,0.325,,,All
,,-0.289856,0.325521,,,All
,,-0.28968,0.326042,,,All
,,-0.289298,0.326562,,,All
,,-0.281901,0.327083,,,All
,,-0.280915,0.327604,,,All
,,-0.275104,0.328125,,,All
,,-0.273755,0.328646,,,All
,,-0.272817,0.329167,,,All
,,-0.272635,0.329688,,,All
,,-0.270178,0.330208,,,All
,,-0.267633,0.330729,,,All
,,-0.263714,0.33125,,,All
,,-0.263284,0.331771,,,All
,,-0.260511,0.332292,,,All
,,-0.259501,0.332813,,,All
,,-0.256139,0.333333,,,All
,,-0.255472,0.333854,,,All
,,-0.255203,0.334375,,,All
,,-0.255043,0.334896,,,All
,,-0.253669,0.335417,,,All
,,-0.253156,0.335938,,,All
,,-0.25063,0.336458,,,All
,,-0.250064,0.336979,,,All
,,-0.248008,0.3375,,,All
,,-0.24789,0.338021,,,All
,,-0.247106,0.338542,,,All
,,-0.24615,0.339062,,,All
,,-0.244753,0.339583,,,All
,,-0.243987,0.340104,,,All
,,-0.242804,0.340625,,,All
,,-0.241134,0.341146,,,All
,,-0.240816,0.341667,,,All
,,-0.239737,0.342187,,,All
,,-0.238611,0.342708,,,All
,,-0.236995,0.343229,,,All
,,-0.235932,0.34375,,,All
,,-0.235425,0.344271,,,All
,,-0.232157,0.344792,,,All
,,-0.231909,0.345313,,,All
,,-0.230226,0.345833,,,All
,,-0.22712,0.346354,,,All
,,-0.222174,0.346875,,,All
,,-0.219421,0.347396,,,All
,,-0.219349,0.347917,,,All
,,-0.217795,0.348438,,,All
,,-0.217143,0.348958,,,All
,,-0.213689,0.349479,,,All
,,-0.213668,0.35,,,All
,,-0.213417,0.350521,,,All
,,-0.211884,0.351042,,,All
,,-0.210966,0.351563,,,All
,,-0.210133,0.352083,,,All
,,-0.208702,0.352604,,,All
,,-0.208602,0.353125,,,All
,,-0.207687,0.353646,,,All
,,-0.206494,0.354167,,,All
,,-0.204804,0.354687,,,All
,,-0.202973,0.355208,,,All
,,-0.198477,0.355729,,,All
,,-0.196953,0.35625,,,All
,,-0.196635,0.356771,,,All
,,-0.196194,0.357292,,,All
,,-0.19482,0.357812,,,All
,,-0.194683,0.358333,,,All
,,-0.194545,0.358854,,,All
,,-0.193854,0.359375,,,All
,,-0.187506,0.359896,,,All
,,-0.186693,0.360417,,,All
,,-0.185041,0.360938,,,All
,,-0.183413,0.361458,,,All
,,-0.182522,0.361979,,,All
,,-0.181529,0.3625,,,All
,,-0.178821,0.363021,,,All
,,-0.177604,0.363542,,,All
,,-0.17724,0.364063,,,All
,,-0.176752,0.364583,,,All
,,-0.176621,0.365104,,,All
,,-0.172063,0.365625,,,All
,,-0.171874,0.366146,,,All
,,-0.171709,0.366667,,,All
,,-0.170816,0.367188,,,All
,,-0.170213,0.367708,,,All
,,-0.168577,0.368229,,,All
,,-0.163862,0.36875,,,All
,,-0.160991,0.369271,,,All
,,-0.159712,0.369792,,,All
,,-0.15802,0.370312,,,All
,,-0.15794,0.370833,,,All
,,-0.157115,0.371354,,,All
,,-0.154092,0.371875,,,All
,,-0.154006,0.372396,,,All
,,-0.153948,0.372917,,,All
,,-0.153878,0.373437,,,All
,,-0.153462,0.373958,,,All
,,-0.153262,0.374479,,,All
,,-0.152015,0.375,,,All
,,-0.150961,0.375521,,,All
,,-0.148922,0.376042,,,All
,,-0.148895,0.376563,,,All
,,-0.146569,0.377083,,,All
,,-0.145912,0.377604,,,All
,,-0.145134,0.378125,,,All
,,-0.143988,0.378646,,,All
,,-0.141397,0.379167,,,All
,,-0.141248,0.379688,,,All
,,-0.137559,0.380208,,,All
,,-0.134072,0.380729,,,All
,,-0.132285,0.38125,,,All
,,-0.132273,0.381771,,,All
,,-0.132024,0.382292,,,All
,,-0.131595,0.382813,,,All
,,-0.130988,0.383333,,,All
,,-0.130984,0.383854,,,All
,,-0.13081,0.384375,,,All
,,-0.128054,0.384896,,,All
,,-0.127532,0.385417,,,All
,,-0.127213,0.385937,,,All
,,-0.126983,0.386458,,,All
,,-0.125492,0.386979,,,All
,,-0.125273,0.3875,,,All
,,-0.122565,0.388021,,,All
,,-0.121594,0.388542,,,All
,,-0.120675,0.389062,,,All
,,-0.11954,0.389583,,,All
,,-0.119521,0.390104,,,All
,,-0.117814,0.390625,,,All
,,-0.117432,0.391146,,,All
,,-0.116038,0.391667,,,All
,,-0.113455,0.392188,,,All
,,-0.112135,0.392708,,,All
,,-0.111667,0.393229,,,All
,,-0.111197,0.39375,,,All
,,-0.107663,0.394271,,,All
,,-0.105965,0.394792,,,All
,,-0.104571,0.395313,,,All
,,-0.103246,0.395833,,,All
,,-0.100378,0.396354,,,All
,,-0.0996971,0.396875,,,All
,,-0.0983006,0.397396,,,All
,,-0.0980387,0.397917,,,All
,,-0.0970175,0.398438,,,All
,,-0.096315,0.398958,,,All
,,-0.0948265,0.399479,,,All
,,-0.0927437,0.4,,,All
,,-0.090916,0.400521,,,All
,,-0.0904224,0.401042,,,All
,,-0.0878762,0.401562,,,All
,,-0.0874632,0.402083,,,All
,,-0.0869795,0.402604,,,All
,,-0.0864344,0.403125,,,All
,,-0.0855676,0.403646,,,All
,,-0.0844597,0.404167,,,All
,,-0.0840551,0.404687,,,All
,,-0.0839933,0.405208,,,All
,,-0.0837435,0.405729,,,All
,,-0.0835692,0.40625,,,All
,,-0.0798436,0.406771,,,All
,,-0.0788164,0.407292,,,All
,,-0.0766283,0.407813,,,All
,,-0.0734979,0.408333,,,All
,,-0.0733809,0.408854,,,All
,,-0.071845,0.409375,,,All
,,-0.0698729,0.409896,,,All
,,-0.066987,0.410417,,,All
,,-0.0658552,0.410938,,,All
,,-0.0651463,0.411458,,,All
,,-0.0644865,0.411979,,,All
,,-0.063766,0.4125,,,All
,,-0.0634821,0.413021,,,All
,,-0.0614295,0.413542,,,All
,,-0.0605258,0.414063,,,All
,,-0.0597772,0.414583,,,All
,,-0.0594345,0.415104,,,All
,,-0.0588972,0.415625,,,All
,,-0.057171,0.416146,,,All
,,-0.0547432,0.416667,,,All
,,-0.0532524,0.417187,,,All
,,-0.0526971,0.417708,,,All
,,-0.0515538,0.418229,,,All
,,-0.0512592,0.41875,,,All
,,-0.0503769,0.419271,,,All
,,-0.0501823,0.419792,,,All
,,-0.0473599,0.420312,,,All
,,-0.0467452,0.420833,,,All
,,-0.0465435,0.421354,,,All
,,-0.0450284,0.421875,,,All
,,-0.0438074,0.422396,,,All
,,-0.0416803,0.422917,,,All
,,-0.0416679,0.423438,,,All
,,-0.0411073,0.423958,,,All
,,-0.0392696,0.424479,,,All
,,-0.0389083,0.425,,,All
,,-0.0368056,0.425521,,,All
,,-0.0365561,0.426042,,,All
,,-0.0350911,0.426563,,,All
,,-0.0343099,0.427083,,,All
,,-0.033948,0.427604,,,All
,,-0.0322913,0.428125,,,All
,,-0.0302583,0.428646,,,All
,,-0.0299677,0.429167,,,All
,,-0.0292597,0.429688,,,All
,,-0.0282776,0.430208,,,All
,,-0.0266774,0.430729,,,All
,,-0.0265831,0.43125,,,All
,,-0.0253357,0.431771,,,All
,,-0.0249515,0.432292,,,All
,,-0.0241055,0.432812,,,All
,,-0.0235774,0.433333,,,All
,,-0.0228371,0.433854,,,All
,,-0.0226331,0.434375,,,All
,,-0.0226271,0.434896,,,All
,,-0.022459,0.435417,,,All
,,-0.0221191,0.435937,,,All
,,-0.020838,0.436458,,,All
,,-0.0182559,0.436979,,,All
,,-0.0181307,0.4375,,,All
,,-0.0174207,0.438021,,,All
,,-0.0168953,0.438542,,,All
,,-0.015174,0.439063,,,All
,,-0.0145249,0.439583,,,All
,,-0.0137663,0.440104,,,All
,,-0.0136856,0.440625,,,All
,,-0.0131,0.441146,,,All
,,-0.0120868,0.441667,,,All
,,-0.00993727,0.442188,,,All
,,-0.00772903,0.442708,,,All
,,-0.00745862,0.443229,,,All
,,-0.00718952,0.44375,,,All
,,-0.00717305,0.444271,,,All
,,-0.00663901,0.444792,,,All
,,-0.00578998,0.445313,,,All
,,-0.00559875,0.445833,,,All
,,-0.00463682,0.446354,,,All
,,-0.00392521,0.446875,,,All
,,-0.0014556,0.447396,,,All
,,0.000793479,0.447917,,,All
,,0.00407015,0.448437,,,All
,,0.00496079,0.448958,,,All
,,0.00543603,0.449479,,,All
,,0.00692704,0.45,,,All
,,0.00899611,0.450521,,,All
,,0.0138214,0.451042,,,All
,,0.0138799,0.451562,,,All
,,0.014309,0.452083,,,All
,,0.0156056,0.452604,,,All
,,0.0163257,0.453125,,,All
,,0.0174614,0.453646,,,All
,,0.0176004,0.454167,,,All
,,0.0194293,0.454688,,,All
,,0.0196769,0.455208,,,All
,,0.0197172,0.455729,,,All
,,0.0200232,0.45625,,,All
,,0.0204247,0.456771,,,All
,,0.0216353,0.457292,,,All
,,0.0225081,0.457813,,,All
,,0.022634,0.458333,,,All
,,0.0261872,0.458854,,,All
,,0.0266561,0.459375,,,All
,,0.02774,0.459896,,,All
,,0.0289982,0.460417,,,All
,,0.0295307,0.460938,,,All
,,0.033671,0.461458,,,All
,,0.034441,0.461979,,,All
,,0.0345812,0.4625,,,All
,,0.0357957,0.463021,,,All
,,0.0379261,0.463542,,,All
,,0.0409368,0.464062,,,All
,,0.0416788,0.464583,,,All
,,0.042391,0.465104,,,All
,,0.0456926,0.465625,,,All
,,0.0477766,0.466146,,,All
,,0.048248,0.466667,,,All
,,0.0495253,0.467187,,,All
,,0.0503913,0.467708,,,All
,,0.0511214,0.468229,,,All
,,0.0513892,0.46875,,,All
,,0.0529558,0.469271,,,All
,,0.0546863,0.469792,,,All
,,0.0565223,0.470313,,,All
,,0.056804,0.470833,,,All
,,0.0609378,0.471354,,,All
,,0.0656954,0.471875,,,All
,,0.0682951,0.472396,,,All
,,0.0688395,0.472917,,,All
,,0.070696,0.473438,,,All
,,0.0722073,0.473958,,,All
,,0.0735802,0.474479,,,All
,,0.0737813,0.475,,,All
,,0.0773147,0.475521,,,All
,,0.0778424,0.476042,,,All
,,0.0780271,0.476563,,,All
,,0.0797391,0.477083,,,All
,,0.0828998,0.477604,,,All
,,0.0833684,0.478125,,,All
,,0.0838806,0.478646,,,All
,,0.0849936,0.479167,,,All
,,0.0883797,0.479687,,,All
,,0.0904351,0.480208,,,All
,,0.0921523,0.480729,,,All
,,0.0921746,0.48125,,,All
,,0.0928238,0.481771,,,All
,,0.0931284,0.482292,,,All
,,0.0958792,0.482812,,,All
,,0.0987802,0.483333,,,All
,,0.0998264,0.483854,,,All
,,0.10032,0.484375,,,All
,,0.102856,0.484896,,,All
,,0.103896,0.485417,,,All
,,0.104478,0.485938,,,All
,,0.106258,0.486458,,,All
,,0.106333,0.486979,,,All
,,0.10697,0.4875,,,All
,,0.107307,0.488021,,,All
,,0.107408,0.488542,,,All
,,0.110075,0.489063,,,All
,,0.110871,0.489583,,,All
,,0.111753,0.490104,,,All
,,0.113448,0.490625,,,All
,,0.1141,0.491146,,,All
,,0.115155,0.491667,,,All
,,0.115716,0.492188,,,All
,,0.115966,0.492708,,,All
,,0.120844,0.493229,,,All
,,0.121347,0.49375,,,All
,,0.122171,0.494271,,,All
,,0.124151,0.494792,,,All
,,0.12577,0.495312,,,All
,,0.126775,0.495833,,,All
,,0.128693,0.496354,,,All
,,0.129509,0.496875,,,All
,,0.129813,0.497396,,,All
,,0.130095,0.497917,,,All
,,0.130198,0.498437,,,All
,,0.130577,0.498958,,,All
,,0.130685,0.499479,,,All
,,0.130716,0.5,,,All
,,0.132736,0.500521,,,All
,,0.133142,0.501042,,,All
,,0.133323,0.501563,,,All
,,0.135359,0.502083,,,All
,,0.138796,0.502604,,,All
,,0.142852,0.503125,,,All
,,0.145333,0.503646,,,All
,,0.147049,0.504167,,,All
,,0.147102,0.504687,,,All
,,0.147127,0.505208,,,All
,,0.147403,0.505729,,,All
,,0.148557,0.50625,,,All
,,0.149251,0.506771,,,All
,,0.149647,0.507292,,,All
,,0.155105,0.507813,,,All
,,0.155693,0.508333,,,All
,,0.156605,0.508854,,,All
,,0.157309,0.509375,,,All
,,0.157415,0.509896,,,All
,,0.157495,0.510417,,,All
,,0.157561,0.510938,,,All
,,0.158871,0.511458,,,All
,,0.15893,0.511979,,,All
,,0.160119,0.5125,,,All
,,0.160148,0.513021,,,All
,,0.160555,0.513542,,,All
,,0.16322,0.514062,,,All
,,0.1639,0.514583,,,All
,,0.165339,0.515104,,,All
,,0.166203,0.515625,,,All
,,0.168216,0.516146,,,All
,,0.171284,0.516667,,,All
,,0.171999,0.517188,,,All
,,0.174291,0.517708,,,All
,,0.175415,0.518229,,,All
,,0.17618,0.51875,,,All
,,0.176831,0.519271,,,All
,,0.176893,0.519792,,,All
,,0.177149,0.520312,,,All
,,0.177798,0.520833,,,All
,,0.177918,0.521354,,,All
,,0.178076,0.521875,,,All
,,0.179361,0.522396,,,All
,,0.179901,0.522917,,,All
,,0.179954,0.523438,,,All
,,0.18019,0.523958,,,All
,,0.180962,0.524479,,,All
,,0.181947,0.525,,,All
,,0.187626,0.525521,,,All
,,0.187649,0.526042,,,All
,,0.187748,0.526563,,,All
,,0.189754,0.527083,,,All
,,0.193365,0.527604,,,All
,,0.195046,0.528125,,,All
,,0.195385,0.528646,,,All
,,0.195581,0.529167,,,All
,,0.199527,0.529687,,,All
,,0.200119,0.530208,,,All
,,0.202092,0.530729,,,All
,,0.202293,0.53125,,,All
,,0.202334,0.531771,,,All
,,0.202336,0.532292,,,All
,,0.205092,0.532813,,,All
,,0.20813,0.533333,,,All
,,0.208566,0.533854,,,All
,,0.209562,0.534375,,,All
,,0.210396,0.534896,,,All
,,0.210969,0.535417,,,All
,,0.211816,0.535937,,,All
,,0.21335,0.536458,,,All
,,0.213744,0.536979,,,All
,,0.214828,0.5375,,,All
,,0.215209,0.538021,,,All
,,0.217849,0.538542,,,All
,,0.218917,0.539063,,,All
,,0.221802,0.539583,,,All
,,0.223867,0.540104,,,All
,,0.22466,0.540625,,,All
,,0.226022,0.541146,,,All
,,0.226769,0.541667,,,All
,,0.22727,0.542188,,,All
,,0.227823,0.542708,,,All
,,0.228192,0.543229,,,All
,,0.229668,0.54375,,,All
,,0.230237,0.544271,,,All
,,0.230426,0.544792,,,All
,,0.233055,0.545312,,,All
,,0.23378,0.545833,,,All
,,0.233834,0.546354,,,All
,,0.233853,0.546875,,,All
,,0.23537,0.547396,,,All
,,0.235586,0.547917,,,All
,,0.236277,0.548438,,,All
,,0.239214,0.548958,,,All
,,0.240152,0.549479,,,All
,,0.240511,0.55,,,All
,,0.241628,0.550521,,,All
,,0.241861,0.551042,,,All
,,0.243159,0.551562,,,All
,,0.2452,0.552083,,,All
,,0.246079,0.552604,,,All
,,0.247894,0.553125,,,All
,,0.248103,0.553646,,,All
,,0.249118,0.554167,,,All
,,0.251728,0.554688,,,All
,,0.254516,0.555208,,,All
,,0.255456,0.555729,,,All
,,0.257493,0.55625,,,All
,,0.262016,0.556771,,,All
,,0.263482,0.557292,,,All
,,0.265094,0.557813,,,All
,,0.265311,0.558333,,,All
,,0.270266,0.558854,,,All
,,0.274865,0.559375,,,All
,,0.275314,0.559896,,,All
,,0.277203,0.560417,,,All
,,0.277856,0.560937,,,All
,,0.278602,0.561458,,,All
,,0.279275,0.561979,,,All
,,0.281153,0.5625,,,All
,,0.282458,0.563021,,,All
,,0.282538,0.563542,,,All
,,0.284206,0.564063,,,All
,,0.284252,0.564583,,,All
,,0.286911,0.565104,,,All
,,0.288239,0.565625,,,All
,,0.288305,0.566146,,,All
,,0.293804,0.566667,,,All
,,0.29647,0.567187,,,All
,,0.297598,0.567708,,,All
,,0.298058,0.568229,,,All
,,0.298223,0.56875,,,All
,,0.299963,0.569271,,,All
,,0.305154,0.569792,,,All
,,0.305166,0.570313,,,All
,,0.307124,0.570833,,,All
,,0.307791,0.571354,,,All
,,0.308857,0.571875,,,All
,,0.310439,0.572396,,,All
,,0.310495,0.572917,,,All
,,0.310849,0.573438,,,All
,,0.312535,0.573958,,,All
,,0.313385,0.574479,,,All
,,0.319323,0.575,,,All
,,0.319956,0.575521,,,All
,,0.320237,0.576042,,,All
,,0.320256,0.576562,,,All
,,0.322326,0.577083,,,All
,,0.323281,0.577604,,,All
,,0.326191,0.578125,,,All
,,0.326926,0.578646,,,All
,,0.328457,0.579167,,,All
,,0.331033,0.579688,,,All
,,0.333582,0.580208,,,All
,,0.334955,0.580729,,,All
,,0.335738,0.58125,,,All
,,0.335766,0.581771,,,All
,,0.336819,0.582292,,,All
,,0.340521,0.582812,,,All
,,0.345918,0.583333,,,All
,,0.346119,0.583854,,,All
,,0.346383,0.584375,,,All
,,0.347238,0.584896,,,All
,,0.349682,0.585417,,,All
,,0.350032,0.585938,,,All
,,0.351502,0.586458,,,All
,,0.353557,0.586979,,,All
,,0.353745,0.5875,,,All
,,0.355137,0.588021,,,All
,,0.358112,0.588542,,,All
,,0.358459,0.589063,,,All
,,0.360245,0.589583,,,All
,,0.361767,0.590104,,,All
,,0.362697,0.590625,,,All
,,0.363939,0.591146,,,All
,,0.367493,0.591667,,,All
,,0.367899,0.592187,,,All
,,0.37136,0.592708,,,All
,,0.373195,0.593229,,,All
,,0.373862,0.59375,,,All
,,0.376207,0.594271,,,All
,,0.378824,0.594792,,,All
,,0.380823,0.595313,,,All
,,0.381511,0.595833,,,All
,,0.381784,0.596354,,,All
,,0.382019,0.596875,,,All
,,0.382496,0.597396,,,All
,,0.385401,0.597917,,,All
,,0.38632,0.598437,,,All
,,0.386505,0.598958,,,All
,,0.387159,0.599479,,,All
,,0.387602,0.6,,,All
,,0.388399,0.600521,,,All
,,0.389398,0.601042,,,All
,,0.389411,0.601563,,,All
,,0.390192,0.602083,,,All
,,0.392197,0.602604,,,All
,,0.394739,0.603125,,,All
,,0.395649,0.603646,,,All
,,0.398044,0.604167,,,All
,,0.401167,0.604688,,,All
,,0.401596,0.605208,,,All
,,0.403036,0.605729,,,All
,,0.404512,0.60625,,,All
,,0.405241,0.606771,,,All
,,0.406306,0.607292,,,All
,,0.407745,0.607812,,,All
,,0.407786,0.608333,,,All
,,0.408138,0.608854,,,All
,,0.409063,0.609375,,,All
,,0.409473,0.609896,,,All
,,0.411699,0.610417,,,All
,,0.412957,0.610938,,,All
,,0.416158,0.611458,,,All
,,0.419155,0.611979,,,All
,,0.420484,0.6125,,,All
,,0.422311,0.613021,,,All
,,0.425248,0.613542,,,All
,,0.426506,0.614062,,,All
,,0.434333,0.614583,,,All
,,0.435136,0.615104,,,All
,,0.435821,0.615625,,,All
,,0.436707,0.616146,,,All
,,0.438397,0.616667,,,All
,,0.441894,0.617188,,,All
,,0.4427,0.617708,,,All
,,0.443736,0.618229,,,All
,,0.446093,0.61875,,,All
,,0.448085,0.619271,,,All
,,0.449816,0.619792,,,All
,,0.453797,0.620313,,,All
,,0.457028,0.620833,,,All
,,0.459465,0.621354,,,All
,,0.46109,0.621875,,,All
,,0.462471,0.622396,,,All
,,0.463241,0.622917,,,All
,,0.463653,0.623437,,,All
,,0.466069,0.623958,,,All
,,0.469208,0.624479,,,All
,,0.472227,0.625,,,All
,,0.472449,0.625521,,,All
,,0.47684,0.626042,,,All
,,0.478237,0.626563,,,All
,,0.478992,0.627083,,,All
,,0.479533,0.627604,,,All
,,0.480419,0.628125,,,All
,,0.480885,0.628646,,,All
,,0.481498,0.629167,,,All
,,0.482646,0.629687,,,All
,,0.485322,0.630208,,,All
,,0.487909,0.630729,,,All
,,0.489221,0.63125,,,All
,,0.493231,0.631771,,,All
,,0.495645,0.632292,,,All
,,0.497308,0.632813,,,All
,,0.501591,0.633333,,,All
,,0.501698,0.633854,,,All
,,0.505181,0.634375,,,All
,,0.50703,0.634896,,,All
,,0.507834,0.635417,,,All
,,0.508047,0.635938,,,All
,,0.508051,0.636458,,,All
,,0.510557,0.636979,,,All
,,0.512653,0.6375,,,All
,,0.51284,0.638021,,,All
,,0.518219,0.638542,,,All
,,0.520407,0.639062,,,All
,,0.52127,0.639583,,,All
,,0.521616,0.640104,,,All
,,0.522914,0.640625,,,All
,,0.523168,0.641146,,,All
,,0.525971,0.641667,,,All
,,0.526507,0.642188,,,All
,,0.527092,0.642708,,,All
,,0.529686,0.643229,,,All
,,0.53238,0.64375,,,All
,,0.537464,0.644271,,,All
,,0.540666,0.644792,,,All
,,0.541201,0.645312,,,All
,,0.542453,0.645833,,,All
,,0.543456,0.646354,,,All
,,0.544024,0.646875,,,All
,,0.545921,0.647396,,,All
,,0.550443,0.647917,,,All
,,0.552319,0.648438,,,All
,,0.553499,0.648958,,,All
,,0.555142,0.649479,,,All
,,0.555397,0.65,,,All
,,0.558473,0.650521,,,All
,,0.56165,0.651042,,,All
,,0.56342,0.651563,,,All
,,0.564242,0.652083,,,All
,,0.565335,0.652604,,,All
,,0.568055,0.653125,,,All
,,0.568326,0.653646,,,All
,,0.575467,0.654167,,,All
,,0.576326,0.654687,,,All
,,0.576428,0.655208,,,All
,,0.580196,0.655729,,,All
,,0.582584,0.65625,,,All
,,0.583282,0.656771,,,All
,,0.584821,0.657292,,,All
,,0.584899,0.657813,,,All
,,0.586249,0.658333,,,All
,,0.586908,0.658854,,,All
,,0.587133,0.659375,,,All
,,0.587392,0.659896,,,All
,,0.59287,0.660417,,,All
,,0.598428,0.660937,,,All
,,0.599102,0.661458,,,All
,,0.59996,0.661979,,,All
,,0.601591,0.6625,,,All
,,0.602398,0.663021,,,All
,,0.602992,0.663542,,,All
,,0.61702,0.664063,,,All
,,0.617501,0.664583,,,All
,,0.618288,0.665104,,,All
,,0.627311,0.665625,,,All
,,0.62986,0.666146,,,All
,,0.633491,0.666667,,,All
,,0.637113,0.667188,,,All
,,0.637205,0.667708,,,All
,,0.638101,0.668229,,,All
,,0.638266,0.66875,,,All
,,0.638879,0.669271,,,All
,,0.63986,0.669792,,,All
,,0.640499,0.670312,,,All
,,0.641856,0.670833,,,All
,,0.6452,0.671354,,,All
,,0.646092,0.671875,,,All
,,0.647516,0.672396,,,All
,,0.647892,0.672917,,,All
,,0.652024,0.673438,,,All
,,0.653689,0.673958,,,All
,,0.656722,0.674479,,,All
,,0.657128,0.675,,,All
,,0.657503,0.675521,,,All
,,0.657685,0.676042,,,All
,,0.662711,0.676562,,,All
,,0.665698,0.677083,,,All
,,0.669323,0.677604,,,All
,,0.67199,0.678125,,,All
,,0.674233,0.678646,,,All
,,0.687452,0.679167,,,All
,,0.69015,0.679688,,,All
,,0.690699,0.680208,,,All
,,0.691489,0.680729,,,All
,,0.694838,0.68125,,,All
,,0.69565,0.681771,,,All
,,0.699401,0.682292,,,All
,,0.706411,0.682813,,,All
,,0.706414,0.683333,,,All
,,0.710198,0.683854,,,All
,,0.712661,0.684375,,,All
,,0.712895,0.684896,,,All
,,0.712957,0.685417,,,All
,,0.713783,0.685937,,,All
,,0.719265,0.686458,,,All
,,0.71952,0.686979,,,All
,,0.720481,0.6875,,,All
,,0.721628,0.688021,,,All
,,0.724705,0.688542,,,All
,,0.727559,0.689063,,,All
,,0.731284,0.689583,,,All
,,0.732339,0.690104,,,All
,,0.733511,0.690625,,,All
,,0.735689,0.691146,,,All
,,0.736793,0.691667,,,All
,,0.738395,0.692187,,,All
,,0.742262,0.692708,,,All
,,0.745627,0.693229,,,All
,,0.746996,0.69375,,,All
,,0.747561,0.694271,,,All
,,0.748,0.694792,,,All
,,0.748745,0.695313,,,All
,,0.748845,0.695833,,,All
,,0.7502,0.696354,,,All
,,0.752704,0.696875,,,All
,,0.755732,0.697396,,,All
,,0.764255,0.697917,,,All
,,0.764549,0.698438,,,All
,,0.76507,0.698958,,,All
,,0.76554,0.699479,,,All
,,0.767478,0.7,,,All
,,0.767722,0.700521,,,All
,,0.773732,0.701042,,,All
,,0.774728,0.701562,,,All
,,0.777469,0.702083,,,All
,,0.782975,0.702604,,,All
,,0.784616,0.703125,,,All
,,0.785176,0.703646,,,All
,,0.786219,0.704167,,,All
,,0.787491,0.704688,,,All
,,0.796869,0.705208,,,All
,,0.797671,0.705729,,,All
,,0.799987,0.70625,,,All
,,0.800599,0.706771,,,All
,,0.802012,0.707292,,,All
,,0.802115,0.707812,,,All
,,0.807822,0.708333,,,All
,,0.807994,0.708854,,,All
,,0.808768,0.709375,,,All
,,0.809399,0.709896,,,All
,,0.809416,0.710417,,,All
,,0.810948,0.710938,,,All
,,0.811576,0.711458,,,All
,,0.81645,0.711979,,,All
,,0.817041,0.7125,,,All
,,0.818302,0.713021,,,All
,,0.822527,0.713542,,,All
,,0.82858,0.714063,,,All
,,0.829292,0.714583,,,All
,,0.830105,0.715104,,,All
,,0.830295,0.715625,,,All
,,0.834406,0.716146,,,All
,,0.836595,0.716667,,,All
,,0.840697,0.717187,,,All
,,0.843191,0.717708,,,All
,,0.844232,0.718229,,,All
,,0.844397,0.71875,,,All
,,0.846162,0.719271,,,All
,,0.850232,0.719792,,,All
,,0.851171,0.720313,,,All
,,0.85659,0.720833,,,All
,,0.857092,0.721354,,,All
,,0.858862,0.721875,,,All
,,0.860618,0.722396,,,All
,,0.861379,0.722917,,,All
,,0.864239,0.723437,,,All
,,0.864705,0.723958,,,All
,,0.866704,0.724479,,,All
,,0.868819,0.725,,,All
,,0.873229,0.725521,,,All
,,0.874922,0.726042,,,All
,,0.875822,0.726563,,,All
,,0.882107,0.727083,,,All
,,0.882239,0.727604,,,All
,,0.883932,0.728125,,,All
,,0.886096,0.728646,,,All
,,0.888733,0.729167,,,All
,,0.89188,0.729688,,,All
,,0.89801,0.730208,,,All
,,0.898092,0.730729,,,All
,,0.902817,0.73125,,,All
,,0.903606,0.731771,,,All
,,0.911383,0.732292,,,All
,,0.914378,0.732812,,,All
,,0.915964,0.733333,,,All
,,0.917881,0.733854,,,All
,,0.922008,0.734375,,,All
,,0.926517,0.734896,,,All
,,0.926677,0.735417,,,All
,,0.928898,0.735938,,,All
,,0.938661,0.736458,,,All
,,0.938768,0.736979,,,All
,,0.940846,0.7375,,,All
,,0.940963,0.738021,,,All
,,0.943214,0.738542,,,All
,,0.944149,0.739062,,,All
,,0.946507,0.739583,,,All
,,0.947467,0.740104,,,All
,,0.947975,0.740625,,,All
,,0.94912,0.741146,,,All
,,0.950043,0.741667,,,All
,,0.951188,0.742188,,,All
,,0.95144,0.742708,,,All
,,0.952987,0.743229,,,All
,,0.966124,0.74375,,,All
,,0.966579,0.744271,,,All
,,0.968396,0.744792,,,All
,,0.968713,0.745313,,,All
,,0.970982,0.745833,,,All
,,0.971023,0.746354,,,All
,,0.976034,0.746875,,,All
,,0.977645,0.747396,,,All
,,0.978802,0.747917,,,All
,,0.980531,0.748437,,,All
,,0.984492,0.748958,,,All
,,0.986554,0.749479,,,All
,,0.986662,0.75,,,All
,,0.987289,0.750521,,,All
,,0.987432,0.751042,,,All
,,0.989885,0.751563,,,All
,,0.990198,0.752083,,,All
,,0.992259,0.752604,,,All
,,0.992312,0.753125,,,All
,,0.993349,0.753646,,,All
,,0.9935,0.754167,,,All
,,0.99919,0.754687,,,All
,,0.999375,0.755208,,,All
,,1.00185,0.755729,,,All
,,1.00222,0.75625,,,All
,,1.0101,0.756771,,,All
,,1.01043,0.757292,,,All
,,1.01139,0.757813,,,All
,,1.01186,0.758333,,,All
,,1.01496,0.758854,,,All
,,1.01755,0.759375,,,All
,,1.02657,0.759896,,,All
,,1.03301,0.760417,,,All
,,1.03401,0.760938,,,All
,,1.0371,0.761458,,,All
,,1.04292,0.761979,,,All
,,1.04466,0.7625,,,All
,,1.052,0.763021,,,All
,,1.05465,0.763542,,,All
,,1.05692,0.764062,,,All
,,1.05714,0.764583,,,All
,,1.05972,0.765104,,,All
,,1.06064,0.765625,,,All
,,1.06147,0.766146,,,All
,,1.0626,0.766667,,,All
,,1.06422,0.767188,,,All
,,1.06541,0.767708,,,All
,,1.06787,0.768229,,,All
,,1.06891,0.76875,,,All
,,1.06925,0.769271,,,All
,,1.07205,0.769792,,,All
,,1.07318,0.770312,,,All
,,1.07375,0.770833,,,All
,,1.0779,0.771354,,,All
,,1.08033,0.771875,,,All
,,1.08135,0.772396,,,All
,,1.08505,0.772917,,,All
,,1.08624,0.773438,,,All
,,1.08727,0.773958,,,All
,,1.08841,0.774479,,,All
,,1.08899,0.775,,,All
,,1.09165,0.775521,,,All
,,1.0922,0.776042,,,All
,,1.0932,0.776563,,,All
,,1.09701,0.777083,,,All
,,1.09712,0.777604,,,All
,,1.10007,0.778125,,,All
,,1.1039,0.778646,,,All
,,1.10512,0.779167,,,All
,,1.10585,0.779687,,,All
,,1.10712,0.780208,,,All
,,1.10801,0.780729,,,All
,,1.10976,0.78125,,,All
,,1.11195,0.781771,,,All
,,1.11721,0.782292,,,All
,,1.11802,0.782813,,,All
,,1.11825,0.783333,,,All
,,1.12016,0.783854,,,All
,,1.12048,0.784375,,,All
,,1.12451,0.784896,,,All
,,1.12467,0.785417,,,All
,,1.12835,0.785937,,,All
,,1.13216,0.786458,,,All
,,1.13418,0.786979,,,All
,,1.14307,0.7875,,,All
,,1.14327,0.788021,,,All
,,1.14396,0.788542,,,All
,,1.14507,0.789063,,,All
,,1.14528,0.789583,,,All
,,1.15078,0.790104,,,All
,,1.15081,0.790625,,,All
,,1.15087,0.791146,,,All
,,1.15399,0.791667,,,All
,,1.15435,0.792188,,,All
,,1.15462,0.792708,,,All
,,1.15784,0.793229,,,All
,,1.15842,0.79375,,,All
,,1.15915,0.794271,,,All
,,1.15921,0.794792,,,All
,,1.15968,0.795312,,,All
,,1.16273,0.795833,,,All
,,1.16547,0.796354,,,All
,,1.16551,0.796875,,,All
,,1.16586,0.797396,,,All
,,1.16701,0.797917,,,All
,,1.16738,0.798438,,,All
,,1.16833,0.798958,,,All
,,1.16945,0.799479,,,All
,,1.17008,0.8,,,All
,,1.17026,0.800521,,,All
,,1.17241,0.801042,,,All
,,1.1734,0.801562,,,All
,,1.17379,0.802083,,,All
,,1.1752,0.802604,,,All
,,1.17774,0.803125,,,All
,,1.1782,0.803646,,,All
,,1.18274,0.804167,,,All
,,1.18687,0.804688,,,All
,,1.18688,0.805208,,,All
,,1.19024,0.805729,,,All
,,1.19113,0.80625,,,All
,,1.20365,0.806771,,,All
,,1.20613,0.807292,,,All
,,1.20831,0.807813,,,All
,,1.2085,0.808333,,,All
,,1.20863,0.808854,,,All
,,1.20944,0.809375,,,All
,,1.21637,0.809896,,,All
,,1.22158,0.810417,,,All
,,1.23359,0.810937,,,All
,,1.23522,0.811458,,,All
,,1.23864,0.811979,,,All
,,1.2454,0.8125,,,All
,,1.24822,0.813021,,,All
,,1.25182,0.813542,,,All
,,1.25372,0.814063,,,All
,,1.26071,0.814583,,,All
,,1.26635,0.815104,,,All
,,1.26816,0.815625,,,All
,,1.26855,0.816146,,,All
,,1.26943,0.816667,,,All
,,1.27032,0.817187,,,All
,,1.27071,0.817708,,,All
,,1.27124,0.818229,,,All
,,1.27341,0.81875,,,All
,,1.27348,0.819271,,,All
,,1.27379,0.819792,,,All
,,1.27725,0.820313,,,All
,,1.28004,0.820833,,,All
,,1.2863,0.821354,,,All
,,1.29053,0.821875,,,All
,,1.29071,0.822396,,,All
,,1.29155,0.822917,,,All
,,1.29372,0.823438,,,All
,,1.29426,0.823958,,,All
,,1.29526,0.824479,,,All
,,1.30075,0.825,,,All
,,1.30089,0.825521,,,All
,,1.30394,0.826042,,,All
,,1.30679,0.826562,,,All
,,1.31196,0.827083,,,All
,,1.31239,0.827604,,,All
,,1.31406,0.828125,,,All
,,1.31453,0.828646,,,All
,,1.31726,0.829167,,,All
,,1.31726,0.829688,,,All
,,1.32269,0.830208,,,All
,,1.33664,0.830729,,,All
,,1.33788,0.83125,,,All
,,1.33811,0.831771,,,All
,,1.34149,0.832292,,,All
,,1.34511,0.832812,,,All
,,1.3485,0.833333,,,All
,,1.35136,0.833854,,,All
,,1.35201,0.834375,,,All
,,1.35564,0.834896,,,All
,,1.36141,0.835417,,,All
,,1.36259,0.835938,,,All
,,1.36811,0.836458,,,All
,,1.37364,0.836979,,,All
,,1.37942,0.8375,,,All
,,1.38488,0.838021,,,All
,,1.38731,0.838542,,,All
,,1.39489,0.839063,,,All
,,1.39507,0.839583,,,All
,,1.39662,0.840104,,,All
,,1.4001,0.840625,,,All
,,1.42615,0.841146,,,All
,,1.43755,0.841667,,,All
,,1.43755,0.842187,,,All
,,1.43755,0.842708,,,All
,,1.43755,0.843229,,,All
,,1.43755,0.84375,,,All
,,1.43755,0.844271,,,All
,,1.43755,0.844792,,,All
,,1.43755,0.845313,,,All
,,1.43755,0.845833,,,All
,,1.43755,0.846354,,,All
,,1.43755,0.846875,,,All
,,1.43755,0.847396,,,All
,,1.43755,0.847917,,,All
,,1.43755,0.848437,,,All
,,1.43755,0.848958,,,All
,,1.43755,0.849479,,,All
,,1.43755,0.85,,,All
,,1.43755,0.850521,,,All
,,1.43755,0.851042,,,All
,,1.43755,0.851563,,,All
,,1.43755,0.852083,,,All
,,1.43755,0.852604,,,All
,,1.43755,0.853125,,,All
,,1.43755,0.853646,,,All
,,1.43755,0.854167,,,All
,,1.43755,0.854688,,,All
,,1.43755,0.855208,,,All
,,1.43755,0.855729,,,All
,,1.43755,0.85625,,,All
,,1.43755,0.856771,,,All
,,1.43755,0.857292,,,All
,,1.43755,0.857812,,,All
,,1.43755,0.858333,,,All
,,1.43755,0.858854,,,All
,,1.43853,0.859375,,,All
,,1.43853,0.859896,,,All
,,1.43853,0.860417,,,All
,,1.43853,0.860938,,,All
,,1.43853,0.861458,,,All
,,1.43853,0.861979,,,All
,,1.43853,0.8625,,,All
,,1.43853,0.863021,,,All
,,1.43853,0.863542,,,All
,,1.43853,0.864062,,,All
,,1.43853,0.864583,,,All
,,1.43853,0.865104,,,All
,,1.43853,0.865625,,,All
,,1.43853,0.866146,,,All
,,1.43853,0.866667,,,All
,,1.43853,0.867188,,,All
,,1.43853,0.867708,,,All
,,1.43853,0.868229,,,All
,,1.43853,0.86875,,,All
,,1.43853,0.869271,,,All
,,1.43944,0.869792,,,All
,,1.44438,0.870313,,,All
,,1.44438,0.870833,,,All
,,1.44438,0.871354,,,All
,,1.44438,0.871875,,,All
,,1.44438,0.872396,,,All
,,1.44438,0.872917,,,All
,,1.44438,0.873437,,,All
,,1.44438,0.873958,,,All
,,1.44438,0.874479,,,All
,,1.44438,0.875,,,All
,,1.44556,0.875521,,,All
,,1.44904,0.876042,,,All
,,1.44988,0.876563,,,All
,,1.44988,0.877083,,,All
,,1.44988,0.877604,,,All
,,1.44988,0.878125,,,All
,,1.44988,0.878646,,,All
,,1.44988,0.879167,,,All
,,1.44988,0.879687,,,All
,,1.44988,0.880208,,,All
,,1.44988,0.880729,,,All
,,1.44988,0.88125,,,All
,,1.45041,0.881771,,,All
,,1.45164,0.882292,,,All
,,1.45164,0.882813,,,All
,,1.45164,0.883333,,,All
,,1.45164,0.883854,,,All
,,1.45164,0.884375,,,All
,,1.45164,0.884896,,,All
,,1.45164,0.885417,,,All
,,1.45164,0.885938,,,All
,,1.45164,0.886458,,,All
,,1.45164,0.886979,,,All
,,1.45164,0.8875,,,All
,,1.45164,0.888021,,,All
,,1.45164,0.888542,,,All
,,1.45164,0.889062,,,All
,,1.45164,0.889583,,,All
,,1.45164,0.890104,,,All
,,1.45164,0.890625,,,All
,,1.45164,0.891146,,,All
,,1.45164,0.891667,,,All
,,1.45164,0.892188,,,All
,,1.45623,0.892708,,,All
,,1.45997,0.893229,,,All
,,1.45997,0.89375,,,All
,,1.45997,0.894271,,,All
,,1.45997,0.894792,,,All
,,1.45997,0.895312,,,All
,,1.45997,0.895833,,,All
,,1.45997,0.896354,,,All
,,1.45997,0.896875,,,All
,,1.45997,0.897396,,,All
,,1.45997,0.897917,,,All
,,1.46463,0.898438,,,All
,,1.46463,0.898958,,,All
,,1.46463,0.899479,,,All
,,1.46463,0.9,,,All
,,1.46463,0.900521,,,All
,,1.46463,0.901042,,,All
,,1.46463,0.901563,,,All
,,1.46463,0.902083,,,All
,,1.46463,0.902604,,,All
,,1.46463,0.903125,,,All
,,1.46741,0.903646,,,All
,,1.46741,0.904167,,,All
,,1.46741,0.904687,,,All
,,1.46741,0.905208,,,All
,,1.46741,0.905729,,,All
,,1.46741,0.90625,,,All
,,1.46741,0.906771,,,All
,,1.46741,0.907292,,,All
,,1.46741,0.907813,,,All
,,1.46741,0.908333,,,All
,,1.46741,0.908854,,,All
,,1.46741,0.909375,,,All
,,1.46741,0.909896,,,All
,,1.46741,0.910417,,,All
,,1.46741,0.910937,,,All
,,1.46741,0.911458,,,All
,,1.46741,0.911979,,,All
,,1.46741,0.9125,,,All
,,1.46741,0.913021,,,All
,,1.46741,0.913542,,,All
,,1.46906,0.914063,,,All
,,1.46906,0.914583,,,All
,,1.46906,0.915104,,,All
,,1.46906,0.915625,,,All
,,1.46906,0.916146,,,All
,,1.46906,0.916667,,,All
,,1.46906,0.917188,,,All
,,1.46906,0.917708,,,All
,,1.46906,0.918229,,,All
,,1.46906,0.91875,,,All
,,1.47245,0.919271,,,All
,,1.48109,0.919792,,,All
,,1.48162,0.920312,,,All
,,1.48162,0.920833,,,All
,,1.48162,0.921354,,,All
,,1.48162,0.921875,,,All
,,1.48162,0.922396,,,All
,,1.48162,0.922917,,,All
,,1.48367,0.923438,,,All
,,1.48367,0.923958,,,All
,,1.48367,0.924479,,,All
,,1.48367,0.925,,,All
,,1.48367,0.925521,,,All
,,1.48367,0.926042,,,All
,,1.48367,0.926562,,,All
,,1.48367,0.927083,,,All
,,1.48367,0.927604,,,All
,,1.48367,0.928125,,,All
,,1.48484,0.928646,,,All
,,1.48484,0.929167,,,All
,,1.48484,0.929688,,,All
,,1.48484,0.930208,,,All
,,1.48484,0.930729,,,All
,,1.48484,0.93125,,,All
,,1.48484,0.931771,,,All
,,1.48484,0.932292,,,All
,,1.48484,0.932813,,,All
,,1.48484,0.933333,,,All
,,1.48489,0.933854,,,All
,,1.48489,0.934375,,,All
,,1.48489,0.934896,,,All
,,1.48489,0.935417,,,All
,,1.48489,0.935937,,,All
,,1.48489,0.936458,,,All
,,1.48489,0.936979,,,All
,,1.48489,0.9375,,,All
,,1.48489,0.938021,,,All
,,1.48489,0.938542,,,All
,,1.49096,0.939063,,,All
,,1.49096,0.939583,,,All
,,1.49096,0.940104,,,All
,,1.49096,0.940625,,,All
,,1.49096,0.941146,,,All
,,1.49096,0.941667,,,All
,,1.49096,0.942187,,,All
,,1.49096,0.942708,,,All
,,1.49096,0.943229,,,All
,,1.49096,0.94375,,,All
,,1.50594,0.944271,,,All
,,1.51194,0.944792,,,All
,,1.51194,0.945313,,,All
,,1.51194,0.945833,,,All
,,1.51194,0.946354,,,All
,,1.51194,0.946875,,,All
,,1.51194,0.947396,,,All
,,1.51194,0.947917,,,All
,,1.51194,0.948438,,,All
,,1.51194,0.948958,,,All
,,1.51194,0.949479,,,All
,,1.51425,0.95,,,All
,,1.51425,0.950521,,,All
,,1.51425,0.951042,,,All
,,1.51425,0.951562,,,All
,,1.51425,0.952083,,,All
,,1.52224,0.952604,,,All
,,1.52506,0.953125,,,All
,,1.53083,0.953646,,,All
,,1.53083,0.954167,,,All
,,1.53083,0.954688,,,All
,,1.53083,0.955208,,,All
,,1.53083,0.955729,,,All
,,1.53083,0.95625,,,All
,,1.53083,0.956771,,,All
,,1.53083,0.957292,,,All
,,1.53083,0.957812,,,All
,,1.53083,0.958333,,,All
,,1.55039,0.958854,,,All
,,1.55341,0.959375,,,All
,,1.56184,0.959896,,,All
,,1.56451,0.960417,,,All
,,1.57973,0.960938,,,All
,,1.58097,0.961458,,,All
,,1.58442,0.961979,,,All
,,1.58625,0.9625,,,All
,,1.5863,0.963021,,,All
,,1.59165,0.963542,,,All
,,1.59195,0.964063,,,All
,,1.60342,0.964583,,,All
,,1.60649,0.965104,,,All
,,1.60859,0.965625,,,All
,,1.6805,0.966146,,,All
,,1.68094,0.966667,,,All
,,1.6817,0.967187,,,All
,,1.68177,0.967708,,,All
,,1.68303,0.968229,,,All
,,1.68331,0.96875,,,All
,,1.68373,0.969271,,,All
,,1.6843,0.969792,,,All
,,1.68593,0.970313,,,All
,,1.69286,0.970833,,,All
,,1.71299,0.971354,,,All
,,1.72419,0.971875,,,All
,,1.76595,0.972396,,,All
,,1.76743,0.972917,,,All
,,1.77289,0.973437,,,All
,,1.77359,0.973958,,,All
,,1.77949,0.974479,,,All
,,1.78095,0.975,,,All
,,1.78398,0.975521,,,All
,,1.8001,0.976042,,,All
,,1.80327,0.976563,,,All
,,1.80906,0.977083,,,All
,,1.81158,0.977604,,,All
,,1.81576,0.978125,,,All
,,1.82046,0.978646,,,All
,,1.82346,0.979167,,,All
,,1.82423,0.979688,,,All
,,1.82477,0.980208,,,All
,,1.82911,0.980729,,,All
,,1.8305,0.98125,,,All
,,1.8314,0.981771,,,All
,,1.83175,0.982292,,,All
,,1.83482,0.982812,,,All
,,1.83629,0.983333,,,All
,,1.8393,0.983854,,,All
,,1.84037,0.984375,,,All
,,1.84491,0.984896,,,All
,,1.84868,0.985417,,,All
,,1.85383,0.985938,,,All
,,1.86861,0.986458,,,All
,,1.87396,0.986979,,,All
,,1.90993,0.9875,,,All
,,1.91284,0.988021,,,All
,,1.91513,0.988542,,,All
,,1.91523,0.989062,,,All
,,1.94485,0.989583,,,All
,,1.95131,0.990104,,,All
,,1.9604,0.990625,,,All
,,2.01121,0.991146,,,All
,,2.02098,0.991667,,,All
,,2.07964,0.992188,,,All
,,2.08296,0.992708,,,All
,,2.08479,0.993229,,,All
,,2.10796,0.99375,,,All
,,2.22958,0.994271,,,All
,,2.23744,0.994792,,,All
,,2.24023,0.995313,,,All
,,2.24182,0.995833,,,All
,,2.24846,0.996354,,,All
,,2.25888,0.996875,,,All
,,2.29728,0.997396,,,All
,,2.33216,0.997917,,,All
,,2.42032,0.998437,,,All
,,2.42099,0.998958,,,All
,,2.58396,0.999479,,,All
,,2.69893,1,,,All
,,4,1,,,All
