time,median,p5,p15,p25,p35,p45,p55,p65,p75,p85,p95,split
-1,0,0,0,0,0,0,0,0,0,0,0,All
-0.917671,0,0,0,0,0,0,0,0,0,0,0,All
-0.835341,0,0,0,0,0,0,0,0,0,0,0,All
-0.753012,0,0,0,0,0,0,0,0,0,0,0,All
-0.670683,0,0,0,0,0,0,0,0,0,0,0,All
-0.588353,0,0,0,0,0,0,0,0,0,0,0,All
-0.506024,0,0,0,0,0,0,0,0,0,0,0,All
-0.423695,0,0,0,0,0,0,0,0,0,0,0,All
-0.341365,0,0,0,0,0,0,0,0,0,0,0,All
-0.259036,0,0,0,0,0,0,0,0,0,0,0,All
-0.176707,0,0,0,0,0,0,0,0,0,0,0,All
-0.0943775,0,0,0,0,0,0,0,0,0,0,0,All
-0.0120482,0,0,0,0,0,0,0,0,0,0,0,All
0.0702811,0,0,0,0,0,0,0,0,0,0,0,All
0.15261,0,0,0,0,0,0,0,0,0,0,0,All
0.23494,0,0,0,0,0,0,0,0,0,0,0,All
0.317269,0,0,0,0,0,0,0,0,0,0,0,All
0.399598,0,0,0,0,0,0,0,0,0,0,0,All
0.481928,0,0,0,0,0,0,0,0,0,0,0,All
0.564257,0,0,0,0,0,0,0,0,0,0,0,All
0.646586,0,0,0,0,0,0,0,0,0,0,0,All
0.728916,0,0,0,0,0,0,0,0,0,0,0,All
0.811245,0,0,0,0,0,0,0,0,0,0,0,All
0.893574,0,0,0,0,0,0,0,0,0,0,0,All
0.975904,0,0,0,0,0,0,0,0,0,0,0.554866,All
1.05823,0,0,0,0,0,0,0,0,0,0,1.61121,All
1.14056,0,0,0,0,0,0,0,0,0,0,2.48619,All
1.22289,0,0,0,0,0,0,0,0,0,0,3.36238,All
1.30522,0,0,0,0,0,0,0,0,0,1.00759,4.18883,All
1.38755,0,0,0,0,0,0,0,0,0,1.90957,4.84454,All
1.46988,0,0,0,0,0,0,0,0,0.18709,2.7646,5.36308,All
1.55221,0,0,0,0,0,0,0,0,1.33219,3.50488,5.78165,All
1.63454,0,0,0,0,0,0,0,0,2.2664,4.10238,6.14063,All
1.71687,0,0,0,0,0,0,0,0.894275,2.93988,4.64047,6.52422,All
1.7992,0,0,0,0,0,0,0,1.8168,3.63418,5.09122,6.82921,All
1.88153,0,0,0,0,0,0,0.597377,2.58727,4.2225,5.49162,7.11257,All
1.96386,0.186406,0,0,0,0,0,1.49086,3.2648,4.70971,5.85831,7.32042,All
2.04618,1.26328,0,0,0,0,0,2.24476,3.80514,5.10517,6.16764,7.54022,All
2.12851,2.0475,0,0,0,0,1.0941,2.89092,4.30196,5.45328,6.46046,7.75015,All
2.21084,2.76466,0,0,0,0,1.82685,3.48711,4.73613,5.74988,6.6965,7.91759,All
2.29317,3.30779,0,0,0,0,2.49846,3.98934,5.10197,6.01836,6.92091,8.05167,All
2.3755,3.81238,0,0,0,1.10073,3.10384,4.40876,5.41729,6.2816,7.10369,8.1829,All
2.45783,4.2428,0,0,0,1.8163,3.60145,4.7936,5.71193,6.50217,7.29346,8.31599,All
2.54016,4.60165,0,0,0,2.46777,4.02057,5.13925,5.96972,6.71207,7.44935,8.42004,All
2.62249,4.92926,0,0,0.382389,2.98585,4.40402,5.43189,6.20994,6.89562,7.58573,8.52976,All
2.70482,5.22402,0,0,1.3625,3.47651,4.76909,5.67546,6.42392,7.05227,7.70737,8.61322,All
2.78715,5.49712,0,0,1.98025,3.89523,5.03247,5.90085,6.60876,7.20271,7.83838,8.68977,All
2.86948,5.73427,0,0,2.63501,4.244,5.30973,6.1052,6.7824,7.34801,7.95974,8.75416,All
2.95181,5.97243,0,0,3.14601,4.59316,5.56089,6.29713,6.93383,7.47675,8.05248,8.83386,All
3.03414,6.16232,0,0,3.58179,4.87356,5.79046,6.47494,7.07494,7.58727,8.14702,8.88137,All
3.11647,6.33143,0,0.850394,3.94035,5.12961,5.98987,6.64328,7.20998,7.69878,8.22902,8.92629,All
3.1988,6.49176,0,1.56298,4.26191,5.38233,6.17793,6.79256,7.33386,7.79853,8.30471,8.96189,All
3.28112,6.63771,0,2.14537,4.57368,5.60689,6.34655,6.91927,7.44063,7.88818,8.36876,8.99412,All
3.36345,6.76676,0,2.61989,4.84035,5.80293,6.50042,7.04588,7.55038,7.96678,8.42294,9.01578,All
3.44578,6.89919,0,3.14999,5.06806,5.98306,6.65438,7.16099,7.63821,8.04458,8.4716,9.04015,All
3.52811,7.02905,0,3.52589,5.26645,6.14874,6.78433,7.26274,7.72196,8.10944,8.50309,9.03649,All
3.61044,7.14263,0,3.91442,5.46622,6.29634,6.90145,7.35647,7.79124,8.15678,8.52815,9.04126,All
3.69277,7.23863,0,4.18095,5.66315,6.43564,7.01907,7.44316,7.86406,8.20813,8.55923,9.05167,All
3.7751,7.32903,0,4.41362,5.83966,6.5571,7.12854,7.53169,7.93076,8.24607,8.5898,9.06237,All
3.85743,7.41442,0,4.65157,5.99101,6.67903,7.21378,7.60832,7.97866,8.27386,8.59943,9.05508,All
3.93976,7.48911,0,4.85002,6.11782,6.79526,7.29654,7.67497,8.01688,8.30105,8.61781,9.04867,All
4.02209,7.55454,0,5.08286,6.25093,6.89905,7.38384,7.73075,8.05409,8.32568,8.62756,9.04505,All
4.10442,7.61957,0,5.26111,6.3681,6.98689,7.44658,7.78317,8.08221,8.35226,8.63686,9.04335,All
4.18675,7.6662,0.200663,5.40167,6.4915,7.06638,7.50853,7.8259,8.10462,8.36442,8.64453,9.04183,All
4.26908,7.70968,1.19455,5.54634,6.5944,7.1528,7.56428,7.85644,8.12036,8.36997,8.64561,9.03953,All
4.35141,7.75073,1.8146,5.6849,6.67943,7.22511,7.60642,7.8846,8.13729,8.37918,8.65163,9.03273,All
4.43373,7.7796,2.36529,5.84426,6.77454,7.29198,7.64083,7.90897,8.14596,8.37931,8.64583,9.02696,All
4.51606,7.80857,2.73129,5.96876,6.84275,7.33678,7.67439,7.92098,8.15714,8.38413,8.6396,9.01078,All
4.59839,7.824,3.07592,6.08419,6.90523,7.38522,7.69582,7.94135,8.16482,8.38965,8.63102,8.99335,All
4.68072,7.8383,3.35907,6.19972,6.97216,7.41131,7.71631,7.95427,8.17066,8.38416,8.61937,8.97999,All
4.76305,7.85073,3.59703,6.2735,7.02916,7.44077,7.73089,7.96157,8.17412,8.37774,8.6122,8.96005,All
4.84538,7.85459,3.88399,6.34685,7.07221,7.45901,7.74148,7.9686,8.1684,8.37156,8.59848,8.94509,All
4.92771,7.85665,4.10549,6.41572,7.1036,7.47483,7.74525,7.96944,8.1674,8.36483,8.5819,8.92856,All
5.01004,7.8595,4.31491,6.4884,7.14091,7.48932,7.75529,7.96708,8.1627,8.35479,8.56948,8.90913,All
5.09237,7.86052,4.51257,6.54553,7.15549,7.50452,7.75545,7.9597,8.15605,8.33897,8.55716,8.89133,All
5.1747,7.85932,4.71009,6.6062,7.15933,7.51258,7.75235,7.95565,8.14509,8.33035,8.54763,8.8735,All
5.25703,7.85295,4.85974,6.64999,7.16914,7.51669,7.75494,7.95122,8.13304,8.31914,8.53101,8.86211,All
5.33936,7.84147,5.01689,6.68901,7.18309,7.51736,7.75015,7.94013,8.11479,8.30523,8.51246,8.83996,All
5.42169,7.83677,5.18267,6.72177,7.19259,7.51455,7.73978,7.92525,8.09879,8.28921,8.49695,8.8206,All
5.50402,7.82357,5.28154,6.72507,7.19167,7.50592,7.72898,7.9047,8.08233,8.26751,8.4772,8.80405,All
5.58635,7.80721,5.34893,6.72906,7.19013,7.49176,7.71788,7.89128,8.06712,8.24873,8.45655,8.78644,All
5.66867,7.79473,5.4554,6.73459,7.18996,7.48193,7.70332,7.8763,8.04973,8.23267,8.43699,8.7641,All
5.751,7.77967,5.55563,6.74585,7.18018,7.46583,7.68325,7.85975,8.03302,8.21422,8.4207,8.74467,All
5.83333,7.76287,5.61212,6.73983,7.16383,7.45312,7.66079,7.84391,8.01072,8.19357,8.39208,8.72515,All
5.91566,7.74047,5.64511,6.72999,7.15327,7.43119,7.6448,7.81758,7.99218,8.17173,8.36901,8.70278,All
5.99799,7.71838,5.67677,6.72837,7.1374,7.40603,7.62382,7.7982,7.97317,8.14515,8.34788,8.6804,All
6.08032,7.69903,5.68902,6.71242,7.12048,7.38196,7.60423,7.77625,7.95221,8.11746,8.33071,8.66223,All
6.16265,7.67619,5.71389,6.69927,7.10149,7.358,7.57739,7.75539,7.93037,8.09151,8.30742,8.63883,All
6.24498,7.64576,5.7128,6.67477,7.07384,7.33043,7.55308,7.732,7.90677,8.06703,8.28496,8.61829,All
6.32731,7.61541,5.72396,6.65558,7.0457,7.31051,7.52758,7.70396,7.88031,8.04358,8.26265,8.59553,All
6.40964,7.58574,5.75579,6.63302,7.01572,7.28189,7.49713,7.67534,7.85341,8.02261,8.23658,8.57722,All
6.49197,7.56198,5.74183,6.60771,6.98787,7.25612,7.4679,7.64563,7.82455,7.99687,8.21774,8.55393,All
6.5743,7.53493,5.70094,6.57975,6.9692,7.2285,7.43901,7.61649,7.79951,7.97532,8.1902,8.5382,All
6.65663,7.50466,5.66959,6.53532,6.93489,7.19582,7.40331,7.58868,7.76859,7.94898,8.16806,8.50958,All
6.73896,7.47309,5.64285,6.49562,6.89624,7.16629,7.37241,7.56271,7.74321,7.92635,8.14869,8.48996,All
6.82129,7.43519,5.63218,6.46326,6.85883,7.13122,7.34294,7.53092,7.71663,7.8961,8.12226,8.47736,All
6.90361,7.40041,5.58605,6.41367,6.8213,7.09575,7.31214,7.50029,7.68775,7.87204,8.09523,8.46108,All
6.98594,7.37092,5.54031,6.37144,6.78592,7.05857,7.27489,7.4699,7.66045,7.84819,8.07302,8.43601,All
7.06827,7.3439,5.50463,6.31815,6.7471,7.0212,7.24458,7.44158,7.63315,7.82195,8.05304,8.40811,All
7.1506,7.31209,5.45027,6.27296,6.69863,6.97852,7.20851,7.40966,7.60271,7.79012,8.0269,8.38145,All
7.23293,7.28292,5.39392,6.23553,6.64898,6.9421,7.17384,7.38075,7.56848,7.76149,7.99615,8.35638,All
7.31526,7.25463,5.34458,6.18998,6.60925,6.90349,7.13701,7.34702,7.53751,7.73817,7.97331,8.3292,All
7.39759,7.22102,5.29306,6.14616,6.55937,6.86406,7.10471,7.31744,7.50778,7.71054,7.94222,8.30892,All
7.47992,7.18321,5.25481,6.09753,6.50814,6.82123,7.07716,7.28828,7.47902,7.6787,7.91731,8.29354,All
7.56225,7.14764,5.20004,6.05101,6.47112,6.78721,7.04254,7.25036,7.44634,7.64873,7.89407,8.27367,All
7.64458,7.11163,5.16744,5.99928,6.42819,6.74134,7.01072,7.21967,7.41745,7.61768,7.87386,8.25003,All
7.72691,7.07581,5.11022,5.94412,6.38394,6.69911,6.9736,7.18807,7.38693,7.58774,7.84728,8.22242,All
7.80924,7.0473,5.05065,5.88774,6.33137,6.66156,6.93463,7.15446,7.35343,7.55862,7.8172,8.20258,All
7.89157,7.01007,4.99261,5.83055,6.28083,6.62438,6.8962,7.12006,7.3205,7.52613,7.79165,8.18284,All
7.9739,6.97603,4.94275,5.76273,6.23411,6.58112,6.86035,7.0832,7.28576,7.49585,7.76353,8.15907,All
8.05622,6.93863,4.88127,5.6951,6.1809,6.53902,6.82666,7.04535,7.25466,7.4706,7.73569,8.14202,All
8.13855,6.90791,4.83316,5.6394,6.13056,6.50546,6.78949,7.00815,7.2226,7.43637,7.70752,8.12014,All
8.22088,6.87074,4.77706,5.57789,6.08132,6.46144,6.74384,6.97467,7.18783,7.40181,7.68726,8.09744,All
8.30321,6.83155,4.72777,5.50788,6.03685,6.41506,6.7078,6.93791,7.1578,7.36969,7.66084,8.07571,All
8.38554,6.78921,4.6724,5.45538,5.98457,6.36761,6.67076,6.90656,7.12584,7.34161,7.63169,8.05253,All
8.46787,6.75642,4.61262,5.39199,5.94048,6.32241,6.6299,6.86432,7.09045,7.31646,7.59941,8.02873,All
8.5502,6.71813,4.57742,5.32592,5.88895,6.27809,6.58486,6.83048,7.05878,7.2901,7.57054,8.00754,All
8.63253,6.67782,4.53468,5.27266,5.83545,6.22856,6.53886,6.79619,7.02455,7.2579,7.54655,7.98027,All
8.71486,6.638,4.48357,5.2136,5.77808,6.1831,6.49908,6.75982,6.99171,7.2251,7.52483,7.95453,All
8.79719,6.59554,4.4436,5.15893,5.74039,6.12827,6.45716,6.72127,6.95474,7.19666,7.49957,7.93061,All
8.87952,6.56171,4.40015,5.11072,5.67999,6.08277,6.41281,6.68278,6.91512,7.16309,7.47188,7.90995,All
8.96185,6.51644,4.35417,5.06934,5.61661,6.03432,6.36839,6.6409,6.87762,7.1342,7.44544,7.88408,All
9.04418,6.47847,4.30364,5.01349,5.57082,5.99261,6.32636,6.60292,6.84079,7.10804,7.41346,7.862,All
9.12651,6.43182,4.2656,4.96065,5.50759,5.94054,6.27595,6.56278,6.80962,7.07357,7.38121,7.83927,All
9.20884,6.38581,4.2245,4.90708,5.4516,5.88805,6.22816,6.52356,6.77547,7.04071,7.35605,7.82347,All
9.29116,6.33914,4.17983,4.85909,5.38676,5.83246,6.1824,6.47494,6.73929,7.01182,7.32928,7.8052,All
9.37349,6.2942,4.13473,4.81165,5.32993,5.78664,6.13699,6.43748,6.70335,6.99033,7.30123,7.78751,All
9.45582,6.24844,4.0929,4.75926,5.27766,5.73374,6.08582,6.39773,6.66697,6.96191,7.27579,7.76738,All
9.53815,6.201,4.04578,4.70825,5.22877,5.68501,6.03409,6.35518,6.63421,6.93386,7.24958,7.74899,All
9.62048,6.15251,4.00492,4.66866,5.17128,5.63289,5.9837,6.31365,6.59556,6.89414,7.21885,7.73067,All
9.70281,6.10442,3.95936,4.62864,5.11573,5.57758,5.93333,6.27804,6.55525,6.85702,7.1928,7.71143,All
9.78514,6.05524,3.91539,4.57581,5.07264,5.51746,5.88524,6.22866,6.52071,6.82467,7.16548,7.69122,All
9.86747,6.00929,3.87296,4.52838,5.01698,5.46152,5.83484,6.17815,6.47847,6.79571,7.14361,7.6708,All
9.9498,5.96249,3.82987,4.48926,4.9728,5.40261,5.79102,6.13393,6.43413,6.76156,7.12087,7.65853,All
10.0321,5.92128,3.79238,4.44257,4.92249,5.3427,5.74194,6.08342,6.39486,6.72742,7.09368,7.6482,All
10.1145,5.86938,3.7426,4.39792,4.86705,5.28788,5.69097,6.03278,6.35697,6.69217,7.06668,7.6266,All
10.1968,5.8145,3.70634,4.35741,4.82238,5.23878,5.63848,5.98466,6.31688,6.66046,7.04012,7.61539,All
10.2791,5.76389,3.64914,4.31829,4.78096,5.18658,5.58065,5.93301,6.27859,6.6292,7.01095,7.5923,All
10.3614,5.71376,3.61621,4.27222,4.74158,5.14176,5.52656,5.88474,6.23379,6.59677,6.99203,7.578,All
10.4438,5.65781,3.57428,4.23868,4.6908,5.08343,5.47221,5.82876,6.18808,6.56042,6.96768,7.56869,All
10.5261,5.60543,3.52636,4.19968,4.64782,5.04103,5.42119,5.77911,6.14432,6.51617,6.94534,7.5488,All
10.6084,5.548,3.49945,4.15915,4.60799,4.98641,5.36928,5.73171,6.10053,6.47714,6.90962,7.52697,All
10.6908,5.49617,3.46313,4.12144,4.56138,4.93938,5.32049,5.68116,6.05415,6.44383,6.87816,7.51278,All
10.7731,5.44438,3.42363,4.08175,4.51924,4.88918,5.2677,5.64066,6.01164,6.40664,6.84667,7.49547,All
10.8554,5.39318,3.37691,4.04377,4.47569,4.83968,5.21364,5.58677,5.96771,6.36845,6.81209,7.47109,All
10.9378,5.35145,3.35085,4.00907,4.43394,4.79246,5.1601,5.53526,5.92394,6.32014,6.78309,7.45181,All
11.0201,5.30889,3.31089,3.97101,4.39025,4.7519,5.11065,5.48354,5.87508,6.28275,6.74535,7.42249,All
11.1024,5.25581,3.26156,3.93584,4.35026,4.70816,5.05944,5.43864,5.82774,6.24096,6.71811,7.40286,All
11.1847,5.21024,3.21939,3.8974,4.30492,4.66599,5.00915,5.38514,5.78154,6.19676,6.67797,7.37959,All
11.2671,5.15531,3.17777,3.85896,4.26525,4.62091,4.96342,5.33592,5.73567,6.15565,6.64687,7.34374,All
11.3494,5.10732,3.13582,3.82493,4.23095,4.57821,4.91792,5.28661,5.68194,6.11039,6.6083,7.32059,All
11.4317,5.06084,3.08627,3.7922,4.18914,4.53767,4.88018,5.23402,5.63239,6.06736,6.57247,7.28998,All
11.5141,5.01224,3.05067,3.7549,4.15373,4.4971,4.83493,5.18961,5.58566,6.01579,6.53373,7.25006,All
11.5964,4.95855,3.00366,3.72015,4.11465,4.45549,4.79768,5.14249,5.5391,5.97332,6.49502,7.21378,All
11.6787,4.91318,2.95108,3.68814,4.08351,4.41417,4.7435,5.09287,5.48173,5.91812,6.44594,7.17193,All
11.761,4.87582,2.90775,3.64824,4.0476,4.37238,4.70592,5.05301,5.43346,5.869,6.40475,7.13688,All
11.8434,4.82971,2.8506,3.60721,4.01097,4.3283,4.65776,5.00677,5.38859,5.81657,6.35215,7.08464,All
11.9257,4.78895,2.80323,3.56835,3.97301,4.29191,4.61117,4.95891,5.33507,5.76186,6.31006,7.04541,All
12.008,4.74218,2.75131,3.53157,3.9318,4.25102,4.57095,4.91478,5.28214,5.71641,6.25915,7.01257,All
12.0904,4.69398,2.70406,3.49336,3.88871,4.21596,4.5384,4.8657,5.234,5.66239,6.20686,6.97063,All
12.1727,4.65651,2.66117,3.46198,3.8552,4.18525,4.49695,4.81819,5.18215,5.61397,6.15585,6.92535,All
12.255,4.6141,2.61686,3.42178,3.81327,4.14019,4.457,4.7696,5.13384,5.56207,6.10793,6.89194,All
12.3373,4.57418,2.56867,3.38675,3.78121,4.10365,4.41972,4.72443,5.08648,5.51582,6.05704,6.85011,All
12.4197,4.53142,2.52306,3.34972,3.74607,4.06387,4.38247,4.68471,5.04215,5.4731,6.00443,6.78921,All
12.502,4.49036,2.48197,3.31856,3.71203,4.02968,4.3341,4.64632,4.99036,5.42071,5.94862,6.74612,All
12.5843,4.45158,2.4318,3.27838,3.67736,3.9895,4.29217,4.60328,4.94217,5.36064,5.89011,6.69333,All
12.6667,4.4091,2.36986,3.24102,3.64056,3.95546,4.25269,4.56213,4.89398,5.3096,5.8293,6.64247,All
12.749,4.37275,2.31849,3.20433,3.60202,3.91924,4.21455,4.51706,4.84845,5.25606,5.77568,6.58855,All
12.8313,4.33852,2.2614,3.16439,3.56307,3.88293,4.17754,4.47351,4.80778,5.2066,5.71686,6.54858,All
12.9137,4.2983,2.2065,3.12826,3.53175,3.84859,4.14355,4.43125,4.76364,5.16098,5.66134,6.5054,All
12.996,4.25055,2.16955,3.0816,3.4977,3.81411,4.10221,4.39213,4.72845,5.09853,5.60372,6.46613,All
13.0783,4.206,2.12556,3.04186,3.45569,3.77831,4.06111,4.35395,4.68367,5.0566,5.55676,6.41182,All
13.1606,4.16604,2.06603,3.00469,3.4072,3.74066,4.02562,4.31583,4.63681,5.0027,5.49796,6.36396,All
13.243,4.12733,2.01095,2.96028,3.37098,3.70167,3.98941,4.2787,4.59591,4.95641,5.44225,6.32953,All
13.3253,4.08765,1.96138,2.91321,3.33897,3.66381,3.95701,4.24115,4.54832,4.90236,5.38838,6.27522,All
13.4076,4.04575,1.91057,2.86993,3.29802,3.62114,3.91501,4.20049,4.50515,4.85281,5.3311,6.22723,All
13.49,4.00468,1.84238,2.83221,3.25493,3.58752,3.88294,4.15598,4.46144,4.80536,5.28222,6.19253,All
13.5723,3.96914,1.78382,2.78134,3.21491,3.54639,3.84514,4.11161,4.41501,4.7651,5.23629,6.15404,All
13.6546,3.92898,1.71605,2.73255,3.17276,3.51064,3.80674,4.07946,4.37429,4.72797,5.19333,6.11045,All
13.7369,3.89159,1.66339,2.69709,3.13343,3.46715,3.76181,4.03934,4.32882,4.68694,5.15388,6.0672,All
13.8193,3.85446,1.60011,2.64678,3.08891,3.42909,3.72148,3.99779,4.27954,4.65019,5.11079,6.02465,All
13.9016,3.8166,1.52938,2.59887,3.04382,3.38409,3.68194,3.96072,4.23614,4.59955,5.06602,5.98312,All
13.9839,3.78081,1.47614,2.5473,3.00756,3.33613,3.64244,3.91805,4.20586,4.5572,5.02451,5.94342,All
14.0663,3.7443,1.41066,2.48791,2.96021,3.29696,3.60643,3.87855,4.16861,4.52307,4.97874,5.90411,All
14.1486,3.71132,1.32483,2.43732,2.91685,3.2568,3.56456,3.8435,4.12815,4.48777,4.93196,5.86677,All
14.2309,3.67528,1.24232,2.37961,2.87403,3.2119,3.52974,3.8088,4.08867,4.4447,4.88896,5.82636,All
14.3133,3.63687,1.17553,2.32403,2.83058,3.17209,3.49715,3.77195,4.05076,4.41587,4.85307,5.78865,All
14.3956,3.59741,1.09339,2.2734,2.78144,3.13215,3.46122,3.73846,4.01753,4.3776,4.81068,5.75822,All
14.4779,3.56326,1.03339,2.21238,2.73526,3.08985,3.41726,3.7052,3.98022,4.33888,4.76573,5.72081,All
14.5602,3.52976,0.949127,2.14807,2.68631,3.04795,3.3778,3.66737,3.94305,4.30497,4.73074,5.69265,All
14.6426,3.48999,0.896571,2.0907,2.63912,3.01037,3.33627,3.63061,3.91083,4.26733,4.69401,5.65847,All
14.7249,3.45588,0.834034,2.02,2.5945,2.9681,3.29585,3.58959,3.88176,4.23254,4.65731,5.6288,All
14.8072,3.41681,0.746685,1.95882,2.55239,2.92505,3.25983,3.55924,3.85469,4.19734,4.62274,5.60522,All
14.8896,3.38522,0.660614,1.89402,2.50778,2.88659,3.22077,3.52953,3.82431,4.1636,4.59386,5.57308,All
14.9719,3.34759,0.580236,1.82786,2.46166,2.84043,3.18525,3.49785,3.79908,4.13004,4.5755,5.54679,All
15.0542,3.31192,0.48776,1.76299,2.41227,2.79814,3.14831,3.46612,3.76721,4.10296,4.5456,5.5073,All
15.1365,3.2752,0.405685,1.70404,2.36625,2.75511,3.11376,3.43248,3.74092,4.07034,4.51167,5.48005,All
15.2189,3.23446,0.351738,1.64885,2.31404,2.71398,3.08187,3.40012,3.71299,4.04265,4.4843,5.44491,All
15.3012,3.20527,0.239194,1.59181,2.26902,2.67021,3.0381,3.37172,3.68313,4.01537,4.45654,5.41694,All
15.3835,3.17238,0.160466,1.53574,2.21618,2.62889,2.99568,3.33294,3.65593,3.98798,4.43062,5.3915,All
15.4659,3.14461,0.0669951,1.47315,2.16665,2.5932,2.95627,3.30509,3.62314,3.96214,4.40727,5.3557,All
15.5482,3.11247,0,1.41259,2.12035,2.54939,2.92508,3.27132,3.58824,3.93742,4.38171,5.33084,All
15.6305,3.07271,0,1.33784,2.06254,2.50875,2.89174,3.23829,3.56053,3.91065,4.35576,5.29392,All
15.7129,3.03772,0,1.27713,2.01397,2.46904,2.85652,3.20731,3.53553,3.88137,4.33052,5.27359,All
15.7952,3.0059,0,1.2217,1.97229,2.42423,2.82228,3.17675,3.51029,3.86015,4.30639,5.24982,All
15.8775,2.97795,0,1.16739,1.91938,2.38015,2.79111,3.14209,3.48023,3.83708,4.28728,5.22295,All
15.9598,2.94293,0,1.11513,1.87656,2.33262,2.757,3.11036,3.45627,3.81118,4.26242,5.19189,All
16.0422,2.9108,0,1.03838,1.8306,2.29118,2.72447,3.08241,3.42957,3.7887,4.24199,5.16737,All
16.1245,2.87439,0,0.977551,1.77837,2.25708,2.69281,3.05568,3.40287,3.7692,4.22666,5.14786,All
16.2068,2.84373,0,0.910697,1.72765,2.21696,2.6573,3.02313,3.37908,3.75261,4.211,5.12788,All
16.2892,2.81166,0,0.843789,1.67829,2.1769,2.62039,2.99028,3.35222,3.73088,4.18499,5.11331,All
16.3715,2.77603,0,0.786341,1.61846,2.13376,2.58687,2.95474,3.32718,3.7019,4.15976,5.09573,All
16.4538,2.74748,0,0.730305,1.56952,2.09541,2.55064,2.92955,3.30439,3.67802,4.14583,5.0682,All
16.5361,2.71939,0,0.666485,1.5155,2.05907,2.50784,2.8949,3.28227,3.65486,4.12291,5.05014,All
16.6185,2.68631,0,0.605588,1.46158,2.0193,2.4744,2.86094,3.25757,3.63207,4.10023,5.02404,All
16.7008,2.65853,0,0.538825,1.40809,1.98827,2.44299,2.84,3.239,3.60611,4.07012,5.0008,All
16.7831,2.62383,0,0.478814,1.35676,1.94944,2.41185,2.80969,3.2166,3.58104,4.04814,4.97728,All
16.8655,2.59463,0,0.401925,1.30027,1.90819,2.37346,2.78005,3.1912,3.56229,4.03063,4.95299,All
16.9478,2.56257,0,0.344401,1.25036,1.86665,2.34151,2.74965,3.16617,3.53941,4.01273,4.93877,All
17.0301,2.53279,0,0.279963,1.19211,1.82165,2.30243,2.72492,3.14179,3.5223,3.99807,4.92801,All
17.1124,2.50406,0,0.229227,1.13854,1.78242,2.27305,2.69911,3.12118,3.50176,3.98348,4.9165,All
17.1948,2.47269,0,0.162419,1.08424,1.74476,2.23342,2.6705,3.09557,3.4801,3.9652,4.89956,All
17.2771,2.43696,0,0.0963078,1.0341,1.70312,2.20497,2.64706,3.07346,3.46091,3.94861,4.88172,All
17.3594,2.41099,0,0.0289443,0.987967,1.66341,2.17527,2.62081,3.04794,3.44213,3.92732,4.86016,All
17.4418,2.37186,0,0,0.934213,1.62726,2.14156,2.59048,3.02246,3.41996,3.9092,4.83404,All
17.5241,2.34742,0,0,0.887215,1.59126,2.11126,2.56802,2.99759,3.40116,3.89478,4.81698,All
17.6064,2.31257,0,0,0.846128,1.55374,2.08276,2.54159,2.97314,3.38422,3.8695,4.79847,All
17.6888,2.27683,0,0,0.801618,1.50611,2.05165,2.51423,2.94484,3.36593,3.85199,4.7742,All
17.7711,2.25578,0,0,0.756458,1.47688,2.02216,2.48628,2.92847,3.35089,3.83547,4.75409,All
17.8534,2.22456,0,0,0.707571,1.43157,1.98229,2.46052,2.89996,3.328,3.81699,4.72988,All
17.9357,2.19772,0,0,0.655551,1.40059,1.95464,2.43425,2.87315,3.31204,3.80112,4.70863,All
18.0181,2.16604,0,0,0.602849,1.36379,1.9197,2.40975,2.85243,3.28725,3.78582,4.68976,All
18.1004,2.13928,0,0,0.552421,1.31757,1.88776,2.38298,2.82914,3.26427,3.76061,4.6798,All
18.1827,2.10257,0,0,0.506253,1.28347,1.85097,2.35512,2.81029,3.24375,3.74584,4.66374,All
18.2651,2.07009,0,0,0.44975,1.2394,1.81995,2.32615,2.7909,3.2255,3.73223,4.63362,All
18.3474,2.04294,0,0,0.405256,1.20566,1.78895,2.29652,2.76972,3.20289,3.72229,4.61796,All
18.4297,2.01743,0,0,0.362081,1.17314,1.75812,2.26876,2.74918,3.18549,3.70909,4.59528,All
18.512,1.99151,0,0,0.320285,1.13681,1.72589,2.24725,2.72726,3.17015,3.69771,4.57672,All
18.5944,1.96543,0,0,0.280117,1.10054,1.70002,2.22316,2.70428,3.152,3.68412,4.56766,All
18.6767,1.93529,0,0,0.235371,1.05939,1.66628,2.19854,2.68092,3.12926,3.67498,4.56021,All
18.759,1.90484,0,0,0.18686,1.02062,1.63701,2.17177,2.65577,3.1133,3.66012,4.54377,All
18.8414,1.87539,0,0,0.146381,0.980862,1.60847,2.1465,2.63597,3.0989,3.64592,4.53269,All
18.9237,1.84783,0,0,0.102388,0.941046,1.57749,2.12085,2.61832,3.08764,3.62928,4.52061,All
19.006,1.81762,0,0,0.057205,0.907532,1.54594,2.09875,2.6005,3.07292,3.61067,4.49974,All
19.0884,1.79084,0,0,0.0185849,0.876065,1.51425,2.07733,2.5828,3.05643,3.59681,4.48225,All
19.1707,1.76733,0,0,0,0.834047,1.4842,2.0522,2.56308,3.0416,3.58492,4.47417,All
19.253,1.73988,0,0,0,0.796159,1.45314,2.02574,2.54211,3.02374,3.56973,4.45901,All
19.3353,1.71758,0,0,0,0.756997,1.42228,2.0003,2.52269,3.00607,3.55819,4.45893,All
19.4177,1.6903,0,0,0,0.716584,1.39396,1.97777,2.50319,2.9916,3.54337,4.4569,All
19.5,1.66725,0,0,0,0.69261,1.36889,1.95854,2.47946,2.98012,3.53102,4.44499,All
