time,median,p5,p15,p25,p35,p45,p55,p65,p75,p85,p95,split
-1,-0.399299,-0.7542,-0.618904,-0.546672,-0.484988,-0.426303,-0.373369,-0.313326,-0.251106,-0.171167,-0.0452573,All
-0.917671,-0.399299,-0.7542,-0.618904,-0.546672,-0.484988,-0.426303,-0.373369,-0.313326,-0.251106,-0.171167,-0.0452573,All
-0.835341,-0.399299,-0.7542,-0.618904,-0.546672,-0.484988,-0.426303,-0.373369,-0.313326,-0.251106,-0.171167,-0.0452573,All
-0.753012,-0.399299,-0.7542,-0.618904,-0.546672,-0.484988,-0.426303,-0.373369,-0.313326,-0.251106,-0.171167,-0.0452573,All
-0.670683,-0.399299,-0.7542,-0.618904,-0.546672,-0.484988,-0.426303,-0.373369,-0.313326,-0.251106,-0.171167,-0.0452573,All
-0.588353,-0.399299,-0.7542,-0.618904,-0.546672,-0.484988,-0.426303,-0.373369,-0.313326,-0.251106,-0.171167,-0.0452573,All
-0.506024,-0.399299,-0.7542,-0.618904,-0.546672,-0.484988,-0.426303,-0.373369,-0.313326,-0.251106,-0.171167,-0.0452573,All
-0.423695,-0.399299,-0.7542,-0.618904,-0.546672,-0.484988,-0.426303,-0.373369,-0.313326,-0.251106,-0.171167,-0.0452573,All
-0.341365,-0.399299,-0.7542,-0.618904,-0.546672,-0.484988,-0.426303,-0.373369,-0.313326,-0.251106,-0.171167,-0.0452573,All
-0.259036,-0.399299,-0.7542,-0.618904,-0.546672,-0.484988,-0.426303,-0.373369,-0.313326,-0.251106,-0.171167,-0.0452573,All
-0.176707,-0.399299,-0.7542,-0.618904,-0.546672,-0.484988,-0.426303,-0.373369,-0.313326,-0.251106,-0.171167,-0.0452573,All
-0.0943775,-0.399299,-0.7542,-0.618904,-0.546672,-0.484988,-0.426303,-0.373369,-0.313326,-0.251106,-0.171167,-0.0452573,All
-0.0120482,-0.399299,-0.7542,-0.618904,-0.546672,-0.484988,-0.426303,-0.373369,-0.313326,-0.251106,-0.171167,-0.0452573,All
0.0702811,-0.399299,-0.7542,-0.618904,-0.546672,-0.484988,-0.426303,-0.373369,-0.313326,-0.251106,-0.171167,-0.0452573,All
0.15261,-0.399299,-0.7542,-0.618904,-0.546672,-0.484988,-0.426303,-0.373369,-0.313326,-0.251106,-0.171167,-0.0452573,All
0.23494,-0.399299,-0.7542,-0.618904,-0.546672,-0.484988,-0.426303,-0.373369,-0.313326,-0.251106,-0.171167,-0.0452573,All
0.317269,-0.399299,-0.7542,-0.618904,-0.546672,-0.484988,-0.426303,-0.373369,-0.313326,-0.251106,-0.171167,-0.0452573,All
0.399598,-0.399299,-0.7542,-0.618904,-0.546672,-0.484988,-0.426303,-0.373369,-0.313326,-0.251106,-0.171167,-0.0452573,All
0.481928,-0.39937,-0.7542,-0.618904,-0.546672,-0.484988,-0.426303,-0.373369,-0.313326,-0.251106,-0.171167,-0.0452573,All
0.564257,-0.39937,-0.7542,-0.618904,-0.546672,-0.484988,-0.426361,-0.373484,-0.313326,-0.251106,-0.171167,-0.0452573,All
0.646586,-0.39945,-0.754767,-0.619069,-0.546814,-0.485127,-0.426361,-0.373484,-0.313618,-0.251106,-0.171167,-0.0452573,All
0.728916,-0.39945,-0.755321,-0.620084,-0.54709,-0.485611,-0.426473,-0.373663,-0.313697,-0.251106,-0.171167,-0.0452573,All
0.811245,-0.399978,-0.756366,-0.622185,-0.547549,-0.486183,-0.426736,-0.374363,-0.313768,-0.251498,-0.171458,-0.0452573,All
0.893574,-0.400661,-0.760379,-0.624712,-0.549684,-0.487041,-0.427673,-0.374677,-0.31445,-0.252109,-0.172003,-0.0457455,All
0.975904,-0.401734,-0.764504,-0.62868,-0.551211,-0.487809,-0.428598,-0.375542,-0.315148,-0.252905,-0.172216,-0.04664,All
1.05823,-0.403044,-0.772332,-0.631257,-0.552766,-0.48922,-0.430232,-0.376511,-0.316234,-0.253339,-0.172896,-0.0473423,All
1.14056,-0.405465,-0.779684,-0.635631,-0.554859,-0.491519,-0.432056,-0.377868,-0.317547,-0.253714,-0.17318,-0.0473543,All
1.22289,-0.406692,-0.788202,-0.640885,-0.558412,-0.494922,-0.435388,-0.379837,-0.318505,-0.254061,-0.174619,-0.0473543,All
1.30522,-0.408577,-0.799197,-0.644977,-0.563183,-0.499478,-0.438563,-0.382871,-0.320616,-0.256337,-0.175386,-0.0454518,All
1.38755,-0.412094,-0.810142,-0.650004,-0.56932,-0.503756,-0.440861,-0.385399,-0.322037,-0.257781,-0.176257,-0.0439795,All
1.46988,-0.415162,-0.819559,-0.658766,-0.573481,-0.508328,-0.443771,-0.387195,-0.325681,-0.258056,-0.174854,-0.0423463,All
1.55221,-0.41774,-0.832394,-0.664152,-0.579756,-0.511978,-0.44538,-0.38815,-0.326316,-0.258056,-0.173266,-0.0356699,All
1.63454,-0.41899,-0.842123,-0.672426,-0.583038,-0.514933,-0.44858,-0.390665,-0.326163,-0.25876,-0.172404,-0.0244911,All
1.71687,-0.420684,-0.850241,-0.679239,-0.587232,-0.516406,-0.449505,-0.39044,-0.325681,-0.25479,-0.16743,-0.0106083,All
1.7992,-0.418323,-0.861942,-0.686565,-0.591334,-0.518885,-0.449911,-0.389036,-0.323644,-0.251038,-0.161061,0.0198638,All
1.88153,-0.416825,-0.864474,-0.693428,-0.595975,-0.519441,-0.450219,-0.387513,-0.318939,-0.245777,-0.152964,0.0547543,All
1.96386,-0.415851,-0.867745,-0.7003,-0.598143,-0.52137,-0.447966,-0.384275,-0.317422,-0.235183,-0.141512,0.112465,All
2.04618,-0.411235,-0.875022,-0.695601,-0.599426,-0.521138,-0.446911,-0.380094,-0.308718,-0.227948,-0.12288,0.235577,All
2.12851,-0.40642,-0.886794,-0.699304,-0.598687,-0.517913,-0.442298,-0.375141,-0.29911,-0.211818,-0.0952558,0.400181,All
2.21084,-0.401097,-0.895846,-0.700978,-0.597275,-0.514565,-0.434765,-0.369815,-0.292213,-0.193857,-0.0530436,0.568257,All
2.29317,-0.39453,-0.904316,-0.69814,-0.592019,-0.505899,-0.430707,-0.356875,-0.275311,-0.174854,-0.00281924,0.734574,All
2.3755,-0.385748,-0.917413,-0.698311,-0.587158,-0.498667,-0.421021,-0.342221,-0.256078,-0.151698,0.0690529,0.888664,All
2.45783,-0.371246,-0.925706,-0.699786,-0.579358,-0.490481,-0.411827,-0.326065,-0.234532,-0.113536,0.19379,1.01758,All
2.54016,-0.352931,-0.932615,-0.694375,-0.571946,-0.480903,-0.398171,-0.312355,-0.211296,-0.0667889,0.337797,1.16317,All
2.62249,-0.336864,-0.93088,-0.689922,-0.563923,-0.471419,-0.382157,-0.29034,-0.180907,0.00687556,0.489873,1.29617,All
2.70482,-0.315048,-0.929936,-0.686799,-0.556139,-0.455057,-0.363451,-0.265009,-0.143358,0.0929594,0.628114,1.41575,All
2.78715,-0.290254,-0.931507,-0.67932,-0.544657,-0.440527,-0.342558,-0.231412,-0.0860687,0.209906,0.765757,1.51958,All
2.86948,-0.257735,-0.93014,-0.670646,-0.537986,-0.42614,-0.319515,-0.194717,-0.0190846,0.352921,0.896216,1.61425,All
2.95181,-0.221067,-0.92956,-0.662467,-0.524434,-0.40759,-0.293225,-0.144655,0.0652117,0.489411,1.02098,1.69718,All
3.03414,-0.18376,-0.922023,-0.655712,-0.511699,-0.387212,-0.266457,-0.0977359,0.178575,0.611649,1.12719,1.7832,All
3.11647,-0.1411,-0.924754,-0.641706,-0.493226,-0.368569,-0.223587,-0.0314101,0.309607,0.733255,1.23351,1.85102,All
3.1988,-0.078973,-0.921676,-0.631072,-0.474371,-0.33618,-0.181626,0.0512313,0.439079,0.850113,1.32506,1.91618,All
3.28112,-0.0165508,-0.90949,-0.618229,-0.457369,-0.298469,-0.131688,0.157756,0.558792,0.954678,1.41499,1.96046,All
3.36345,0.0783739,-0.905678,-0.603198,-0.429328,-0.26353,-0.0624728,0.28315,0.669427,1.05452,1.4935,2.00862,All
3.44578,0.196399,-0.895199,-0.57569,-0.398962,-0.226419,0.0103031,0.399592,0.773459,1.14491,1.56725,2.05455,All
3.52811,0.312148,-0.888224,-0.553257,-0.367809,-0.179946,0.0953468,0.514239,0.873641,1.23154,1.62913,2.08857,All
3.61044,0.426702,-0.879061,-0.537853,-0.326561,-0.123192,0.201415,0.614683,0.965668,1.31181,1.68635,2.11642,All
3.69277,0.534688,-0.865546,-0.508713,-0.290247,-0.0507162,0.315272,0.713869,1.05804,1.38562,1.73663,2.13625,All
3.7751,0.636045,-0.847746,-0.481735,-0.248345,0.0215499,0.41827,0.806213,1.13672,1.45511,1.78618,2.16319,All
3.85743,0.736824,-0.837294,-0.449668,-0.206944,0.11799,0.518205,0.900225,1.21672,1.52583,1.82766,2.18111,All
3.93976,0.819431,-0.825824,-0.425482,-0.148763,0.228753,0.623855,0.980417,1.28639,1.58291,1.86617,2.20072,All
4.02209,0.904131,-0.803695,-0.399238,-0.0859836,0.328696,0.718967,1.05742,1.352,1.63166,1.90108,2.21283,All
4.10442,0.986231,-0.796699,-0.37176,-0.0318798,0.423585,0.808523,1.1349,1.4206,1.68239,1.92848,2.21821,All
4.18675,1.06316,-0.774286,-0.34231,0.0456187,0.516099,0.891933,1.19862,1.47089,1.7227,1.95002,2.22939,All
4.26908,1.13431,-0.747608,-0.299489,0.131717,0.613037,0.969751,1.2653,1.51585,1.74824,1.97121,2.2413,All
4.35141,1.1979,-0.728526,-0.255296,0.216553,0.699866,1.04579,1.32568,1.55946,1.77913,1.9899,2.25219,All
4.43373,1.2549,-0.717955,-0.213437,0.31741,0.778595,1.10551,1.379,1.59663,1.80154,2.0003,2.25993,All
4.51606,1.31461,-0.697592,-0.163387,0.399584,0.85246,1.17035,1.42706,1.63022,1.82017,2.01489,2.26007,All
4.59839,1.36069,-0.673838,-0.117686,0.484385,0.923318,1.22376,1.47272,1.65985,1.83747,2.02471,2.26024,All
4.68072,1.40407,-0.648672,-0.0533767,0.564031,0.980546,1.27466,1.50984,1.6849,1.85227,2.02879,2.2562,All
4.76305,1.44108,-0.629258,0.0144394,0.634948,1.04564,1.32072,1.54058,1.70453,1.86485,2.03862,2.25936,All
4.84538,1.47517,-0.605306,0.0729528,0.703881,1.09909,1.36544,1.57081,1.72191,1.87495,2.04171,2.2589,All
4.92771,1.50138,-0.591304,0.144635,0.777081,1.15577,1.40498,1.59201,1.74032,1.88583,2.04405,2.2603,All
5.01004,1.52755,-0.55295,0.221682,0.840382,1.20106,1.43522,1.60841,1.75246,1.89459,2.04548,2.25827,All
5.09237,1.54765,-0.518901,0.300812,0.906203,1.24193,1.46148,1.62467,1.76393,1.90237,2.04061,2.25696,All
5.1747,1.56529,-0.504953,0.375805,0.961922,1.28173,1.48869,1.63839,1.77312,1.90409,2.04167,2.24596,All
5.25703,1.58081,-0.461633,0.440508,1.01478,1.31699,1.50528,1.64599,1.78215,1.90786,2.04286,2.23929,All
5.33936,1.59393,-0.433163,0.50627,1.05921,1.34121,1.51917,1.65707,1.78719,1.90499,2.04066,2.23528,All
5.42169,1.60159,-0.389555,0.578424,1.09833,1.36153,1.53363,1.66485,1.786,1.90208,2.03992,2.23047,All
5.50402,1.60756,-0.367535,0.646085,1.13023,1.37901,1.54516,1.66991,1.78751,1.90024,2.03453,2.22627,All
5.58635,1.61592,-0.332759,0.697626,1.15807,1.394,1.55404,1.67711,1.78749,1.89718,2.0293,2.22179,All
5.66867,1.6204,-0.306826,0.74136,1.18313,1.40424,1.55935,1.68042,1.78808,1.89312,2.02148,2.21828,All
5.751,1.62889,-0.269301,0.792263,1.20539,1.41142,1.56512,1.68057,1.78275,1.89018,2.01605,2.20959,All
5.83333,1.62748,-0.235999,0.842919,1.22822,1.41732,1.56904,1.68287,1.77762,1.88675,2.0072,2.20418,All
5.91566,1.63,-0.187174,0.889935,1.23713,1.42394,1.56901,1.68179,1.77346,1.88052,1.99869,2.19527,All
5.99799,1.62816,-0.125952,0.934247,1.24306,1.42394,1.56669,1.67672,1.76944,1.87397,1.99179,2.1917,All
6.08032,1.62487,-0.0794941,0.962956,1.24615,1.42484,1.56434,1.66992,1.76257,1.86718,1.98573,2.18355,All
6.16265,1.61968,-0.0290783,0.985917,1.24737,1.4222,1.55534,1.66401,1.75704,1.85782,1.97662,2.17405,All
6.24498,1.60828,0.0369521,0.99653,1.25267,1.42035,1.55074,1.65913,1.75077,1.84783,1.96782,2.16318,All
6.32731,1.59841,0.0948452,1.00986,1.25559,1.41805,1.54523,1.64741,1.74294,1.83891,1.95809,2.15375,All
6.40964,1.58655,0.150453,1.0209,1.25279,1.41035,1.53662,1.63832,1.73296,1.83298,1.94958,2.14447,All
6.49197,1.57543,0.212115,1.02464,1.24721,1.40478,1.52663,1.62949,1.72327,1.82344,1.94305,2.13268,All
6.5743,1.56478,0.256826,1.02874,1.2393,1.39577,1.51553,1.61668,1.71085,1.81419,1.93299,2.12437,All
6.65663,1.5554,0.312981,1.0229,1.23534,1.38894,1.50236,1.60667,1.69898,1.80517,1.92188,2.11459,All
6.73896,1.54484,0.365932,1.01913,1.22875,1.37424,1.48712,1.59343,1.68699,1.7936,1.91294,2.1038,All
6.82129,1.53254,0.405466,1.00905,1.22595,1.36368,1.4753,1.57883,1.67567,1.78064,1.9031,2.09737,All
6.90361,1.51868,0.438023,1.00506,1.21642,1.34819,1.46149,1.56537,1.66336,1.76899,1.89475,2.08858,All
6.98594,1.50295,0.480926,0.996612,1.1997,1.33728,1.44616,1.55233,1.65032,1.75828,1.8832,2.08105,All
7.06827,1.48729,0.509506,0.985378,1.18794,1.32603,1.43242,1.53713,1.63627,1.7449,1.8716,2.07042,All
7.1506,1.4694,0.528496,0.976423,1.17419,1.30809,1.41652,1.524,1.62248,1.73322,1.85894,2.0608,All
7.23293,1.45252,0.538978,0.962141,1.15609,1.28984,1.40141,1.50876,1.60758,1.71966,1.84517,2.0542,All
7.31526,1.43747,0.560992,0.950238,1.13931,1.27039,1.38493,1.49179,1.58959,1.70643,1.8348,2.04124,All
7.39759,1.42212,0.55854,0.934017,1.12197,1.25345,1.36751,1.47521,1.57525,1.69055,1.82544,2.03036,All
7.47992,1.40318,0.561988,0.91725,1.10538,1.23537,1.34753,1.45625,1.55972,1.678,1.81125,2.01816,All
7.56225,1.38408,0.565512,0.901656,1.0827,1.21789,1.32939,1.43915,1.54373,1.66494,1.79474,2.00231,All
7.64458,1.36569,0.563857,0.889044,1.06289,1.19717,1.3112,1.4209,1.52665,1.64781,1.78193,1.99113,All
7.72691,1.34699,0.554761,0.87219,1.04197,1.17862,1.29492,1.40146,1.5115,1.63195,1.76891,1.97786,All
7.80924,1.33157,0.549764,0.85751,1.02283,1.15492,1.27468,1.38148,1.49225,1.61721,1.75583,1.96971,All
7.89157,1.31113,0.536082,0.836012,1.002,1.132,1.25536,1.3625,1.47479,1.60057,1.74179,1.95758,All
7.9739,1.29146,0.529367,0.815934,0.978729,1.1096,1.23427,1.3435,1.4554,1.58553,1.72728,1.94586,All
8.05622,1.26983,0.520329,0.79757,0.955979,1.0876,1.21186,1.32418,1.43776,1.5703,1.71138,1.93339,All
8.13855,1.24874,0.506727,0.775362,0.932448,1.0643,1.18806,1.30252,1.42151,1.55134,1.6936,1.92467,All
8.22088,1.22668,0.487823,0.755405,0.910177,1.03907,1.16658,1.28368,1.40428,1.53424,1.67962,1.911,All
8.30321,1.20384,0.470944,0.734718,0.888249,1.01622,1.14862,1.26318,1.38628,1.51254,1.66326,1.89786,All
8.38554,1.18443,0.448941,0.715948,0.866133,0.995231,1.12402,1.24219,1.36668,1.49471,1.64708,1.88316,All
8.46787,1.15883,0.429285,0.693092,0.843222,0.974395,1.09816,1.22148,1.34568,1.47787,1.63205,1.86794,All
8.5502,1.1352,0.408939,0.66891,0.819767,0.95164,1.07399,1.19727,1.32591,1.46002,1.61297,1.85478,All
8.63253,1.11057,0.388944,0.644717,0.793807,0.930133,1.05042,1.17309,1.30353,1.44287,1.59856,1.84163,All
8.71486,1.0875,0.371224,0.620263,0.768204,0.902815,1.02743,1.14756,1.28243,1.42315,1.57974,1.82949,All
8.79719,1.06386,0.344779,0.596055,0.74455,0.877335,1.00198,1.12485,1.25963,1.40359,1.56488,1.81421,All
8.87952,1.04025,0.321814,0.569241,0.720628,0.853341,0.97774,1.09979,1.23688,1.38425,1.55139,1.80451,All
8.96185,1.01713,0.299612,0.545477,0.696201,0.827383,0.953093,1.07585,1.21298,1.36454,1.53543,1.79439,All
9.04418,0.990468,0.275051,0.522265,0.669296,0.800315,0.929075,1.05421,1.18953,1.34426,1.51782,1.77977,All
9.12651,0.965955,0.247814,0.499893,0.644511,0.773908,0.904027,1.03041,1.16451,1.32162,1.49922,1.76289,All
9.20884,0.938932,0.221089,0.474497,0.617305,0.749408,0.878441,1.00623,1.14245,1.29927,1.48115,1.7508,All
9.29116,0.914924,0.19478,0.450165,0.591758,0.726081,0.850983,0.984049,1.11787,1.27938,1.46242,1.73659,All
9.37349,0.890838,0.168464,0.42442,0.568204,0.698968,0.825675,0.957839,1.09478,1.25686,1.44237,1.7243,All
9.45582,0.864553,0.138799,0.398009,0.542274,0.674917,0.804061,0.934446,1.07367,1.23414,1.42663,1.7095,All
9.53815,0.837808,0.113852,0.375085,0.518863,0.651428,0.777832,0.908838,1.04939,1.21037,1.40967,1.69706,All
9.62048,0.814073,0.0868215,0.34657,0.493293,0.62768,0.751932,0.885095,1.02422,1.18704,1.38978,1.67989,All
9.70281,0.786938,0.0604209,0.319515,0.468675,0.600222,0.724367,0.862169,1.00177,1.16368,1.36868,1.66688,All
9.78514,0.762861,0.034486,0.291932,0.442003,0.572773,0.698366,0.835377,0.974867,1.14197,1.34954,1.65206,All
9.86747,0.738266,0.00963507,0.265729,0.416466,0.547242,0.673403,0.809977,0.954267,1.11839,1.33018,1.63704,All
9.9498,0.713921,-0.0199407,0.243655,0.389171,0.520732,0.645099,0.783392,0.92997,1.10024,1.30932,1.61967,All
10.0321,0.686936,-0.0504652,0.215663,0.364267,0.494719,0.617682,0.75781,0.904968,1.07968,1.2874,1.60334,All
10.1145,0.663109,-0.0773789,0.188953,0.336264,0.468244,0.592522,0.732081,0.878816,1.05519,1.26879,1.58761,All
10.1968,0.6386,-0.10666,0.159942,0.308818,0.443024,0.567154,0.709208,0.851592,1.02999,1.24932,1.57082,All
10.2791,0.6133,-0.137646,0.131337,0.285352,0.417393,0.541631,0.682681,0.82881,1.00613,1.22782,1.55293,All
10.3614,0.588393,-0.171034,0.101768,0.259686,0.389719,0.514083,0.657274,0.805765,0.982209,1.20811,1.538,All
10.4438,0.561603,-0.199368,0.0716356,0.230957,0.362604,0.488666,0.629689,0.782117,0.960961,1.18671,1.52785,All
10.5261,0.535194,-0.227357,0.0457329,0.200837,0.334687,0.462675,0.602689,0.758543,0.936657,1.16928,1.50911,All
10.6084,0.509779,-0.257686,0.0161425,0.170951,0.306234,0.438458,0.576898,0.732371,0.913773,1.14847,1.49488,All
10.6908,0.481858,-0.286587,-0.0152492,0.14215,0.280914,0.41146,0.550809,0.706037,0.888392,1.12753,1.47862,All
10.7731,0.454924,-0.313816,-0.0435225,0.11306,0.254411,0.384093,0.524659,0.678679,0.866988,1.1059,1.46521,All
10.8554,0.426149,-0.343894,-0.0733207,0.0842712,0.227289,0.358421,0.498875,0.651144,0.841174,1.08303,1.44938,All
10.9378,0.400603,-0.374356,-0.10399,0.0542265,0.198808,0.332911,0.473396,0.623524,0.818652,1.05979,1.43357,All
11.0201,0.375003,-0.405054,-0.13392,0.0235203,0.170403,0.305035,0.443017,0.596542,0.79518,1.03938,1.42184,All
11.1024,0.347854,-0.436071,-0.16354,-0.00462206,0.144906,0.27871,0.418237,0.568967,0.772926,1.02144,1.40669,All
11.1847,0.322762,-0.465785,-0.194507,-0.0325726,0.113157,0.251017,0.391062,0.543878,0.746015,0.99817,1.39425,All
11.2671,0.293782,-0.497398,-0.226021,-0.0591537,0.0833137,0.222247,0.361992,0.515936,0.720582,0.975354,1.37815,All
11.3494,0.267147,-0.527041,-0.257937,-0.0897045,0.0526943,0.193502,0.335913,0.491233,0.695847,0.954365,1.36145,All
11.4317,0.239552,-0.556876,-0.290398,-0.120413,0.0233802,0.164323,0.308427,0.465755,0.669546,0.930945,1.34672,All
11.5141,0.210884,-0.586943,-0.321502,-0.148982,-0.00699074,0.136855,0.281036,0.439638,0.644362,0.909896,1.33128,All
11.5964,0.181467,-0.619392,-0.353714,-0.180577,-0.0363938,0.107865,0.252858,0.410172,0.617656,0.889704,1.3158,All
11.6787,0.153686,-0.65193,-0.382932,-0.209188,-0.0656817,0.0777917,0.22509,0.385555,0.591014,0.865783,1.29471,All
11.761,0.122686,-0.68256,-0.411143,-0.240451,-0.0956838,0.0468293,0.195809,0.360134,0.564116,0.840721,1.27634,All
11.8434,0.0923039,-0.71291,-0.443611,-0.272482,-0.126177,0.0165936,0.167315,0.331802,0.537851,0.817191,1.26406,All
11.9257,0.0608915,-0.742975,-0.476106,-0.303518,-0.156494,-0.014122,0.136683,0.303345,0.511512,0.792971,1.24823,All
12.008,0.0315975,-0.774966,-0.507478,-0.334779,-0.187404,-0.045156,0.106361,0.276395,0.487344,0.764603,1.22918,All
12.0904,0.000149014,-0.806989,-0.53864,-0.365905,-0.219111,-0.075905,0.0762957,0.248444,0.458086,0.736996,1.20702,All
12.1727,-0.0303647,-0.836959,-0.569612,-0.39638,-0.250136,-0.106664,0.0448728,0.220259,0.430948,0.710656,1.18807,All
12.255,-0.0625467,-0.866443,-0.598777,-0.425699,-0.282097,-0.137007,0.0132865,0.193521,0.402945,0.681498,1.1664,All
12.3373,-0.092546,-0.894737,-0.630999,-0.456979,-0.312381,-0.167869,-0.0172838,0.164884,0.373438,0.652524,1.15028,All
12.4197,-0.122841,-0.927707,-0.662706,-0.486635,-0.344142,-0.200121,-0.0464567,0.136766,0.344115,0.62524,1.136,All
12.502,-0.153752,-0.959013,-0.691643,-0.518082,-0.375592,-0.231646,-0.0789174,0.109409,0.315042,0.599014,1.11455,All
12.5843,-0.185979,-0.992008,-0.722409,-0.549369,-0.406578,-0.263478,-0.110549,0.0809764,0.285902,0.57257,1.0947,All
12.6667,-0.216505,-1.0234,-0.754532,-0.582103,-0.436532,-0.29386,-0.14226,0.0529718,0.255472,0.546142,1.07589,All
12.749,-0.246087,-1.05582,-0.785055,-0.615217,-0.467875,-0.3252,-0.172845,0.0221387,0.224738,0.517698,1.0589,All
12.8313,-0.277393,-1.08544,-0.816806,-0.645371,-0.499591,-0.355592,-0.20357,-0.00999631,0.193896,0.488737,1.03693,All
12.9137,-0.30895,-1.11522,-0.846428,-0.676105,-0.531068,-0.385764,-0.232358,-0.0394954,0.164286,0.462429,1.01522,All
12.996,-0.341606,-1.14606,-0.87816,-0.707102,-0.561381,-0.416351,-0.263192,-0.069661,0.132911,0.437647,0.99401,All
13.0783,-0.3731,-1.17909,-0.909639,-0.738525,-0.591913,-0.448705,-0.293755,-0.102644,0.10446,0.406612,0.969438,All
13.1606,-0.403872,-1.21245,-0.938557,-0.769938,-0.623811,-0.479817,-0.324828,-0.134722,0.073192,0.378607,0.942967,All
13.243,-0.435443,-1.24439,-0.969405,-0.800246,-0.653333,-0.50869,-0.355295,-0.16695,0.0431216,0.350452,0.918996,All
13.3253,-0.46687,-1.27284,-1.00057,-0.832475,-0.684944,-0.538721,-0.386514,-0.19855,0.0120006,0.321817,0.895387,All
13.4076,-0.49919,-1.30634,-1.03244,-0.864292,-0.713758,-0.569413,-0.41736,-0.229278,-0.0202464,0.29155,0.876348,All
13.49,-0.528919,-1.33793,-1.06191,-0.89478,-0.743405,-0.600342,-0.44908,-0.259766,-0.0513477,0.262208,0.847735,All
13.5723,-0.559575,-1.37064,-1.09276,-0.925211,-0.775585,-0.628963,-0.480664,-0.291145,-0.0807979,0.231387,0.823206,All
13.6546,-0.59033,-1.40214,-1.12531,-0.956581,-0.806425,-0.660868,-0.510746,-0.322269,-0.112866,0.201477,0.80052,All
13.7369,-0.620894,-1.43587,-1.15805,-0.988797,-0.836801,-0.692019,-0.543068,-0.354868,-0.144707,0.169965,0.771826,All
13.8193,-0.650729,-1.46832,-1.18737,-1.01965,-0.868878,-0.723278,-0.574482,-0.386893,-0.175492,0.138117,0.749516,All
13.9016,-0.682331,-1.50153,-1.21965,-1.0506,-0.900545,-0.753738,-0.606219,-0.415673,-0.207601,0.11113,0.72205,All
13.9839,-0.713105,-1.53371,-1.2509,-1.08163,-0.930612,-0.78343,-0.635802,-0.447657,-0.237235,0.0789014,0.695242,All
14.0663,-0.744666,-1.56352,-1.28175,-1.11229,-0.961135,-0.812305,-0.665924,-0.47697,-0.266507,0.0483116,0.672702,All
14.1486,-0.7746,-1.59691,-1.31276,-1.14278,-0.99278,-0.844662,-0.697546,-0.50793,-0.29309,0.0180157,0.64235,All
14.2309,-0.806293,-1.63007,-1.34349,-1.17395,-1.02355,-0.876907,-0.728843,-0.538864,-0.322648,-0.0119457,0.617506,All
14.3133,-0.837465,-1.66218,-1.37361,-1.20549,-1.0547,-0.907833,-0.759307,-0.569081,-0.353857,-0.043689,0.588215,All
14.3956,-0.868062,-1.69389,-1.40443,-1.23592,-1.08385,-0.940228,-0.789956,-0.600287,-0.381524,-0.0739813,0.562918,All
14.4779,-0.899105,-1.72715,-1.43577,-1.26786,-1.1162,-0.971219,-0.820955,-0.632409,-0.410828,-0.103662,0.536937,All
14.5602,-0.930564,-1.76087,-1.4682,-1.29834,-1.14853,-1.00295,-0.849499,-0.664546,-0.437909,-0.133895,0.509928,All
14.6426,-0.961125,-1.79387,-1.49922,-1.32903,-1.17924,-1.03284,-0.880837,-0.695901,-0.46808,-0.162466,0.489116,All
14.7249,-0.992366,-1.82768,-1.53053,-1.35933,-1.21179,-1.06367,-0.911475,-0.725759,-0.501138,-0.192482,0.460512,All
14.8072,-1.02472,-1.86083,-1.56365,-1.38969,-1.24225,-1.09502,-0.940974,-0.757862,-0.531291,-0.223956,0.437291,All
14.8896,-1.05486,-1.89269,-1.59388,-1.42134,-1.27338,-1.12659,-0.971137,-0.78858,-0.562611,-0.251678,0.4085,All
14.9719,-1.08673,-1.92647,-1.62501,-1.4527,-1.30371,-1.15699,-1.00221,-0.81885,-0.593771,-0.284444,0.380668,All
15.0542,-1.11656,-1.95914,-1.65802,-1.48334,-1.33335,-1.18748,-1.03369,-0.849818,-0.625492,-0.313656,0.3555,All
15.1365,-1.14643,-1.99093,-1.68948,-1.51474,-1.36417,-1.21913,-1.06336,-0.879867,-0.656129,-0.342091,0.328383,All
15.2189,-1.17643,-2.0224,-1.72003,-1.54373,-1.39513,-1.24934,-1.09488,-0.909903,-0.686888,-0.368436,0.30394,All
15.3012,-1.20579,-2.0557,-1.75323,-1.57546,-1.42502,-1.2816,-1.12608,-0.93934,-0.718119,-0.397871,0.278244,All
15.3835,-1.23398,-2.08855,-1.78486,-1.60655,-1.45591,-1.31287,-1.1575,-0.970761,-0.748708,-0.429073,0.251103,All
15.4659,-1.26495,-2.12188,-1.81745,-1.63751,-1.48721,-1.34321,-1.1875,-1.00057,-0.779724,-0.457449,0.2237,All
15.5482,-1.29363,-2.155,-1.8505,-1.66995,-1.51662,-1.37187,-1.21727,-1.02962,-0.810732,-0.489542,0.19542,All
15.6305,-1.32464,-2.18751,-1.88366,-1.70188,-1.5472,-1.40293,-1.24786,-1.05935,-0.839311,-0.518803,0.16821,All
15.7129,-1.3553,-2.2201,-1.91463,-1.73386,-1.57678,-1.4343,-1.27823,-1.08895,-0.869402,-0.548507,0.138131,All
15.7952,-1.38747,-2.25085,-1.94552,-1.76527,-1.60843,-1.46458,-1.31045,-1.11839,-0.899963,-0.580186,0.107391,All
15.8775,-1.41799,-2.28038,-1.97751,-1.79664,-1.63809,-1.49488,-1.34082,-1.14904,-0.929279,-0.607054,0.0834364,All
15.9598,-1.44688,-2.31413,-2.00982,-1.82595,-1.66899,-1.52651,-1.3707,-1.17881,-0.957375,-0.634589,0.0570799,All
16.0422,-1.47657,-2.34682,-2.04323,-1.85698,-1.70015,-1.55535,-1.40064,-1.20816,-0.988405,-0.665995,0.0293637,All
16.1245,-1.5067,-2.37986,-2.07383,-1.8866,-1.73116,-1.58608,-1.43103,-1.2382,-1.0168,-0.696507,0.00392118,All
16.2068,-1.53909,-2.4125,-2.1064,-1.91892,-1.7615,-1.61747,-1.46027,-1.26712,-1.04715,-0.72241,-0.0223642,All
16.2892,-1.56885,-2.44488,-2.13761,-1.9518,-1.79247,-1.65033,-1.4917,-1.29772,-1.07434,-0.751085,-0.0443552,All
16.3715,-1.59917,-2.47805,-2.17035,-1.98353,-1.82282,-1.68192,-1.52295,-1.3276,-1.10243,-0.780895,-0.075943,All
16.4538,-1.62926,-2.51142,-2.20041,-2.01448,-1.85368,-1.71126,-1.55086,-1.35737,-1.12912,-0.812197,-0.0962062,All
16.5361,-1.65791,-2.54275,-2.23251,-2.04453,-1.88495,-1.74247,-1.58072,-1.38743,-1.15925,-0.840987,-0.122876,All
16.6185,-1.68781,-2.57421,-2.26361,-2.07623,-1.91519,-1.76986,-1.61073,-1.4183,-1.18577,-0.870253,-0.151173,All
16.7008,-1.71842,-2.60497,-2.29512,-2.10741,-1.94578,-1.80059,-1.6401,-1.44702,-1.2155,-0.900528,-0.171296,All
16.7831,-1.74901,-2.63658,-2.32601,-2.13744,-1.97583,-1.83063,-1.66951,-1.47734,-1.24217,-0.931884,-0.20188,All
16.8655,-1.78026,-2.6695,-2.35769,-2.16976,-2.0088,-1.86228,-1.6999,-1.50709,-1.27331,-0.958051,-0.228644,All
16.9478,-1.80854,-2.69976,-2.38675,-2.20014,-2.03905,-1.89119,-1.72656,-1.53389,-1.30002,-0.987029,-0.257888,All
17.0301,-1.83875,-2.7318,-2.41883,-2.23252,-2.07017,-1.9203,-1.753,-1.56331,-1.32987,-1.01508,-0.286098,All
17.1124,-1.86839,-2.76308,-2.44914,-2.26437,-2.10021,-1.94912,-1.78104,-1.58957,-1.35839,-1.04306,-0.312814,All
17.1948,-1.89759,-2.79613,-2.48196,-2.29558,-2.13128,-1.9784,-1.81133,-1.61907,-1.38765,-1.06999,-0.337773,All
17.2771,-1.92811,-2.82573,-2.5145,-2.32578,-2.16164,-2.00856,-1.83906,-1.64844,-1.41578,-1.09841,-0.364741,All
17.3594,-1.95829,-2.8597,-2.54477,-2.35862,-2.19182,-2.03786,-1.86913,-1.67526,-1.446,-1.12763,-0.389596,All
17.4418,-1.9871,-2.89071,-2.57618,-2.38913,-2.22183,-2.06853,-1.89637,-1.70522,-1.46997,-1.15373,-0.40898,All
17.5241,-2.0169,-2.92294,-2.60893,-2.42199,-2.25284,-2.0997,-1.92546,-1.73356,-1.49773,-1.18378,-0.42763,All
17.6064,-2.04715,-2.95487,-2.63801,-2.45329,-2.28408,-2.12949,-1.95529,-1.7614,-1.52305,-1.21155,-0.449973,All
17.6888,-2.07639,-2.98635,-2.671,-2.48373,-2.31314,-2.16087,-1.98324,-1.78911,-1.55019,-1.23543,-0.467371,All
17.7711,-2.10603,-3.01987,-2.70331,-2.51558,-2.34318,-2.18851,-2.01224,-1.81782,-1.57459,-1.25906,-0.487853,All
17.8534,-2.13573,-3.05218,-2.73567,-2.54795,-2.37288,-2.21946,-2.04158,-1.84854,-1.60392,-1.28738,-0.514804,All
17.9357,-2.16647,-3.08496,-2.76641,-2.5801,-2.40337,-2.24851,-2.07231,-1.87757,-1.63325,-1.30812,-0.530717,All
18.0181,-2.1973,-3.11625,-2.7993,-2.612,-2.43217,-2.27969,-2.10012,-1.9066,-1.65947,-1.32672,-0.552326,All
18.1004,-2.22773,-3.14773,-2.83128,-2.64224,-2.46422,-2.31046,-2.12965,-1.93542,-1.68673,-1.35297,-0.578176,All
18.1827,-2.25782,-3.18134,-2.86448,-2.67333,-2.49468,-2.34008,-2.15721,-1.96433,-1.71743,-1.38019,-0.6051,All
18.2651,-2.28644,-3.2136,-2.8975,-2.70305,-2.52649,-2.37156,-2.18709,-1.99323,-1.74584,-1.40463,-0.619911,All
18.3474,-2.31674,-3.24526,-2.92806,-2.73354,-2.55751,-2.4022,-2.21631,-2.01869,-1.77455,-1.43011,-0.63454,All
18.4297,-2.34703,-3.27556,-2.95928,-2.76523,-2.58869,-2.43131,-2.24776,-2.04414,-1.80224,-1.4573,-0.657029,All
18.512,-2.37683,-3.30745,-2.99158,-2.7952,-2.61954,-2.45979,-2.27516,-2.07001,-1.83108,-1.47962,-0.683235,All
18.5944,-2.40501,-3.34051,-3.02436,-2.82759,-2.65135,-2.49138,-2.30306,-2.09711,-1.85849,-1.50652,-0.703456,All
18.6767,-2.43303,-3.3732,-3.05455,-2.85845,-2.68173,-2.5227,-2.33315,-2.12267,-1.8833,-1.5316,-0.723237,All
18.759,-2.46066,-3.40648,-3.08469,-2.88953,-2.71295,-2.55332,-2.36309,-2.15153,-1.90805,-1.55682,-0.753116,All
18.8414,-2.48982,-3.43682,-3.11469,-2.92058,-2.74179,-2.58219,-2.39044,-2.17914,-1.93553,-1.58462,-0.773103,All
18.9237,-2.51773,-3.46873,-3.14688,-2.95036,-2.77312,-2.61124,-2.41923,-2.20739,-1.96126,-1.6082,-0.791317,All
19.006,-2.54573,-3.50035,-3.17953,-2.98158,-2.80419,-2.63982,-2.44619,-2.23579,-1.98918,-1.63193,-0.819833,All
19.0884,-2.57415,-3.53352,-3.21077,-3.01347,-2.83569,-2.67023,-2.47604,-2.26204,-2.01635,-1.6559,-0.841427,All
19.1707,-2.60462,-3.56554,-3.24286,-3.04543,-2.86774,-2.7011,-2.50505,-2.28963,-2.0423,-1.67686,-0.858609,All
19.253,-2.63505,-3.59855,-3.27603,-3.07618,-2.89915,-2.73219,-2.53267,-2.31898,-2.06802,-1.70258,-0.883255,All
19.3353,-2.66471,-3.6303,-3.30717,-3.10786,-2.93158,-2.76158,-2.56251,-2.34627,-2.09567,-1.72543,-0.901169,All
19.4177,-2.69272,-3.66104,-3.34003,-3.13874,-2.96269,-2.79088,-2.59178,-2.37425,-2.12147,-1.7453,-0.924277,All
19.5,-2.72291,-3.69297,-3.37173,-3.16916,-2.9926,-2.82228,-2.6214,-2.39994,-2.14702,-1.76381,-0.950697,All
