rep,id,eta_beta_exp,eta_delta0,eta_p,eta_td,eta_b_exp,eta_h_0,eta_tc,eta_sigma,eta_phi_exp,eta_rho_exp,eta_alpha_exp
1,7,1.14028,1.59444,-0.377751,-0.590472,-3.51801,0.613378,3.0923,0.365447,0,2.15523,-0.425043
2,7,0.272532,1.16902,-0.432407,-0.248765,-2.30613,0.51335,0.955667,0.0747713,0,1.27263,-0.212396
3,7,0.242364,1.28214,-0.390245,-0.624062,-2.27079,0.48564,1.2591,0.177378,0,1.43579,0.135856
4,7,0.448807,1.15206,-0.621639,-0.599369,-2.44882,0.537569,0.757966,-0.168766,0,1.36607,-0.216905
5,7,0.50557,1.58678,-0.412643,-0.334359,-2.62706,0.550902,0.643439,0.0975645,0,1.95775,-0.0556319
6,7,1.30139,2.00301,-0.571854,-0.94349,-3.25911,0.59577,1.19889,-0.260603,0,1.75512,-0.281911
7,7,0.245397,1.12638,-0.174056,-0.660797,-2.81648,0.557412,0.793067,-0.0219278,0,1.40834,0.612079
8,7,0.572739,1.83212,-0.352786,0.15921,-2.17147,0.435552,1.72361,0.547918,0,1.58217,-0.151617
9,7,0.443408,0.405593,-0.778583,-0.339197,-2.06789,0.466515,0.143147,-0.290645,0,1.34049,-0.306085
10,7,0.147526,0.874457,-0.309335,-0.147979,-2.13685,0.454201,0.767361,0.0809429,0,1.30311,-0.0118842
1,8,-0.456258,-1.32579,0.383033,0.438657,1.27245,-0.241422,-1.95311,-0.573528,0,-1.21725,0.113788
2,8,-0.326051,-1.03703,0.335003,0.374649,2.08648,-0.457319,-0.346112,0.0695613,0,-1.09937,-0.0688809
3,8,0.234753,-0.332539,0.164031,0.50748,1.72531,-0.386833,0.259209,0.0605466,0,-1.26584,-0.11835
4,8,-0.520619,-1.19775,0.315667,0.43994,1.41219,-0.225357,-1.13246,-0.396837,0,-0.885974,-0.0548422
5,8,-0.282373,-1.19676,0.232584,0.456014,1.7566,-0.408389,-0.647046,-0.0963939,0,-1.2882,-0.221095
6,8,-0.565716,-1.67719,0.0678647,0.427128,1.70407,-0.313735,-1.01877,-0.14084,0,-0.86528,-0.0754693
7,8,-0.357623,-0.633024,0.222002,0.373879,1.19987,-0.195634,-0.326817,-0.265256,0,-0.703578,-0.188674
8,8,0.245201,-0.580827,0.209122,0.484571,1.4768,-0.374356,0.0433364,0.0140497,0,-1.07966,-0.365794
9,8,0.0503813,-1.02815,-0.0225504,0.484529,1.26931,-0.195389,-2.77939,-0.735003,0,-1.47423,-0.645924
10,8,-0.188798,-0.290387,0.377585,0.399635,1.73955,-0.405183,0.182696,-0.0292574,0,-1.07304,0.204407
1,9,0.133153,-1.08552,-0.0530948,0.0456111,1.16338,-0.306171,-2.91942,-0.922599,0,-1.15593,0.00988161
2,9,0.483947,1.15146,-0.142541,-0.450141,-1.48836,0.295053,0.554319,-0.272779,0,0.638007,-0.60603
3,9,-0.362067,-1.44889,0.132636,0.00452815,1.03092,-0.293619,-2.4986,-0.471067,0,-0.614439,0.384356
4,9,-0.205437,0.482618,0.535416,-0.122164,0.390263,-0.213231,0.199504,0.269692,0,-0.430895,0.245949
5,9,0.489568,0.0212152,0.0857997,-0.173603,-0.470142,0.00767096,-0.375341,-0.488321,0,-0.179329,-0.171116
6,9,-0.000394718,-0.629204,0.0429057,0.0420719,1.29671,-0.34893,-1.40894,-0.321181,0,-0.836115,-0.29384
7,9,0.305757,0.997963,0.223835,-0.278788,-1.48074,0.275035,0.953243,-0.103396,0,0.430521,-0.169485
8,9,-0.454581,-1.32853,0.252359,-0.0268704,0.955879,-0.271283,-1.49409,-0.21637,0,-0.809227,0.134652
9,9,0.0422557,-0.36402,0.0426829,0.0242179,0.880415,-0.229868,-0.220112,-0.0927732,0,-0.366124,0.247446
10,9,0.399428,0.647151,-0.274246,-0.00271798,0.000795337,0.0204478,-0.0253066,-0.253264,0,0.331657,-0.081923
1,10,0.378613,0.134761,0.172467,-0.33223,0.0833672,0.0292003,0.0292576,-0.389086,0,-0.223136,-0.232948
2,10,0.197275,0.684431,0.629771,-0.183998,1.0581,-0.270009,1.32002,0.604892,0,-1.13778,-0.319252
3,10,-0.172952,0.871837,0.446041,-0.358943,0.174309,0.00785802,0.806344,0.441829,0,0.255447,-0.259913
4,10,0.262004,0.314205,0.621531,-0.158777,0.795352,-0.193329,0.617825,0.101112,0,-0.591958,0.154084
5,10,0.0185302,0.943393,0.480784,-0.227851,0.806981,-0.153649,0.934011,0.371354,0,-0.144782,-0.189236
6,10,-0.12974,0.0889866,0.440179,-0.238888,0.633926,-0.117358,0.967305,0.0638503,0,-0.439178,0.151577
7,10,-0.0897468,0.311749,0.636414,-0.208533,0.579859,-0.0993957,1.1687,0.272867,0,-0.474163,0.0255819
8,10,-0.00483536,0.220932,0.758239,-0.186494,0.886039,-0.197623,1.98926,0.371732,0,-1.09896,0.102195
9,10,-0.369447,0.402635,0.777902,-0.190445,1.04142,-0.189478,1.63475,0.696647,0,-0.611159,0.215461
10,10,0.413972,0.555799,0.528362,-0.176379,0.638194,-0.122406,0.614163,0.370885,0,-0.470189,0.107945
1,11,-0.990297,-0.770855,0.316812,-0.157775,1.34426,-0.197649,-0.088265,0.66684,0,0.258625,-0.0189049
2,11,-1.13145,-0.938535,0.536722,0.0231054,1.51151,-0.185924,-0.712738,0.063266,0,-0.429407,0.36149
3,11,-0.642457,-0.780457,0.595162,-0.042882,1.81732,-0.495642,0.00184186,0.73822,0,-1.02097,0.0208271
4,11,-1.25382,-1.81463,0.858353,0.00298915,1.46618,-0.24312,-1.01714,0.293121,0,-0.501444,0.410732
5,11,-0.884962,-1.10347,0.0981052,0.0126221,1.7883,-0.279159,-0.118906,0.680687,0,0.0037391,0.00700476
6,11,-1.27478,-1.13724,0.796067,0.0469876,2.32149,-0.518889,-0.0699299,0.826553,0,-0.479954,0.349133
7,11,-0.535163,-0.654226,0.462692,0.0619789,1.89205,-0.448477,0.0757062,0.789284,0,-0.366964,-0.20698
8,11,-0.851245,-1.24888,0.442074,0.0587843,1.81786,-0.354641,-0.729808,0.122704,0,-1.17285,0.0589384
9,11,-1.05364,-1.53257,0.629011,-0.04497,1.52933,-0.242364,-1.37764,0.105278,0,-0.550923,0.254399
10,11,-0.735229,-1.12663,0.443247,0.0884272,2.02111,-0.448035,-0.557895,0.33809,0,-0.911522,0.046549
1,12,0.606849,-1.16741,-1.49174,0.936244,1.21587,-0.206573,-3.31151,-0.737049,0,-0.442862,0.0145561
2,12,0.329783,-1.05813,-1.20048,0.911096,1.34274,-0.220965,-2.27659,-0.769811,0,-0.695851,0.510167
3,12,0.259206,-1.33566,-1.01417,0.926922,1.43391,-0.299329,-2.16611,-0.372948,0,-0.625508,0.541665
4,12,0.410546,-1.21466,-1.52526,0.922642,1.66711,-0.323965,-3.03613,-0.80168,0,-0.798768,0.58744
5,12,0.51048,-1.1795,-1.46784,0.949708,1.32762,-0.205495,-3.02401,-0.509629,0,-0.234165,-0.15709
6,12,0.371367,-1.00544,-1.44908,0.847734,1.35526,-0.212729,-1.56813,-0.621579,0,-0.415935,0.553356
7,12,0.180249,-0.791294,-1.15547,0.93784,1.17799,-0.111928,-2.93538,-0.852725,0,-0.597309,0.410664
8,12,0.403731,-1.23188,-1.32238,0.893614,1.40767,-0.198463,-2.61253,-0.577084,0,-0.650971,0.385114
9,12,0.0182185,-0.96864,-0.85011,0.91444,1.11844,-0.195973,-1.46245,-0.495152,0,-0.290406,0.828234
10,12,-0.0164195,-0.843983,-1.23323,0.898732,1.14605,-0.0760022,-3.11148,-0.853074,0,-0.36846,0.221906
1,13,0.808997,1.66142,0.272683,-0.828243,-2.64779,0.371841,2.5886,0.0831568,0,0.945339,0.406615
2,13,1.16998,2.30275,-0.0276825,-0.872724,-2.39488,0.33062,3.2104,0.257315,0,1.19745,0.111796
3,13,0.973746,2.40569,0.130126,-0.896228,-2.48892,0.365793,3.19531,0.212458,0,1.12309,0.373306
4,13,0.729563,1.95125,0.409003,-1.1345,-2.61307,0.359626,2.95327,0.12591,0,1.02113,0.180339
5,13,1.19495,2.45904,0.155733,-0.701303,-2.8369,0.404659,3.11529,0.345632,0,1.24032,-0.108196
6,13,0.645695,1.97466,0.711806,-0.65698,-2.79246,0.37137,2.53283,0.376572,0,0.933558,0.56692
7,13,0.9155,1.6833,0.172348,-0.963213,-2.51193,0.338591,3.26329,0.104499,0,0.84135,0.118184
8,13,0.778249,1.10641,-0.0586398,-0.878666,-1.875,0.239742,2.17732,0.133263,0,0.854102,0.197982
9,13,0.528439,1.82497,0.420079,-0.85394,-2.57834,0.378912,2.08941,0.0980653,0,1.11281,0.332203
10,13,0.949769,1.79214,0.0798003,-0.866489,-2.77171,0.418342,2.06679,0.0287062,0,1.00438,0.371199
1,14,0.532926,-0.495889,-0.163179,0.0297497,1.01359,-0.236189,-2.06206,-0.841598,0,-1.09581,-0.355799
2,14,-0.142817,-0.558587,0.36398,0.0999466,1.39141,-0.271232,-0.876425,-0.154475,0,-0.638381,-0.0167822
3,14,-0.00830198,-0.616069,0.0439227,0.00632816,1.01647,-0.179951,-0.970568,-0.19758,0,-0.391297,-0.136036
4,14,-0.22464,-0.0535128,0.63209,-0.138199,-0.323112,0.126119,-0.611299,-0.0130842,0,0.279227,0.214197
5,14,-0.0582912,-0.362282,-0.054147,-0.192142,0.410607,0.0541954,-1.40335,-0.521418,0,-0.208398,-0.253409
6,14,-0.148772,-0.411912,0.320256,0.0154989,0.966997,-0.123308,-0.767634,-0.121502,0,-0.485905,0.0309753
7,14,-0.109092,-0.325467,0.317298,0.0320157,0.763693,-0.0669954,-1.07375,-0.33041,0,-0.564747,-0.394163
8,14,-0.0927324,-0.219476,0.149962,0.0533961,0.703283,-0.0519722,-0.94783,-0.363319,0,-0.31083,0.358905
9,14,0.159085,-0.101677,0.228581,0.111833,1.12446,-0.177665,-0.356559,-0.155888,0,-0.687458,-0.0142181
10,14,-0.0511449,-0.245137,0.519045,0.112806,1.22548,-0.282959,-0.726021,-0.267936,0,-0.959872,-0.165238
1,15,0.0133343,1.30598,-0.0183697,0.33976,-0.948268,0.282144,2.42569,0.89864,0,0.675664,0.00507874
2,15,-0.893135,0.962223,0.59588,0.287766,-0.557472,0.173697,3.57917,1.68392,0,0.829626,0.629975
3,15,0.254618,1.48509,-0.0219352,0.443737,-0.418015,0.127977,3.09011,1.07014,0,0.576928,-0.140578
4,15,-0.0908629,1.53404,-0.101545,0.0289315,-1.17875,0.315793,2.65163,1.18477,0,1.21024,0.0101068
5,15,-0.112733,1.49457,-0.0191071,0.457185,0.10522,0.0141392,3.09682,1.36179,0,0.475214,-0.32001
6,15,0.369491,1.20207,-0.227411,0.275954,-1.02666,0.281423,2.37484,1.04742,0,0.757919,-0.241431
7,15,-0.58873,1.26289,0.702521,0.468403,0.224102,-0.0664958,3.46015,1.6015,0,0.56079,0.320259
8,15,0.125297,1.13496,-0.473895,0.253789,-0.667331,0.23759,2.32922,1.06732,0,1.20051,-0.392264
9,15,-0.0836534,1.90057,0.104646,0.024366,-0.999575,0.248873,3.5296,1.2558,0,1.10017,0.00162108
10,15,-0.106539,1.12658,0.126802,0.290236,-0.304883,0.0643145,2.93626,1.27499,0,1.02355,-0.0931753
1,16,0.70439,-0.257461,-0.570405,-0.713616,-2.30829,0.403907,-1.50199,-0.984735,0,1.41806,0.0770618
2,16,0.417331,-0.831682,-0.760034,-0.237387,-1.36214,0.286687,-2.53787,-1.17495,0,0.820379,-0.533941
3,16,0.307244,-0.953288,-0.170958,-0.360621,-2.10464,0.340875,-0.804589,-1.29495,0,-0.00270612,0.132337
4,16,0.723262,0.853405,-0.332486,-0.815413,-2.37456,0.382678,0.691664,-0.594616,0,1.44946,-0.208204
5,16,0.393986,-1.38857,-0.685769,0.0785241,-0.415158,0.054511,-3.89995,-1.34555,0,-0.16172,-0.337705
6,16,0.628364,0.0837667,-0.476043,-0.706683,-2.46311,0.439358,-0.831699,-0.732089,0,1.43109,-0.147287
7,16,0.39934,-0.542298,-0.503869,-0.848825,-1.73725,0.285427,-1.78538,-1.26093,0,0.936391,-0.371097
8,16,0.0319163,-0.859861,-0.326853,-0.708692,-1.56074,0.297653,-2.60945,-1.34909,0,0.575011,-0.317558
9,16,0.518486,-0.436353,-0.506187,-0.740878,-2.07599,0.370712,-0.573056,-1.08357,0,0.84358,-0.0690078
10,16,0.489739,-1.61092,-0.813688,0.0779796,-0.53884,0.0762609,-3.16054,-1.36774,0,-0.130345,-0.0646736
1,17,-0.415902,-1.01032,0.0018141,0.19493,-0.554665,0.195047,-0.862665,-0.237577,0,0.312118,-0.00844099
2,17,-0.125684,0.855365,-0.212267,-0.207727,-1.46217,0.340621,0.283589,-0.206841,0,1.02683,-0.337201
3,17,0.0594503,-0.0937409,-0.355755,0.0371227,-1.28245,0.319015,0.0365165,0.11926,0,0.892298,-0.250257
4,17,-0.912079,-0.408461,0.271725,0.461367,0.552708,-0.0393545,0.101806,0.617449,0,0.334466,-0.689439
5,17,-0.549155,-0.392734,0.100669,0.170244,-0.895776,0.215995,-0.672644,-0.122274,0,0.846121,-0.201898
6,17,-0.778109,-0.928011,-0.215853,0.179707,-0.467865,0.270677,-1.72254,-0.171428,0,0.931193,-0.306853
7,17,0.301951,0.333572,-0.309985,-0.0636558,-1.72177,0.344691,0.354202,0.0149935,0,1.10857,-0.646772
8,17,-0.0715417,0.101268,-0.180149,-0.215767,-1.38046,0.29315,-0.103928,-0.146459,0,0.955297,-0.475229
9,17,-0.912486,-0.530435,0.209249,0.377923,0.849301,-0.108136,-0.440755,0.232403,0,-0.00820331,-0.0830584
10,17,-0.315918,-0.764843,0.0763624,0.237389,-0.773029,0.210801,-0.358674,0.00240705,0,0.462805,-0.127886
1,18,-1.22972,-0.532512,0.500797,0.372802,1.47779,-0.237642,-0.438056,0.775017,0,-0.354057,-0.244222
2,18,-0.859907,-0.991247,0.241657,0.487812,1.82715,-0.288839,-0.73711,0.434116,0,-0.440464,-0.137881
3,18,-0.597228,0.343762,0.190207,0.480442,1.49872,-0.213709,-0.0886799,0.256052,0,-0.893446,-0.044288
4,18,-1.11637,-1.12854,0.870529,0.481949,2.32928,-0.51361,-0.643005,0.948657,0,-0.753279,-0.21262
5,18,-1.05325,-0.885299,0.566632,0.454459,2.13215,-0.405859,-0.333291,0.793911,0,-0.659423,-0.198162
6,18,-0.894251,-1.68517,0.246272,0.385543,1.53958,-0.207163,-1.33391,0.0627654,0,-0.892633,0.0212533
7,18,-0.838461,-0.703256,0.596705,0.441053,1.88149,-0.437546,-0.369098,0.788291,0,-0.537005,-0.0627853
8,18,-0.0800842,-0.675578,-0.0559118,0.515083,1.9993,-0.38555,-0.237215,0.681047,0,-0.483866,-0.380106
9,18,-1.15588,-1.52625,0.712927,0.519096,1.85966,-0.284994,-0.698101,0.679058,0,-0.645198,-0.287312
10,18,-0.773203,-0.867222,0.383973,0.493293,1.85854,-0.359681,-0.801443,0.314472,0,-1.30896,0.146432
