rep,id,beta_exp,delta0,p,td,b_exp,h_0,tc,sigma,phi_exp,rho_exp,alpha_exp
1,7,-2.39562,4.5934,2.36497,0.93474,-6.05164,1.14567,11.5048,0.58461,-2.15276,-0.00485485,-4.14647
2,7,-3.26337,3.00176,2.31031,1.3155,-4.83976,1.03662,8.79368,0.437147,-2.15276,-0.887459,-3.93382
3,7,-3.29354,3.36129,2.35247,0.903863,-4.80441,1.00829,9.45486,0.484383,-2.15276,-0.724298,-3.58557
4,7,-3.08709,2.9513,2.12108,0.926459,-4.98245,1.06203,8.3084,0.342657,-2.15276,-0.794016,-3.93833
5,7,-3.03033,4.55834,2.33007,1.20759,-5.16069,1.07628,8.00942,0.447225,-2.15276,-0.20234,-3.77706
6,7,-2.23451,6.91152,2.17086,0.656715,-5.79273,1.12568,9.33203,0.312591,-2.15276,-0.404967,-4.00334
7,7,-3.2905,2.87646,2.56866,0.871262,-5.35011,1.08331,8.39751,0.396855,-2.15276,-0.751752,-3.10935
8,7,-2.96316,5.82579,2.38993,1.97821,-4.7051,0.959028,10.2637,0.701636,-2.15276,-0.57792,-3.87305
9,7,-3.09249,1.39902,1.96413,1.20176,-4.60152,0.989187,6.58728,0.303339,-2.15276,-0.819602,-4.02751
10,7,-3.38837,2.23588,2.43338,1.455,-4.67048,0.977081,8.33237,0.439853,-2.15276,-0.856981,-3.73331
1,8,-3.99216,0.247682,3.12575,2.61599,-1.26118,0.487332,1.56147,0.228599,-2.15276,-3.37734,-3.60764
2,8,-3.86195,0.330598,3.07772,2.45379,-0.44715,0.392701,5.12761,0.434875,-2.15276,-3.25946,-3.79031
3,8,-3.30115,0.66874,2.90675,2.80237,-0.808321,0.42138,6.9298,0.430972,-2.15276,-3.42592,-3.83978
4,8,-4.05652,0.281514,3.05838,2.61935,-1.12144,0.495225,3.04385,0.272779,-2.15276,-3.04606,-3.77627
5,8,-3.81827,0.281794,2.9753,2.66179,-0.77703,0.412394,4.26915,0.368376,-2.15276,-3.44829,-3.94252
6,8,-4.10162,0.174295,2.81058,2.586,-0.82956,0.453336,3.30927,0.352362,-2.15276,-3.02537,-3.7969
7,8,-3.89352,0.495175,2.96472,2.4519,-1.33375,0.510165,5.18436,0.31114,-2.15276,-2.86367,-3.9101
8,8,-3.2907,0.521708,2.95184,2.7389,-1.05683,0.426671,6.28951,0.411392,-2.15276,-3.23975,-4.08722
9,8,-3.48552,0.333549,2.72017,2.73878,-1.26432,0.51029,0.737376,0.194512,-2.15276,-3.63432,-4.36735
10,8,-3.7247,0.697532,3.1203,2.51587,-0.794081,0.413718,6.70455,0.393956,-2.15276,-3.23313,-3.51702
1,9,-3.40275,0.314951,2.68962,1.76579,-1.37024,0.456778,0.646214,0.161241,-2.15276,-3.31602,-3.71155
2,9,-3.05195,2.94952,2.60018,1.07556,-4.02198,0.833323,7.76861,0.308808,-2.15276,-1.52208,-4.32746
3,9,-3.89797,0.218995,2.87535,1.69471,-1.50271,0.462547,0.957339,0.253264,-2.15276,-2.77453,-3.33707
4,9,-3.74134,1.51104,3.27813,1.49305,-2.14336,0.501266,6.75423,0.531227,-2.15276,-2.59098,-3.47548
5,9,-3.04633,0.952557,2.82852,1.41819,-3.00377,0.62518,5.04197,0.248931,-2.15276,-2.33942,-3.89254
6,9,-3.5363,0.49707,2.78562,1.75955,-1.23692,0.437658,2.45928,0.294217,-2.15276,-2.9962,-4.01527
7,9,-3.23014,2.5298,2.96655,1.2766,-4.01436,0.816808,8.78798,0.365806,-2.15276,-1.72957,-3.89091
8,9,-3.99048,0.247004,2.99508,1.64233,-1.57775,0.472995,2.29698,0.326728,-2.15276,-2.96932,-3.58678
9,9,-3.49364,0.648016,2.7854,1.72841,-1.65321,0.492995,5.50055,0.369712,-2.15276,-2.52621,-3.47398
10,9,-3.13647,1.78128,2.46847,1.68248,-2.53283,0.633219,6.0838,0.314893,-2.15276,-1.82843,-3.80335
1,10,-3.15729,1.0671,2.91518,1.21016,-2.45026,0.638785,6.24736,0.274901,-2.15276,-2.38322,-3.95438
2,10,-3.33863,1.84894,3.37249,1.40352,-1.47553,0.473598,9.57487,0.742772,-2.15276,-3.29787,-4.04068
3,10,-3.70885,2.23003,3.18876,1.17826,-2.35932,0.625297,8.43089,0.631013,-2.15276,-1.90464,-3.98134
4,10,-3.2739,1.27684,3.36425,1.43937,-1.73827,0.511343,7.9409,0.448815,-2.15276,-2.75205,-3.56734
5,10,-3.51737,2.39545,3.2235,1.34331,-1.72665,0.532041,8.74254,0.588073,-2.15276,-2.30487,-3.91066
6,10,-3.66564,1.01935,3.1829,1.32856,-1.8997,0.551703,8.82095,0.432399,-2.15276,-2.59927,-3.56985
7,10,-3.62565,1.2737,3.37913,1.36951,-1.95377,0.561703,9.26887,0.532916,-2.15276,-2.63425,-3.69585
8,10,-3.54074,1.16313,3.50096,1.40003,-1.64759,0.509151,10.6223,0.588296,-2.15276,-3.25905,-3.61923
9,10,-3.90535,1.39489,3.52062,1.3945,-1.49221,0.513315,10.1275,0.81415,-2.15276,-2.77125,-3.50597
10,10,-3.12193,1.62577,3.27108,1.41426,-1.89543,0.548925,7.93106,0.587798,-2.15276,-2.63028,-3.61348
1,11,-4.5262,0.431419,3.05953,1.44082,-1.18937,0.509138,5.89494,0.790241,-2.15276,-1.90146,-3.74033
2,11,-4.66735,0.364819,3.27944,1.72649,-1.02211,0.515143,4.09023,0.432146,-2.15276,-2.58949,-3.35994
3,11,-4.17836,0.427297,3.33788,1.61624,-0.716303,0.377937,6.16521,0.84871,-2.15276,-3.18106,-3.7006
4,11,-4.78972,0.151913,3.60107,1.69211,-1.06745,0.486505,3.31317,0.54382,-2.15276,-2.66153,-3.3107
5,11,-4.42086,0.309348,2.84082,1.70848,-0.745324,0.469285,5.80308,0.801259,-2.15276,-2.15635,-3.71442
6,11,-4.81068,0.299076,3.53878,1.76822,-0.212134,0.369252,5.94994,0.92709,-2.15276,-2.64004,-3.3723
7,11,-4.07106,0.484787,3.20541,1.79493,-0.641574,0.396189,6.38631,0.893174,-2.15276,-2.52705,-3.92841
8,11,-4.38715,0.267483,3.18479,1.7892,-0.715763,0.435166,4.04434,0.45861,-2.15276,-3.33294,-3.66249
9,11,-4.58954,0.201415,3.37173,1.61287,-1.00429,0.486874,2.52105,0.450688,-2.15276,-2.71101,-3.46703
10,11,-4.27113,0.302266,3.18596,1.84303,-0.512521,0.396364,4.51737,0.568833,-2.15276,-3.07161,-3.67488
1,12,-2.92905,0.290188,1.25098,4.30264,-1.31776,0.504615,0.444372,0.194115,-2.15276,-2.60295,-3.70687
2,12,-3.20612,0.323697,1.54224,4.19579,-1.19088,0.497404,1.17208,0.187858,-2.15276,-2.85594,-3.21126
3,12,-3.27669,0.24525,1.72854,4.26271,-1.09972,0.459914,1.29423,0.279374,-2.15276,-2.7856,-3.17976
4,12,-3.12535,0.276795,1.21746,4.24451,-0.866513,0.448722,0.578459,0.181966,-2.15276,-2.95886,-3.13399
5,12,-3.02542,0.2867,1.27488,4.36096,-1.206,0.505159,0.585167,0.243683,-2.15276,-2.39425,-3.87852
6,12,-3.16453,0.34121,1.29364,3.93818,-1.17837,0.501518,2.16259,0.217874,-2.15276,-2.57602,-3.16807
7,12,-3.35565,0.422691,1.58725,4.30951,-1.35563,0.554707,0.636522,0.17291,-2.15276,-2.7574,-3.31076
8,12,-3.13217,0.272069,1.42034,4.12307,-1.12595,0.508724,0.861661,0.227788,-2.15276,-2.81106,-3.33631
9,12,-3.51768,0.353999,1.89261,4.20984,-1.41518,0.509992,2.35631,0.247236,-2.15276,-2.45049,-2.89319
10,12,-3.55232,0.400996,1.50948,4.14423,-1.38758,0.574998,0.538355,0.17285,-2.15276,-2.52855,-3.49952
1,13,-2.7269,4.91159,3.0154,0.736933,-5.18141,0.899833,11.2021,0.440828,-2.15276,-1.21475,-3.31481
2,13,-2.36592,9.32715,2.71503,0.704871,-4.9285,0.863496,11.5579,0.524693,-2.15276,-0.962641,-3.60963
3,13,-2.56215,10.3384,2.87284,0.688498,-5.02254,0.894407,11.5515,0.501677,-2.15276,-1.037,-3.34812
4,13,-2.80634,6.56291,3.15172,0.542528,-5.1467,0.888909,11.4344,0.460084,-2.15276,-1.13896,-3.54109
5,13,-2.34095,10.905,2.89845,0.836676,-5.37053,0.929854,11.5156,0.57314,-2.15276,-0.919769,-3.82962
6,13,-2.89021,6.7183,3.45452,0.874594,-5.32609,0.899409,11.1595,0.59115,-2.15276,-1.22653,-3.15451
7,13,-2.6204,5.02024,2.91506,0.643889,-5.04556,0.870406,11.5799,0.450337,-2.15276,-1.31874,-3.60324
8,13,-2.75765,2.81958,2.68408,0.700696,-4.40863,0.788483,10.8355,0.463479,-2.15276,-1.30599,-3.52345
9,13,-3.00746,5.7843,3.1628,0.718237,-5.11197,0.906219,10.7398,0.447449,-2.15276,-1.04728,-3.38923
10,13,-2.58613,5.5975,2.82252,0.70928,-5.30534,0.942664,10.714,0.417466,-2.15276,-1.15571,-3.35023
1,14,-3.00297,0.567957,2.57954,1.738,-1.52004,0.489889,1.41937,0.174845,-2.15276,-3.2559,-4.07723
2,14,-3.67872,0.533441,3.1067,1.86438,-1.14222,0.473019,3.66106,0.34759,-2.15276,-2.79847,-3.73821
3,14,-3.5442,0.503642,2.78664,1.69776,-1.51716,0.518229,3.42604,0.332925,-2.15276,-2.55139,-3.85746
4,14,-3.76054,0.883969,3.37481,1.4693,-2.85674,0.703795,4.36796,0.40038,-2.15276,-1.88086,-3.50723
5,14,-3.59419,0.649143,2.68857,1.39214,-2.12302,0.654953,2.47023,0.240827,-2.15276,-2.36849,-3.97484
6,14,-3.68467,0.617712,3.06297,1.71341,-1.56663,0.54843,3.94355,0.359242,-2.15276,-2.64599,-3.69045
7,14,-3.64499,0.673487,3.06002,1.74194,-1.76993,0.5802,3.17915,0.291514,-2.15276,-2.72484,-4.11559
8,14,-3.62863,0.74879,2.89268,1.77959,-1.83034,0.588982,3.48197,0.282077,-2.15276,-2.47092,-3.36252
9,14,-3.37682,0.842403,2.9713,1.88668,-1.40917,0.519415,5.09696,0.347099,-2.15276,-2.84755,-3.73565
10,14,-3.58705,0.72982,3.26176,1.88851,-1.30815,0.467505,4.0545,0.310307,-2.15276,-3.11996,-3.88667
1,15,-3.52257,3.44237,2.72435,2.36966,-3.48189,0.822635,11.0718,0.996389,-2.15276,-1.48442,-3.71635
2,15,-4.42904,2.44099,3.3386,2.24959,-3.0911,0.738089,11.6908,2.1851,-2.15276,-1.33046,-3.09145
3,15,-3.28128,4.1176,2.72078,2.62931,-2.95164,0.705104,11.5038,1.18279,-2.15276,-1.58316,-3.86201
4,15,-3.62676,4.32416,2.64117,1.73658,-3.71238,0.850786,11.2478,1.32646,-2.15276,-0.949851,-3.71132
5,15,-3.64863,4.15681,2.72361,2.66491,-2.42841,0.629237,11.5069,1.58334,-2.15276,-1.68487,-4.04144
6,15,-3.16641,3.10261,2.51531,2.22318,-3.56028,0.822042,11.0273,1.15622,-2.15276,-1.40217,-3.96286
7,15,-4.12463,3.29718,3.44524,2.69497,-2.30952,0.58049,11.6528,2.01222,-2.15276,-1.5993,-3.40117
8,15,-3.4106,2.90124,2.26882,2.17445,-3.20096,0.786788,10.9858,1.17947,-2.15276,-0.95958,-4.11369
9,15,-3.61955,6.23854,2.84736,1.72867,-3.5332,0.795715,11.6755,1.42411,-2.15276,-1.05992,-3.71981
10,15,-3.64244,2.87703,2.86952,2.25516,-2.83851,0.661614,11.4252,1.45169,-2.15276,-1.13654,-3.8146
1,16,-2.83151,0.720881,2.17231,0.826437,-4.84191,0.929155,2.28234,0.151527,-2.15276,-0.742031,-3.64437
2,16,-3.11857,0.405959,1.98268,1.33056,-3.89577,0.826381,0.923315,0.12528,-2.15276,-1.33971,-4.25537
3,16,-3.22866,0.359476,2.57176,1.17629,-4.63826,0.872396,3.84633,0.111113,-2.15276,-2.16279,-3.58909
4,16,-2.81264,2.18931,2.41023,0.746449,-4.90819,0.909638,8.13681,0.223829,-2.15276,-0.710629,-3.92963
5,16,-3.14192,0.23261,2.05695,1.82487,-2.94878,0.65516,0.250844,0.10563,-2.15276,-2.32181,-4.05913
6,16,-2.90754,1.01404,2.26667,0.832187,-4.99674,0.962685,3.77583,0.19508,-2.15276,-0.728997,-3.86871
7,16,-3.13656,0.542201,2.23885,0.72192,-4.27088,0.82534,1.80377,0.114958,-2.15276,-1.2237,-4.09252
8,16,-3.50398,0.394679,2.41586,0.830516,-4.09437,0.835493,0.864122,0.105258,-2.15276,-1.58508,-4.03899
9,16,-3.01741,0.602798,2.23653,0.804211,-4.60961,0.898817,4.47475,0.137267,-2.15276,-1.31651,-3.79044
10,16,-3.04616,0.186235,1.92903,1.82388,-3.07247,0.669566,0.513687,0.103313,-2.15276,-2.29043,-3.7861
1,17,-3.9518,0.339547,2.74453,2.05015,-3.08829,0.754017,3.69616,0.319872,-2.15276,-1.84797,-3.72987
2,17,-3.66158,2.1936,2.53045,1.37061,-3.99579,0.872174,7.00104,0.329856,-2.15276,-1.13326,-4.05863
3,17,-3.47645,0.849115,2.38696,1.75086,-3.81607,0.853532,6.26909,0.457034,-2.15276,-1.26779,-3.97169
4,17,-4.44798,0.619848,3.01444,2.67607,-1.98092,0.596461,6.46421,0.752158,-2.15276,-1.82562,-4.41087
5,17,-4.08506,0.629673,2.84339,2.00016,-3.4294,0.769979,4.19901,0.358965,-2.15276,-1.31397,-3.92333
6,17,-4.31401,0.368678,2.52686,2.01918,-3.00149,0.813256,1.90222,0.341747,-2.15276,-1.2289,-4.02828
7,17,-3.23395,1.30181,2.43273,1.58301,-4.2554,0.875732,7.2057,0.411781,-2.15276,-1.05152,-4.3682
8,17,-3.60744,1.03195,2.56257,1.35964,-3.91408,0.831739,5.84797,0.350387,-2.15276,-1.20479,-4.19666
9,17,-4.44839,0.548672,2.95197,2.46184,-1.68433,0.556815,4.85179,0.511783,-2.15276,-2.16829,-3.80449
10,17,-3.85182,0.434021,2.81908,2.13908,-3.30666,0.76599,5.09076,0.40663,-2.15276,-1.69728,-3.84931
1,18,-4.76562,0.547533,3.24351,2.44926,-1.05584,0.489178,4.85959,0.880522,-2.15276,-2.51415,-3.96565
2,18,-4.39581,0.346086,2.98437,2.74779,-0.706475,0.464764,4.02478,0.626165,-2.15276,-2.60055,-3.85931
3,18,-4.13313,1.31514,2.93292,2.72761,-1.0349,0.501027,5.8937,0.52403,-2.15276,-3.05353,-3.76572
4,18,-4.65227,0.301687,3.61325,2.73172,-0.20435,0.371207,4.28027,1.04749,-2.15276,-2.91337,-3.93405
5,18,-4.58915,0.384766,3.30935,2.65765,-0.401474,0.413439,5.1653,0.897316,-2.15276,-2.81951,-3.91959
6,18,-4.43015,0.172909,2.98899,2.48067,-0.994043,0.504317,2.60924,0.43193,-2.15276,-3.05272,-3.70017
7,18,-4.37436,0.461591,3.33942,2.62226,-0.652137,0.400543,5.06023,0.892288,-2.15276,-2.69709,-3.78421
8,18,-3.61598,0.474545,2.68681,2.82376,-0.534327,0.421921,5.44963,0.801548,-2.15276,-2.64395,-4.10153
9,18,-4.69178,0.202691,3.45564,2.83511,-0.673966,0.466554,4.12979,0.799955,-2.15276,-2.80529,-4.00874
10,18,-4.3091,0.391785,3.12669,2.76289,-0.675089,0.432978,3.85456,0.555556,-2.15276,-3.46905,-3.575
