ID,time,prediction_pwRes,pwRes,pwRes_simBlq,prediction_iwRes_mean,iwRes_mean,iwRes_mean_simBlq,prediction_iwRes_mode,iwRes_mode,iwRes_mode_simBlq,prediction_npde,npde,npde_simBlq,censored,split,color,filter
7,1,0,3.38477,0.422907,0,3.3517,1.16682,0,3.3517,0.163372,0,2.81348,0.451261,1,All,#4682B4,0
7,1.5,0,1.43132,-0.0696911,0,3.3517,0.167006,0,3.3517,1.61954,0,1.3492,0.166643,1,All,#4682B4,0
7,2,0.189146,0.321834,-0.75351,0,3.3517,0.39506,0,3.3517,0.256942,0.189146,0.448331,-0.660974,1,All,#4682B4,0
7,2.5,4.97854,-0.364968,-0.413025,0.651554,2.62376,-0.307723,0.552681,2.73423,0.414118,4.97854,-0.330095,-0.359578,1,All,#4682B4,0
7,3,6.43303,-0.979437,-0.983584,2.08884,1.01798,-0.0705439,2.01823,1.09687,-0.418162,6.43303,-0.950978,-0.944263,1,All,#4682B4,0
7,3.5,7.20021,-1.14791,-1.14791,3.30037,0.724674,0.724674,3.22727,0.80634,0.80634,7.20021,-1.13089,-1.13089,0,All,#4682B4,0
7,4,7.66091,-2.12787,-2.28944,4.37421,-1.53531,-1.87825,4.29568,-1.44758,-1.77642,7.66091,-1.62509,-1.80408,1,All,#4682B4,0
7,4.5,7.91751,-1.36111,-1.36111,5.33295,-0.0971427,-0.0971427,5.24709,-0.00122227,-0.00122227,7.91751,-1.26519,-1.26519,0,All,#4682B4,0
7,5,7.99601,-1.39278,-1.39278,6.19295,-0.575324,-0.575324,6.09875,-0.470081,-0.470081,7.99601,-1.32741,-1.32741,0,All,#4682B4,0
7,5.5,7.91496,-0.167908,-0.167908,6.95655,0.433991,0.433991,6.85539,0.547012,0.547012,7.91496,-0.260512,-0.260512,0,All,#4682B4,0
7,6,7.70819,0.916639,0.916639,7.58071,1.04158,1.04158,7.4833,1.15041,1.15041,7.70819,0.963185,0.963185,0,All,#4682B4,0
7,6.5,7.42142,0.496108,0.496108,7.93769,-0.118079,-0.118079,7.86992,-0.0423667,-0.0423667,7.42142,0.440229,0.440229,0,All,#4682B4,0
7,7,7.09625,-0.112886,-0.112886,7.97184,-1.1394,-1.1394,7.94265,-1.10679,-1.10679,7.09625,-0.145395,-0.145395,0,All,#4682B4,0
7,7.5,6.76028,1.2942,1.2942,7.82158,0.49652,0.49652,7.81788,0.500656,0.500656,6.76028,1.32079,1.32079,0,All,#4682B4,0
7,8,6.43148,0.815233,0.815233,7.6053,-0.0472628,-0.0472628,7.61703,-0.0603655,-0.0603655,6.43148,0.893925,0.893925,0,All,#4682B4,0
7,8.5,6.12263,0.726879,0.726879,7.37258,-0.23527,-0.23527,7.39389,-0.259072,-0.259072,6.12263,0.714777,0.714777,0,All,#4682B4,0
7,9,5.84436,0.284093,0.284093,7.14496,-0.966367,-0.966367,7.17223,-0.99683,-0.99683,5.84436,0.239288,0.239288,0,All,#4682B4,0
7,9.5,5.60406,1.69745,1.69745,6.93386,1.27827,1.27827,6.95792,1.2514,1.2514,5.60406,1.81044,1.81044,0,All,#4682B4,0
7,10,5.37388,1.43228,1.43228,6.73865,0.75564,0.75564,6.69381,0.805733,0.805733,5.37388,1.55669,1.55669,0,All,#4682B4,0
7,10.5,5.14024,1.14838,1.14838,6.48308,0.602098,0.602098,6.37176,0.726472,0.726472,5.14024,1.13245,1.13245,0,All,#4682B4,0
7,11,4.91488,0.954135,0.954135,6.15472,0.26733,0.26733,5.99839,0.441986,0.441986,4.91488,0.957876,0.957876,0,All,#4682B4,0
7,11.5,4.7063,0.523284,0.523284,5.75966,-0.245409,-0.245409,5.58355,-0.0486505,-0.0486505,4.7063,0.450677,0.450677,0,All,#4682B4,0
7,12,4.51848,0.159602,0.159602,5.30663,-0.549268,-0.549268,5.13073,-0.352749,-0.352749,4.51848,0.150963,0.150963,0,All,#4682B4,0
7,12.5,4.35198,1.11777,1.11777,4.80196,1.38429,1.38429,4.64787,1.55645,1.55645,4.35198,1.14261,1.14261,0,All,#4682B4,0
7,13,4.20908,-0.487527,-0.487527,4.25576,-1.12143,-1.12143,4.13966,-0.991724,-0.991724,4.20908,-0.502809,-0.502809,0,All,#4682B4,0
7,13.5,4.07652,-0.572611,-0.660865,3.67347,-0.752424,-0.764365,3.60693,-0.67808,-1.08448,4.07652,-0.641446,-0.710939,1,All,#4682B4,0
7,14,3.95997,-0.129332,-0.129332,3.06318,0.512607,0.512607,3.05502,0.521729,0.521729,3.95997,-0.257394,-0.257394,0,All,#4682B4,0
7,14.5,3.85189,-0.264444,-1.42988,2.42907,0.637866,-1.25231,2.48618,0.574056,0.404973,3.85189,-0.41858,-1.30403,1,All,#4682B4,0
7,15,3.74766,-0.204856,-0.806482,1.772,1.37197,-0.156736,1.90667,1.22151,-0.803914,3.74766,-0.279128,-0.800309,1,All,#4682B4,0
7,15.5,3.64832,-0.0535744,-0.322277,1.09473,2.12863,-0.7002,1.31239,1.88546,-1.05981,3.64832,-0.131368,-0.387526,1,All,#4682B4,0
7,16,3.54986,0.040186,-0.917765,0.400059,2.90474,-0.118937,0.704533,2.56457,1.01463,3.54986,-0.046728,-0.895242,1,All,#4682B4,0
8,1,0,3.07545,1.18655,0,3.3517,0.163372,0,3.3517,0.349243,0,2.49679,1.28065,1,All,#4682B4,0
8,1.5,0,1.47163,0.284191,0,3.3517,1.61954,0,3.3517,0.573718,0,1.3658,0.636266,1,All,#4682B4,0
8,2,0.189146,0.483822,0.483822,0,4.0064,4.0064,0,4.0064,4.0064,0.189146,0.502093,0.502093,0,All,#4682B4,0
8,2.5,4.97854,-0.351888,-0.416261,3.71867,-0.802926,-0.982419,2.8624,0.153732,-0.453872,4.97854,-0.260473,-0.315244,1,All,#4682B4,0
8,3,6.43303,0.279847,0.279847,6.43874,-0.14719,-0.14719,6.11554,0.213903,0.213903,6.43303,0.0450631,0.0450631,0,All,#4682B4,0
8,3.5,7.20021,0.402361,0.402361,7.41081,0.114166,0.114166,7.1673,0.38623,0.38623,7.20021,0.202863,0.202863,0,All,#4682B4,0
8,4,7.66091,0.602847,0.602847,7.9249,0.526327,0.526327,7.71332,0.762717,0.762717,7.66091,0.641189,0.641189,0,All,#4682B4,0
8,4.5,7.91751,0.633738,0.633738,8.22333,0.370548,0.370548,8.04159,0.573597,0.573597,7.91751,0.683582,0.683582,0,All,#4682B4,0
8,5,7.99601,0.592772,0.592772,8.37852,0.120076,0.120076,8.23733,0.277821,0.277821,7.99601,0.662962,0.662962,0,All,#4682B4,0
8,5.5,7.91496,0.127325,0.127325,8.41539,-0.854005,-0.854005,8.3292,-0.757709,-0.757709,7.91496,0.0092445,0.0092445,0,All,#4682B4,0
8,6,7.70819,0.971408,0.971408,8.34397,0.474853,0.474853,8.32325,0.49801,0.49801,7.70819,1.07454,1.07454,0,All,#4682B4,0
8,6.5,7.42142,-0.179948,-0.179948,8.17085,-1.31147,-1.31147,8.22368,-1.37049,-1.37049,7.42142,-0.26972,-0.26972,0,All,#4682B4,0
8,7,7.09625,1.99625,1.99625,7.91877,1.79565,1.79565,8.04187,1.65812,1.65812,7.09625,2.39293,2.39293,0,All,#4682B4,0
8,7.5,6.76028,0.776534,0.776534,7.60558,0.0976646,0.0976646,7.79385,-0.112674,-0.112674,6.76028,0.809714,0.809714,0,All,#4682B4,0
8,8,6.43148,1.30727,1.30727,7.24358,1.09312,1.09312,7.4902,0.817588,0.817588,6.43148,1.44415,1.44415,0,All,#4682B4,0
8,8.5,6.12263,0.785951,0.785951,6.83989,0.390042,0.390042,7.14114,0.0534732,0.0534732,6.12263,0.803437,0.803437,0,All,#4682B4,0
8,9,5.84436,1.51777,1.51777,6.39911,1.74723,1.74723,6.75359,1.3512,1.3512,5.84436,1.68984,1.68984,0,All,#4682B4,0
8,9.5,5.60406,1.17372,1.17372,5.92539,1.63296,1.63296,6.33172,1.179,1.179,5.60406,1.32456,1.32456,0,All,#4682B4,0
8,10,5.37388,1.34546,1.34546,5.42541,2.07313,2.07313,5.88133,1.56375,1.56375,5.37388,1.40704,1.40704,0,All,#4682B4,0
8,10.5,5.14024,0.301341,0.301341,4.91286,0.801213,0.801213,5.41041,0.245335,0.245335,5.14024,0.274073,0.274073,0,All,#4682B4,0
8,11,4.91488,-0.0570289,-0.0570289,4.41216,0.423252,0.423252,4.93389,-0.159646,-0.159646,4.91488,-0.157325,-0.157325,0,All,#4682B4,0
8,11.5,4.7063,0.869032,0.869032,3.9583,2.34697,2.34697,4.47607,1.7685,1.7685,4.7063,0.784943,0.784943,0,All,#4682B4,0
8,12,4.51848,-0.652192,-0.652192,3.58442,-0.10325,-0.10325,4.063,-0.637936,-0.637936,4.51848,-0.701842,-0.701842,0,All,#4682B4,0
8,12.5,4.35198,-0.235318,-0.235318,3.30484,0.566617,0.566617,3.71631,0.106908,0.106908,4.35198,-0.225649,-0.225649,0,All,#4682B4,0
8,13,4.20908,-0.641278,-0.950988,3.11255,-0.125739,-0.533775,3.44607,-0.498363,-0.611202,4.20908,-0.658182,-0.916703,1,All,#4682B4,0
8,13.5,4.07652,0.10572,0.10572,2.98976,1.08175,1.08175,3.25192,0.788852,0.788852,4.07652,0.0353584,0.0353584,0,All,#4682B4,0
8,14,3.95997,-0.35399,-0.700122,2.91664,0.0931364,-0.457464,3.11772,-0.131521,-2.10116,3.95997,-0.431391,-0.787197,1,All,#4682B4,0
8,14.5,3.85189,0.232203,0.232203,2.87742,1.00057,1.00057,3.02934,0.83084,0.83084,3.85189,0.177321,0.177321,0,All,#4682B4,0
8,15,3.74766,-0.113604,-0.342234,2.85873,0.157836,-0.60874,2.97368,0.0294016,-1.12583,3.74766,-0.140543,-0.425324,1,All,#4682B4,0
8,15.5,3.64832,-0.0313587,-0.208376,2.84929,0.168381,-0.542475,2.93994,0.0670977,-0.136319,3.64832,-0.115849,-0.289326,1,All,#4682B4,0
8,16,3.54986,0.0285695,-0.152561,2.84704,0.17089,0.127569,2.92027,0.0890772,-0.266539,3.54986,-0.0217181,-0.24592,1,All,#4682B4,0
8,16.5,3.45107,0.490016,0.490016,2.84971,0.800259,0.800259,2.90926,0.733735,0.733735,3.45107,0.488105,0.488105,0,All,#4682B4,0
8,17,3.35154,0.863227,0.863227,2.85202,1.33842,1.33842,2.90289,1.28159,1.28159,3.35154,0.851889,0.851889,0,All,#4682B4,0
8,17.5,3.25039,0.602001,0.602001,2.85485,0.790049,0.790049,2.89976,0.739877,0.739877,3.25039,0.502609,0.502609,0,All,#4682B4,0
8,18,3.14736,0.53509,0.53509,2.85499,0.517294,0.517294,2.89502,0.472572,0.472572,3.14736,0.481822,0.481822,0,All,#4682B4,0
8,18.5,3.04268,0.438036,-0.138735,2.85421,0.162879,-0.918972,2.89067,0.122146,-0.497712,3.04268,0.381321,-0.185983,1,All,#4682B4,0
8,19,2.93605,0.468718,-0.316318,2.85075,0.166743,-2.03443,2.88703,0.12621,-2.08236,2.93605,0.418775,-0.2994,1,All,#4682B4,0
8,19.5,2.82586,0.444938,0.106659,2.8481,0.16971,-0.423167,2.88151,0.132383,0.0970389,2.82586,0.328771,0.0470586,1,All,#4682B4,0
9,1,0,2.72187,0.902464,0,3.3517,0.349243,0,3.3517,0.00692094,0,2.29951,0.995993,1,All,#4682B4,0
9,1.5,0,1.33119,-0.229569,0,3.3517,0.573718,0,3.3517,1.54469,0,1.30297,-5.35061e-05,1,All,#4682B4,0
9,2,0.189146,0.827439,0.827439,4.64315,0.0657491,0.0657491,4.30512,0.443404,0.443404,0.189146,0.667031,0.667031,0,All,#4682B4,0
9,2.5,4.97854,0.199568,0.199568,6.71706,-2.21889,-2.21889,6.63528,-2.12753,-2.12753,4.97854,0.0579423,0.0579423,0,All,#4682B4,0
9,3,6.43303,0.593645,0.593645,7.5037,-0.144908,-0.144908,7.46932,-0.106493,-0.106493,6.43303,0.497477,0.497477,0,All,#4682B4,0
9,3.5,7.20021,0.587602,0.587602,7.90961,0.175839,0.175839,7.89153,0.196039,0.196039,7.20021,0.510269,0.510269,0,All,#4682B4,0
9,4,7.66091,0.632955,0.632955,8.1114,0.472143,0.472143,8.09999,0.48489,0.48489,7.66091,0.633981,0.633981,0,All,#4682B4,0
9,4.5,7.91751,0.518139,0.518139,8.15606,0.262488,0.262488,8.14753,0.272011,0.272011,7.91751,0.491238,0.491238,0,All,#4682B4,0
9,5,7.99601,0.684469,0.684469,8.06981,0.657146,0.657146,8.06217,0.665682,0.665682,7.99601,0.746821,0.746821,0,All,#4682B4,0
9,5.5,7.91496,-0.248864,-0.248864,7.88518,-0.721937,-0.721937,7.87717,-0.712983,-0.712983,7.91496,-0.359229,-0.359229,0,All,#4682B4,0
9,6,7.70819,0.641188,0.641188,7.63696,0.65474,0.65474,7.63049,0.66197,0.66197,7.70819,0.71066,0.71066,0,All,#4682B4,0
9,6.5,7.42142,0.626731,0.626731,7.35428,0.634282,0.634282,7.35086,0.638095,0.638095,7.42142,0.700443,0.700443,0,All,#4682B4,0
9,7,7.09625,0.681525,0.681525,7.05497,0.837959,0.837959,7.05602,0.836787,0.836787,7.09625,0.716497,0.716497,0,All,#4682B4,0
9,7.5,6.76028,0.137952,0.137952,6.74925,0.168423,0.168423,6.75576,0.161149,0.161149,6.76028,0.0560662,0.0560662,0,All,#4682B4,0
9,8,6.43148,0.487962,0.487962,6.44327,0.673389,0.673389,6.45571,0.659489,0.659489,6.43148,0.446187,0.446187,0,All,#4682B4,0
9,8.5,6.12263,0.179357,0.179357,6.13443,0.0844277,0.0844277,6.16,0.0558633,0.0558633,6.12263,0.0909389,0.0909389,0,All,#4682B4,0
9,9,5.84436,-0.167609,-0.167609,5.79538,-0.262974,-0.262974,5.86256,-0.338026,-0.338026,5.84436,-0.300538,-0.300538,0,All,#4682B4,0
9,9.5,5.60406,0.507424,0.507424,5.42326,0.973936,0.973936,5.54032,0.843158,0.843158,5.60406,0.524233,0.524233,0,All,#4682B4,0
9,10,5.37388,0.569528,0.569528,5.02748,1.26752,1.26752,5.19804,1.07697,1.07697,5.37388,0.585319,0.585319,0,All,#4682B4,0
9,10.5,5.14024,0.256316,0.256316,4.63296,0.887127,0.887127,4.85001,0.644637,0.644637,5.14024,0.143861,0.143861,0,All,#4682B4,0
9,11,4.91488,-0.296112,-0.296112,4.27275,-0.0377122,-0.0377122,4.51903,-0.312857,-0.312857,4.91488,-0.500579,-0.500579,0,All,#4682B4,0
9,11.5,4.7063,-0.0887938,-0.0887938,3.97623,0.487973,0.487973,4.23016,0.204277,0.204277,4.7063,-0.224839,-0.224839,0,All,#4682B4,0
9,12,4.51848,-0.766719,-0.862983,3.75299,-0.841269,-1.15658,4.00042,-1.11771,-1.92107,4.51848,-0.848681,-0.942536,1,All,#4682B4,0
9,12.5,4.35198,0.0780508,0.0780508,3.59146,0.717872,0.717872,3.83112,0.450113,0.450113,4.35198,-0.0228713,-0.0228713,0,All,#4682B4,0
9,13,4.20908,-0.00425567,-0.00425567,3.48063,0.517697,0.517697,3.71192,0.259292,0.259292,4.20908,-0.112212,-0.112212,0,All,#4682B4,0
9,13.5,4.07652,-0.411542,-0.623179,3.3982,-0.444883,-0.560495,3.62866,-0.702361,-0.904074,4.07652,-0.429353,-0.600197,1,All,#4682B4,0
9,14,3.95997,0.364102,0.364102,3.335,0.969759,0.969759,3.56869,0.708672,0.708672,3.95997,0.309687,0.309687,0,All,#4682B4,0
9,14.5,3.85189,0.192061,0.192061,3.28318,0.3238,0.3238,3.52054,0.0586141,0.0586141,3.85189,0.0832484,0.0832484,0,All,#4682B4,0
9,15,3.74766,-0.0458393,-0.0754275,3.23601,-0.263676,-2.14796,3.48084,-0.537208,-1.58625,3.74766,-0.101402,-0.139149,1,All,#4682B4,0
9,15.5,3.64832,0.536817,0.536817,3.19066,0.73105,0.73105,3.44436,0.447606,0.447606,3.64832,0.5005,0.5005,0,All,#4682B4,0
9,16,3.54986,0.678119,0.678119,3.14679,0.850454,0.850454,3.41043,0.555898,0.555898,3.54986,0.616689,0.616689,0,All,#4682B4,0
9,16.5,3.45107,0.226461,-0.0684788,3.09857,-0.110121,-1.19029,3.37516,-0.419137,-1.59429,3.45107,0.209446,-0.131534,1,All,#4682B4,0
9,17,3.35154,0.270225,0.262576,3.05146,-0.0574881,-0.578024,3.33869,-0.378398,-1.79241,3.35154,0.165977,0.150968,1,All,#4682B4,0
9,17.5,3.25039,0.380623,-0.274247,3.00208,-0.00232849,-0.138878,3.30037,-0.335587,-1.3967,3.25039,0.2855,-0.300484,1,All,#4682B4,0
10,1,0,3.05972,0.103222,0,3.3517,0.00692094,0,3.3517,0.607991,0,2.42525,0.120431,1,All,#4682B4,0
10,1.5,0,1.55631,1.55631,4.09457,-0.697793,-0.697793,3.49778,-0.0310354,-0.0310354,0,1.37174,1.37174,0,All,#4682B4,0
10,2,0.189146,1.85535,1.85535,7.39565,-0.215236,-0.215236,7.29546,-0.1033,-0.1033,0.189146,1.53213,1.53213,0,All,#4682B4,0
10,2.5,4.97854,1.46436,1.46436,8.36911,0.121651,0.121651,8.32224,0.174022,0.174022,4.97854,1.59389,1.59389,0,All,#4682B4,0
10,3,6.43303,1.28964,1.28964,8.74095,0.545269,0.545269,8.72386,0.564365,0.564365,6.43303,1.66534,1.66534,0,All,#4682B4,0
10,3.5,7.20021,0.935156,0.935156,8.72659,0.0741919,0.0741919,8.73075,0.0695498,0.0695498,7.20021,1.10986,1.10986,0,All,#4682B4,0
10,4,7.66091,0.60248,0.60248,8.52072,-0.267819,-0.267819,8.53266,-0.281163,-0.281163,7.66091,0.636234,0.636234,0,All,#4682B4,0
10,4.5,7.91751,-0.228083,-0.228083,8.25726,-1.51414,-1.51414,8.2725,-1.53117,-1.53117,7.91751,-0.481971,-0.481971,0,All,#4682B4,0
10,5,7.99601,-0.122874,-0.122874,7.98025,-0.854961,-0.854961,7.99725,-0.873954,-0.873954,7.99601,-0.330696,-0.330696,0,All,#4682B4,0
10,5.5,7.91496,-0.829902,-0.829902,7.70111,-1.70055,-1.70055,7.71924,-1.7208,-1.7208,7.91496,-1.13042,-1.13042,0,All,#4682B4,0
10,6,7.70819,-0.782849,-0.782849,7.4231,-1.46481,-1.46481,7.44216,-1.48611,-1.48611,7.70819,-0.993467,-0.993467,0,All,#4682B4,0
10,6.5,7.42142,0.730034,0.730034,7.14803,1.11385,1.11385,7.16796,1.09158,1.09158,7.42142,0.838192,0.838192,0,All,#4682B4,0
10,7,7.09625,1.14187,1.14187,6.87775,1.82808,1.82808,6.89853,1.80486,1.80486,7.09625,1.34561,1.34561,0,All,#4682B4,0
10,7.5,6.76028,0.0477709,0.0477709,6.61494,0.186644,0.186644,6.63653,0.162529,0.162529,6.76028,0.0239317,0.0239317,0,All,#4682B4,0
10,8,6.43148,0.352979,0.352979,6.36327,0.686795,0.686795,6.38558,0.661877,0.661877,6.43148,0.341738,0.341738,0,All,#4682B4,0
10,8.5,6.12263,-0.391431,-0.391431,6.12759,-0.612904,-0.612904,6.15054,-0.638549,-0.638549,6.12263,-0.573374,-0.573374,0,All,#4682B4,0
10,9,5.84436,0.277682,0.277682,5.91365,0.385835,0.385835,5.93792,0.358722,0.358722,5.84436,0.203732,0.203732,0,All,#4682B4,0
10,9.5,5.60406,0.365942,0.365942,5.72815,0.453427,0.453427,5.75136,0.427496,0.427496,5.60406,0.279432,0.279432,0,All,#4682B4,0
10,10,5.37388,0.466451,0.466451,5.576,0.49494,0.49494,5.59733,0.471109,0.471109,5.37388,0.367945,0.367945,0,All,#4682B4,0
10,10.5,5.14024,0.398202,0.398202,5.45959,0.21608,0.21608,5.48249,0.190503,0.190503,5.14024,0.270941,0.270941,0,All,#4682B4,0
10,11,4.91488,0.774438,0.774438,5.38205,0.814405,0.814405,5.40494,0.78884,0.78884,4.91488,0.787882,0.787882,0,All,#4682B4,0
10,11.5,4.7063,0.702208,0.702208,5.30223,0.57288,0.57288,5.32966,0.542236,0.542236,4.7063,0.702478,0.702478,0,All,#4682B4,0
10,12,4.51848,1.06963,1.06963,5.15418,1.24663,1.24663,5.18225,1.21527,1.21527,4.51848,1.11188,1.11188,0,All,#4682B4,0
10,12.5,4.35198,0.295811,0.295811,4.93917,-0.0996283,-0.0996283,4.98019,-0.145454,-0.145454,4.35198,0.249286,0.249286,0,All,#4682B4,0
10,13,4.20908,-0.274375,-0.274375,4.66699,-1.13622,-1.13622,4.73277,-1.2097,-1.2097,4.20908,-0.292921,-0.292921,0,All,#4682B4,0
10,13.5,4.07652,0.852976,0.852976,4.37894,0.938543,0.938543,4.46038,0.847553,0.847553,4.07652,0.801723,0.801723,0,All,#4682B4,0
10,14,3.95997,1.12538,1.12538,4.08931,1.37608,1.37608,4.18996,1.26364,1.26364,3.95997,1.14219,1.14219,0,All,#4682B4,0
10,14.5,3.85189,0.739334,0.739334,3.80932,0.733661,0.733661,3.92496,0.604467,0.604467,3.85189,0.722016,0.722016,0,All,#4682B4,0
10,15,3.74766,-0.139745,-0.77122,3.54031,-0.603651,-1.82254,3.66827,-0.746616,-1.7909,3.74766,-0.191369,-0.809706,1,All,#4682B4,0
10,15.5,3.64832,0.491534,0.491534,3.2784,0.535825,0.535825,3.42048,0.377091,0.377091,3.64832,0.461386,0.461386,0,All,#4682B4,0
10,16,3.54986,0.184888,0.0794143,3.02211,-0.0247004,-1.29284,3.17715,-0.197916,-0.599649,3.54986,0.100229,-0.00546029,1,All,#4682B4,0
10,16.5,3.45107,0.176857,-0.00748887,2.76874,0.258373,-0.272569,2.93632,0.071149,-1.09197,3.45107,0.0632406,-0.0797778,1,All,#4682B4,0
11,1,0,2.96288,0.292868,0,3.3517,0.607991,0,3.3517,1.86224,0,2.34251,0.394125,1,All,#4682B4,0
11,1.5,0,1.27721,-0.0881545,0,3.3517,1.41338,0,3.3517,1.18392,0,1.28173,0.202861,1,All,#4682B4,0
11,2,0.189146,0.600561,0.600561,5.09423,-1.23145,-1.23145,4.94389,-1.06348,-1.06348,0.189146,0.491816,0.491816,0,All,#4682B4,0
11,2.5,4.97854,0.554187,0.554187,7.041,-1.23678,-1.23678,6.88054,-1.05751,-1.05751,4.97854,0.329652,0.329652,0,All,#4682B4,0
11,3,6.43303,0.463338,0.463338,7.78996,-0.840112,-0.840112,7.6336,-0.66542,-0.66542,6.43303,0.289028,0.289028,0,All,#4682B4,0
11,3.5,7.20021,0.561694,0.561694,8.18295,-0.145188,-0.145188,8.0382,0.016532,0.016532,7.20021,0.477637,0.477637,0,All,#4682B4,0
11,4,7.66091,0.23814,0.23814,8.38406,-0.71398,-0.71398,8.26616,-0.582254,-0.582254,7.66091,0.0989552,0.0989552,0,All,#4682B4,0
11,4.5,7.91751,0.421431,0.421431,8.43744,-0.171427,-0.171427,8.37153,-0.0977897,-0.0977897,7.91751,0.323661,0.323661,0,All,#4682B4,0
11,5,7.99601,0.361981,0.361981,8.37239,-0.194831,-0.194831,8.37683,-0.199789,-0.199789,7.99601,0.333547,0.333547,0,All,#4682B4,0
11,5.5,7.91496,-0.166377,-0.166377,8.22609,-1.01119,-1.01119,8.30028,-1.09408,-1.09408,7.91496,-0.307843,-0.307843,0,All,#4682B4,0
11,6,7.70819,0.77416,0.77416,8.01039,0.48779,0.48779,8.14546,0.336896,0.336896,7.70819,0.808048,0.808048,0,All,#4682B4,0
11,6.5,7.42142,1.38899,1.38899,7.73263,1.41818,1.41818,7.91834,1.21071,1.21071,7.42142,1.56746,1.56746,0,All,#4682B4,0
11,7,7.09625,0.533223,0.533223,7.39552,0.2575,0.2575,7.62775,-0.00195861,-0.00195861,7.09625,0.54544,0.54544,0,All,#4682B4,0
11,7.5,6.76028,1.85275,1.85275,6.99538,2.37816,2.37816,7.27665,2.06393,2.06393,6.76028,2.21267,2.21267,0,All,#4682B4,0
11,8,6.43148,0.531082,0.531082,6.52477,0.624793,0.624793,6.86209,0.247925,0.247925,6.43148,0.533902,0.533902,0,All,#4682B4,0
11,8.5,6.12263,0.532857,0.532857,5.975,0.917253,0.917253,6.37776,0.467272,0.467272,6.12263,0.521768,0.521768,0,All,#4682B4,0
11,9,5.84436,-0.199977,-0.199977,5.34086,0.166628,0.166628,5.81789,-0.366335,-0.366335,5.84436,-0.349708,-0.349708,0,All,#4682B4,0
11,9.5,5.60406,0.192748,0.192748,4.63128,1.39064,1.39064,5.18036,0.777192,0.777192,5.60406,0.0969118,0.0969118,0,All,#4682B4,0
11,10,5.37388,-0.409176,-0.409176,3.92504,0.827826,0.827826,4.48579,0.201342,0.201342,5.37388,-0.510985,-0.510985,0,All,#4682B4,0
11,10.5,5.14024,-0.756342,-0.756342,3.34269,0.686328,0.686328,3.80708,0.167492,0.167492,5.14024,-0.854802,-0.854802,0,All,#4682B4,0
11,11,4.91488,-1.08166,-1.18577,2.94152,0.0653338,-0.436232,3.25411,-0.283897,-1.97601,4.91488,-1.10879,-1.19557,1,All,#4682B4,0
11,11.5,4.7063,-0.961774,-0.99552,2.68725,0.349415,-1.06745,2.87502,0.139627,-1.28244,4.7063,-1.03154,-1.05134,1,All,#4682B4,0
11,12,4.51848,0.674739,0.674739,2.52591,3.35851,3.35851,2.63115,3.24093,3.24093,4.51848,0.630318,0.630318,0,All,#4682B4,0
11,12.5,4.35198,-0.724866,-1.36385,2.41903,0.649085,-0.925753,2.47552,0.58597,0.20647,4.35198,-0.8032,-1.32822,1,All,#4682B4,0
11,13,4.20908,-0.625978,-0.973768,2.33966,0.737759,-0.0449067,2.37152,0.702157,-1.08239,4.20908,-0.609344,-0.996431,1,All,#4682B4,0
11,13.5,4.07652,-0.457814,-0.628637,2.27322,0.811985,0.241781,2.2965,0.785975,0.137012,4.07652,-0.430998,-0.599595,1,All,#4682B4,0
11,14,3.95997,-0.326341,-0.372569,2.21432,0.877792,-0.220972,2.23235,0.857643,-0.818586,3.95997,-0.378486,-0.416216,1,All,#4682B4,0
11,14.5,3.85189,-0.237052,-0.452116,2.15739,0.941392,-1.34319,2.17694,0.919546,0.0670877,3.85189,-0.320061,-0.555247,1,All,#4682B4,0
11,15,3.74766,-0.121295,-0.224103,2.10018,1.00531,-0.606711,2.12218,0.98073,-0.543174,3.74766,-0.193001,-0.288611,1,All,#4682B4,0
11,15.5,3.64832,0.0105591,-0.190721,2.04209,1.07021,0.199754,2.06821,1.04103,-0.549058,3.64832,-0.0152222,-0.248995,1,All,#4682B4,0
12,1,0,2.97604,0.00389517,0,3.3517,1.86224,0,3.3517,1.62095,0,2.29843,0.030916,1,All,#4682B4,0
12,1.5,0,1.2008,0.374745,0,3.3517,1.18392,0,3.3517,0.335826,0,1.26115,0.879322,1,All,#4682B4,0
12,2,0.189146,0.27434,-0.295207,0,3.3517,1.86675,0,3.3517,0.966364,0.189146,0.420283,0.10739,1,All,#4682B4,0
12,2.5,4.97854,-0.293715,-0.325167,0,3.3517,1.29679,0,3.3517,0.498898,4.97854,-0.262884,-0.280906,1,All,#4682B4,0
12,3,6.43303,-0.829689,-0.934985,0,3.3517,0.520804,0,3.3517,0.934657,6.43303,-0.832004,-0.864507,1,All,#4682B4,0
12,3.5,7.20021,-1.52674,-1.64428,0,3.3517,1.16023,0,3.3517,0.0673413,7.20021,-1.37422,-1.46942,1,All,#4682B4,0
12,4,7.66091,-2.17346,-2.32656,0,3.3517,0.257461,0,3.3517,0.284561,7.66091,-1.8066,-1.90126,1,All,#4682B4,0
12,4.5,7.91751,-2.39601,-2.39601,4.03172,-0.379552,-0.379552,3.55308,0.155202,0.155202,7.91751,-2.03547,-2.03547,0,All,#4682B4,0
12,5,7.99601,-3.38543,-3.53276,5.67627,-2.99002,-3.27532,5.48743,-2.77905,-3.01307,7.99601,-2.35027,-2.67166,1,All,#4682B4,0
12,5.5,7.91496,0.696605,0.696605,6.31276,2.43919,2.43919,6.2005,2.56461,2.56461,7.91496,0.801971,0.801971,0,All,#4682B4,0
12,6,7.70819,-0.381344,-0.381344,6.59794,0.396681,0.396681,6.52252,0.480947,0.480947,7.70819,-0.476849,-0.476849,0,All,#4682B4,0
12,6.5,7.42142,-2.29732,-2.29732,6.6658,-2.44428,-2.44428,6.62509,-2.39881,-2.39881,7.42142,-2.33437,-2.33437,0,All,#4682B4,0
12,7,7.09625,-0.127315,-0.127315,6.55529,0.327024,0.327024,6.55699,0.325123,0.325123,7.09625,-0.184022,-0.184022,0,All,#4682B4,0
12,7.5,6.76028,-0.0949908,-0.0949908,6.28694,0.382162,0.382162,6.3408,0.321991,0.321991,6.76028,-0.177775,-0.177775,0,All,#4682B4,0
12,8,6.43148,0.0232976,0.0232976,5.89165,0.745589,0.745589,6.00163,0.622708,0.622708,6.43148,-0.0667542,-0.0667542,0,All,#4682B4,0
12,8.5,6.12263,-1.00231,-1.00231,5.40448,-0.467539,-0.467539,5.57031,-0.652808,-0.652808,6.12263,-1.1704,-1.1704,0,All,#4682B4,0
12,9,5.84436,0.814774,0.814774,4.86669,2.43927,2.43927,5.08305,2.19754,2.19754,5.84436,0.88578,0.88578,0,All,#4682B4,0
12,9.5,5.60406,-0.307327,-0.307327,4.32781,0.857129,0.857129,4.57991,0.575476,0.575476,5.60406,-0.401202,-0.401202,0,All,#4682B4,0
12,10,5.37388,-1.02191,-1.02191,3.84559,-0.0721669,-0.0721669,4.10331,-0.360101,-0.360101,5.37388,-1.13555,-1.13555,0,All,#4682B4,0
12,10.5,5.14024,-0.956957,-0.956957,3.46618,0.141691,0.141691,3.69248,-0.111144,-0.111144,5.14024,-1.01336,-1.01336,0,All,#4682B4,0
12,11,4.91488,-0.561154,-0.561154,3.19846,0.832944,0.832944,3.36617,0.645568,0.645568,4.91488,-0.589944,-0.589944,0,All,#4682B4,0
12,11.5,4.7063,-1.06502,-1.39125,3.02515,-0.0280993,-0.136719,3.12521,-0.139884,-1.92616,4.7063,-1.04556,-1.36192,1,All,#4682B4,0
12,12,4.51848,-0.309994,-0.309994,2.91831,1.21967,1.21967,2.95974,1.17338,1.17338,4.51848,-0.370265,-0.370265,0,All,#4682B4,0
12,12.5,4.35198,-0.72684,-0.737444,2.85473,0.162304,-0.585596,2.84352,0.174821,-0.115546,4.35198,-0.825054,-0.843107,1,All,#4682B4,0
12,13,4.20908,-0.59942,-0.745262,2.81708,0.204362,-0.595801,2.76438,0.263242,-0.166925,4.20908,-0.684407,-0.815964,1,All,#4682B4,0
12,13.5,4.07652,-0.560414,-0.696334,2.7926,0.231715,0.0045718,2.7079,0.326349,-1.29667,4.07652,-0.575021,-0.723167,1,All,#4682B4,0
12,14,3.95997,-0.37263,-0.523076,2.77505,0.251327,0.129613,2.66832,0.370566,-0.0267467,3.95997,-0.396589,-0.572175,1,All,#4682B4,0
12,14.5,3.85189,-0.330616,-0.338237,2.76058,0.267488,-0.148763,2.63483,0.407983,-0.108247,3.85189,-0.372389,-0.379488,1,All,#4682B4,0
12,15,3.74766,0.231643,0.231643,2.74685,0.857086,0.857086,2.607,1.01334,1.01334,3.74766,0.204634,0.204634,0,All,#4682B4,0
12,15.5,3.64832,-0.0449376,-0.42709,2.73273,0.298605,-1.15275,2.58042,0.468774,-1.08988,3.64832,-0.0655985,-0.48164,1,All,#4682B4,0
12,16,3.54986,0.417396,0.417396,2.71753,0.954639,0.954639,2.55427,1.13704,1.13704,3.54986,0.382656,0.382656,0,All,#4682B4,0
12,16.5,3.45107,0.147057,0.0652057,2.70045,0.33467,-0.668318,2.52731,0.528103,-0.589193,3.45107,0.089853,-0.00343683,1,All,#4682B4,0
12,17,3.35154,0.588967,0.588967,2.68176,0.870591,0.870591,2.50055,1.07305,1.07305,3.35154,0.526705,0.526705,0,All,#4682B4,0
12,17.5,3.25039,0.300858,0.0605445,2.66159,0.378087,-0.100192,2.46996,0.59218,0.499807,3.25039,0.248987,-0.0221345,1,All,#4682B4,0
12,18,3.14736,0.389989,0.23202,2.63939,0.402885,-0.882509,2.4406,0.624978,-0.0573988,3.14736,0.337022,0.180311,1,All,#4682B4,0
13,1,0,3.10345,3.10345,0,3.49583,3.49583,0,3.49583,3.49583,0,2.52766,2.52766,0,All,#4682B4,0
13,1.5,0,1.32546,-0.0295747,1.99441,1.12348,-1.35421,1.99021,1.12817,-0.136147,0,1.29853,0.344325,1,All,#4682B4,0
13,2,0.189146,1.09689,1.09689,4.82453,0.503286,0.503286,4.78347,0.549154,0.549154,0.189146,0.9059,0.9059,0,All,#4682B4,0
13,2.5,4.97854,0.1251,0.1251,6.18504,-1.91945,-1.91945,6.1476,-1.87763,-1.87763,4.97854,0.00720163,0.00720163,0,All,#4682B4,0
13,3,6.43303,0.461859,0.461859,7.00539,-0.178079,-0.178079,6.97302,-0.141912,-0.141912,6.43303,0.322693,0.322693,0,All,#4682B4,0
13,3.5,7.20021,0.332799,0.332799,7.52657,-0.246426,-0.246426,7.49934,-0.216001,-0.216001,7.20021,0.163674,0.163674,0,All,#4682B4,0
13,4,7.66091,0.657035,0.657035,7.81572,0.719807,0.719807,7.79816,0.739428,0.739428,7.66091,0.668663,0.668663,0,All,#4682B4,0
13,4.5,7.91751,0.558463,0.558463,7.87499,0.576503,0.576503,7.87417,0.577424,0.577424,7.91751,0.443621,0.443621,0,All,#4682B4,0
13,5,7.99601,1.15482,1.15482,7.72829,1.81407,1.81407,7.74414,1.79636,1.79636,7.99601,1.38812,1.38812,0,All,#4682B4,0
13,5.5,7.91496,0.132971,0.132971,7.44517,0.214317,0.214317,7.47655,0.179263,0.179263,7.91496,0.0598588,0.0598588,0,All,#4682B4,0
13,6,7.70819,0.0879775,0.0879775,7.13525,0.368406,0.368406,7.16662,0.33336,0.33336,7.70819,0.0822156,0.0822156,0,All,#4682B4,0
13,6.5,7.42142,0.467509,0.467509,6.84622,1.01309,1.01309,6.87541,0.980471,0.980471,7.42142,0.518593,0.518593,0,All,#4682B4,0
13,7,7.09625,0.165118,0.165118,6.60566,0.615976,0.615976,6.6288,0.590128,0.590128,7.09625,0.123443,0.123443,0,All,#4682B4,0
13,7.5,6.76028,-0.909429,-0.909429,6.42254,-1.02287,-1.02287,6.43648,-1.03845,-1.03845,6.76028,-1.06167,-1.06167,0,All,#4682B4,0
13,8,6.43148,-0.133756,-0.133756,6.29527,-0.0427567,-0.0427567,6.29765,-0.0454143,-0.0454143,6.43148,-0.20792,-0.20792,0,All,#4682B4,0
13,8.5,6.12263,-0.34987,-0.34987,6.21846,-0.629519,-0.629519,6.21015,-0.620231,-0.620231,6.12263,-0.418095,-0.418095,0,All,#4682B4,0
13,9,5.84436,-0.333768,-0.333768,6.18488,-0.88471,-0.88471,6.16702,-0.864764,-0.864764,5.84436,-0.416567,-0.416567,0,All,#4682B4,0
13,9.5,5.60406,0.478541,0.478541,6.18675,0.10195,0.10195,6.16066,0.131098,0.131098,5.60406,0.432686,0.432686,0,All,#4682B4,0
13,10,5.37388,-0.127944,-0.127944,6.21676,-1.1192,-1.1192,6.18378,-1.08235,-1.08235,5.37388,-0.256844,-0.256844,0,All,#4682B4,0
13,10.5,5.14024,0.586479,0.586479,6.26826,-0.291889,-0.291889,6.22989,-0.249022,-0.249022,5.14024,0.604065,0.604065,0,All,#4682B4,0
13,11,4.91488,1.0444,1.0444,6.33508,0.281456,0.281456,6.29308,0.32838,0.32838,4.91488,1.05357,1.05357,0,All,#4682B4,0
13,11.5,4.7063,1.67117,1.67117,6.41266,1.24051,1.24051,6.36795,1.29046,1.29046,4.7063,1.64201,1.64201,0,All,#4682B4,0
13,12,4.51848,1.41886,1.41886,6.4907,0.510913,0.510913,6.4449,0.562083,0.562083,4.51848,1.45455,1.45455,0,All,#4682B4,0
13,12.5,4.35198,1.14518,1.14518,6.44337,-0.045105,-0.045105,6.41587,-0.0143784,-0.0143784,4.35198,1.11944,1.11944,0,All,#4682B4,0
13,13,4.20908,1.53246,1.53246,6.23449,0.569239,0.569239,6.22417,0.580777,0.580777,4.20908,1.64633,1.64633,0,All,#4682B4,0
13,13.5,4.07652,0.796679,0.796679,5.89331,-0.685216,-0.685216,5.89714,-0.689485,-0.689485,4.07652,0.735843,0.735843,0,All,#4682B4,0
13,14,3.95997,1.67573,1.67573,5.46276,0.924221,0.924221,5.48052,0.904374,0.904374,3.95997,1.84857,1.84857,0,All,#4682B4,0
13,14.5,3.85189,0.243932,0.243932,4.98285,-1.18075,-1.18075,5.00401,-1.20439,-1.20439,3.85189,0.186003,0.186003,0,All,#4682B4,0
13,15,3.74766,-0.0942833,-0.0942833,4.47197,-1.44008,-1.44008,4.50061,-1.47208,-1.47208,3.74766,-0.185991,-0.185991,0,All,#4682B4,0
13,15.5,3.64832,0.631898,0.631898,3.94355,0.171439,0.171439,3.97717,0.133879,0.133879,3.64832,0.595673,0.595673,0,All,#4682B4,0
13,16,3.54986,0.0163934,-0.564279,3.40406,-0.451427,-0.728016,3.44185,-0.49365,-1.44542,3.54986,-0.0831408,-0.622809,1,All,#4682B4,0
13,16.5,3.45107,0.147633,-0.0474273,2.85696,0.159809,-0.333319,2.89874,0.113132,-0.210482,3.45107,0.0347897,-0.177563,1,All,#4682B4,0
13,17,3.35154,0.425629,0.425629,2.30487,1.18665,1.18665,2.34989,1.13635,1.13635,3.35154,0.41359,0.41359,0,All,#4682B4,0
13,17.5,3.25039,0.331551,-0.175236,1.74736,1.39949,0.660914,1.79619,1.34493,-0.652769,3.25039,0.261159,-0.251629,1,All,#4682B4,0
13,18,3.14736,0.411555,-0.0638523,1.18563,2.02707,0.436089,1.23793,1.96864,1.45276,3.14736,0.33161,-0.150462,1,All,#4682B4,0
13,18.5,3.04268,0.433283,0.410081,0.619889,2.65914,0.880112,0.675872,2.5966,0.381988,3.04268,0.345995,0.321909,1,All,#4682B4,0
14,1,0,3.12812,1.72026,0,3.3517,0.148192,0,3.3517,0.843045,0,2.55198,1.72736,1,All,#4682B4,0
14,1.5,0,1.46035,0.293261,0,3.3517,1.16559,0,3.3517,1.54738,0,1.30524,0.601603,1,All,#4682B4,0
14,2,0.189146,1.07792,1.07792,5.44728,-0.195832,-0.195832,5.1371,0.15072,0.15072,0.189146,0.888929,0.888929,0,All,#4682B4,0
14,2.5,4.97854,1.17563,1.17563,7.61426,0.0544487,0.0544487,7.38976,0.305274,0.305274,4.97854,1.08675,1.08675,0,All,#4682B4,0
14,3,6.43303,0.992668,0.992668,8.65303,-0.261467,-0.261467,8.47526,-0.0628503,-0.0628503,6.43303,1.17037,1.17037,0,All,#4682B4,0
14,3.5,7.20021,1.39765,1.39765,9.11876,0.824782,0.824782,9.01475,0.940987,0.940987,7.20021,2.16672,2.16672,0,All,#4682B4,0
14,4,7.66091,0.829309,0.829309,9.08643,-0.276442,-0.276442,9.0949,-0.285904,-0.285904,7.66091,0.890881,0.890881,0,All,#4682B4,0
14,4.5,7.91751,1.04911,1.04911,8.75005,0.709393,0.709393,8.83483,0.61467,0.61467,7.91751,1.24069,1.24069,0,All,#4682B4,0
14,5,7.99601,0.778071,0.778071,8.29285,0.577773,0.577773,8.41471,0.441635,0.441635,7.99601,0.788924,0.788924,0,All,#4682B4,0
14,5.5,7.91496,-0.968741,-0.968741,7.79564,-1.79053,-1.79053,7.93631,-1.94769,-1.94769,7.91496,-1.11152,-1.11152,0,All,#4682B4,0
14,6,7.70819,0.990914,0.990914,7.29045,1.48095,1.48095,7.44146,1.31223,1.31223,7.70819,1.03996,1.03996,0,All,#4682B4,0
14,6.5,7.42142,-1.03003,-1.03003,6.7948,-0.861161,-0.861161,6.9493,-1.03378,-1.03378,7.42142,-1.14448,-1.14448,0,All,#4682B4,0
14,7,7.09625,0.385343,0.385343,6.32267,1.30194,1.30194,6.47396,1.13292,1.13292,7.09625,0.311295,0.311295,0,All,#4682B4,0
14,7.5,6.76028,-0.34881,-0.34881,5.8879,0.508456,0.508456,6.02722,0.352804,0.352804,6.76028,-0.404539,-0.404539,0,All,#4682B4,0
14,8,6.43148,-0.336847,-0.336847,5.50356,0.636195,0.636195,5.62162,0.504301,0.504301,6.43148,-0.40212,-0.40212,0,All,#4682B4,0
14,8.5,6.12263,-0.423651,-0.423651,5.17975,0.621461,0.621461,5.26985,0.520801,0.520801,6.12263,-0.459093,-0.459093,0,All,#4682B4,0
14,9,5.84436,-0.429812,-0.429812,4.92208,0.578641,0.578641,4.97892,0.515132,0.515132,5.84436,-0.533936,-0.533936,0,All,#4682B4,0
14,9.5,5.60406,-0.734925,-0.734925,4.73127,-0.0438689,-0.0438689,4.75268,-0.0677914,-0.0677914,5.60406,-0.892134,-0.892134,0,All,#4682B4,0
14,10,5.37388,-0.790795,-0.790795,4.60302,-0.208949,-0.208949,4.58948,-0.193817,-0.193817,5.37388,-0.839966,-0.839966,0,All,#4682B4,0
14,10.5,5.14024,-0.753506,-0.753506,4.53024,-0.368951,-0.368951,4.48446,-0.317806,-0.317806,5.14024,-0.870371,-0.870371,0,All,#4682B4,0
14,11,4.91488,-1.03354,-1.03354,4.50499,-1.15298,-1.15298,4.43065,-1.06992,-1.06992,4.91488,-1.09927,-1.09927,0,All,#4682B4,0
14,11.5,4.7063,-0.259507,-0.259507,4.49015,-0.064968,-0.064968,4.41285,0.0213923,0.0213923,4.7063,-0.337169,-0.337169,0,All,#4682B4,0
14,12,4.51848,-0.439619,-0.439619,4.43355,-0.512309,-0.512309,4.37181,-0.443334,-0.443334,4.51848,-0.408786,-0.408786,0,All,#4682B4,0
14,12.5,4.35198,0.185031,0.185031,4.3457,0.449467,0.449467,4.30066,0.499784,0.499784,4.35198,0.139482,0.139482,0,All,#4682B4,0
14,13,4.20908,0.915074,0.915074,4.23075,1.54318,1.54318,4.20467,1.57231,1.57231,4.20908,0.983571,0.983571,0,All,#4682B4,0
14,13.5,4.07652,0.263089,0.263089,4.095,0.280427,0.280427,4.08833,0.287881,0.287881,4.07652,0.207039,0.207039,0,All,#4682B4,0
14,14,3.95997,1.02292,1.02292,3.94354,1.53448,1.53448,3.95834,1.51794,1.51794,3.95997,1.01568,1.01568,0,All,#4682B4,0
14,14.5,3.85189,-0.251287,-0.973068,3.78291,-0.874698,-1.0177,3.81313,-0.908454,-1.73869,3.85189,-0.305005,-1.01685,1,All,#4682B4,0
14,15,3.74766,-0.162423,-0.694946,3.61519,-0.687312,-1.25533,3.66143,-0.738974,-0.856172,3.74766,-0.271448,-0.713593,1,All,#4682B4,0
14,15.5,3.64832,-0.0659928,-0.280663,3.44255,-0.494431,-2.14211,3.50635,-0.565707,-0.714012,3.64832,-0.154701,-0.348779,1,All,#4682B4,0
14,16,3.54986,0.918214,0.918214,3.26744,1.21059,1.21059,3.34671,1.12203,1.12203,3.54986,0.948955,0.948955,0,All,#4682B4,0
14,16.5,3.45107,0.210682,-0.277655,3.0899,-0.100442,-0.485513,3.18407,-0.20565,-0.767629,3.45107,0.120215,-0.397311,1,All,#4682B4,0
14,17,3.35154,0.26093,0.149158,2.90976,0.100822,-0.778795,3.01969,-0.0220003,-0.998639,3.35154,0.166664,0.0893603,1,All,#4682B4,0
14,17.5,3.25039,0.350129,-0.0724233,2.72824,0.303617,0.212748,2.85356,0.163602,-1.86109,3.25039,0.299183,-0.0936333,1,All,#4682B4,0
15,1,0,3.06587,1.44052,0,3.3517,0.843045,0,3.3517,0.806709,0,2.48335,1.46991,1,All,#4682B4,0
15,1.5,0,1.40586,-0.148583,0,3.3517,1.54738,0,3.3517,1.17664,0,1.3399,0.137314,1,All,#4682B4,0
15,2,0.189146,0.281711,-0.412856,0,3.3517,1.21382,0,3.3517,0.321487,0.189146,0.354921,-0.0567414,1,All,#4682B4,0
15,2.5,4.97854,-0.354409,-0.413027,2.26706,0.818871,-0.15516,1.76275,1.3823,-1.85372,4.97854,-0.319705,-0.370639,1,All,#4682B4,0
15,3,6.43303,-0.464344,-0.464344,4.81705,-0.696095,-0.696095,4.54126,-0.387971,-0.387971,6.43303,-0.645655,-0.645655,0,All,#4682B4,0
15,3.5,7.20021,0.0218154,0.0218154,6.20663,0.424966,0.424966,6.01485,0.639221,0.639221,7.20021,-0.281766,-0.281766,0,All,#4682B4,0
15,4,7.66091,-0.350001,-0.350001,7.0891,-0.729668,-0.729668,6.94454,-0.568158,-0.568158,7.66091,-0.618326,-0.618326,0,All,#4682B4,0
15,4.5,7.91751,-0.417825,-0.417825,7.6262,-1.10293,-1.10293,7.53167,-0.997323,-0.997323,7.91751,-0.766406,-0.766406,0,All,#4682B4,0
15,5,7.99601,0.26135,0.26135,7.8153,0.0912761,0.0912761,7.78277,0.127623,0.127623,7.99601,0.20469,0.20469,0,All,#4682B4,0
15,5.5,7.91496,0.623062,0.623062,7.7345,0.68542,0.68542,7.74438,0.674387,0.674387,7.91496,0.592351,0.592351,0,All,#4682B4,0
15,6,7.70819,0.751191,0.751191,7.54069,0.955584,0.955584,7.56568,0.927659,0.927659,7.70819,0.808324,0.808324,0,All,#4682B4,0
15,6.5,7.42142,0.794032,0.794032,7.32399,0.947423,0.947423,7.35195,0.916187,0.916187,7.42142,0.850469,0.850469,0,All,#4682B4,0
15,7,7.09625,0.513338,0.513338,7.12146,0.441916,0.441916,7.14694,0.41344,0.41344,7.09625,0.485288,0.485288,0,All,#4682B4,0
15,7.5,6.76028,-0.352483,-0.352483,6.94875,-0.848819,-0.848819,6.96903,-0.871475,-0.871475,6.76028,-0.464213,-0.464213,0,All,#4682B4,0
15,8,6.43148,-0.528291,-0.528291,6.81171,-1.25545,-1.25545,6.82553,-1.27089,-1.27089,6.43148,-0.631835,-0.631835,0,All,#4682B4,0
15,8.5,6.12263,-0.114964,-0.114964,6.71135,-0.83943,-0.83943,6.71813,-0.847008,-0.847008,6.12263,-0.144799,-0.144799,0,All,#4682B4,0
15,9,5.84436,0.851641,0.851641,6.64586,0.35097,0.35097,6.6458,0.351038,0.351038,5.84436,0.845688,0.845688,0,All,#4682B4,0
15,9.5,5.60406,0.507617,0.507617,6.61181,-0.379642,-0.379642,6.60538,-0.372465,-0.372465,5.60406,0.497636,0.497636,0,All,#4682B4,0
15,10,5.37388,1.26509,1.26509,6.6048,0.566663,0.566663,6.59274,0.580131,0.580131,5.37388,1.45638,1.45638,0,All,#4682B4,0
15,10.5,5.14024,0.774495,0.774495,6.61996,-0.327307,-0.327307,6.60299,-0.308343,-0.308343,5.14024,0.781171,0.781171,0,All,#4682B4,0
15,11,4.91488,1.01568,1.01568,6.65212,-0.0839248,-0.0839248,6.63175,-0.0611694,-0.0611694,4.91488,1.06337,1.06337,0,All,#4682B4,0
15,11.5,4.7063,1.57464,1.57464,6.69411,0.648991,0.648991,6.6735,0.67202,0.67202,4.7063,1.81651,1.81651,0,All,#4682B4,0
15,12,4.51848,2.26325,2.26325,6.60311,1.88688,1.88688,6.57745,1.91555,1.91555,4.51848,2.33372,2.33372,0,All,#4682B4,0
15,12.5,4.35198,0.857404,0.857404,6.11924,-0.381244,-0.381244,6.08906,-0.347527,-0.347527,4.35198,0.809112,0.809112,0,All,#4682B4,0
15,13,4.20908,0.635494,0.635494,5.36074,-0.352753,-0.352753,5.33032,-0.318769,-0.318769,4.20908,0.615492,0.615492,0,All,#4682B4,0
15,13.5,4.07652,0.248688,0.248688,4.48422,-0.314186,-0.314186,4.45356,-0.279939,-0.279939,4.07652,0.173821,0.173821,0,All,#4682B4,0
15,14,3.95997,0.0633502,0.0633502,3.54324,0.16396,0.16396,3.51459,0.195978,0.195978,3.95997,0.0367885,0.0367885,0,All,#4682B4,0
15,14.5,3.85189,-0.249748,-0.585098,2.55903,0.49267,-0.186163,2.531,0.523987,-0.0744833,3.85189,-0.35679,-0.701792,1,All,#4682B4,0
15,15,3.74766,-0.0676578,-0.0928068,1.54132,1.62969,0.388174,1.51453,1.65961,-0.348504,3.74766,-0.0944106,-0.119021,1,All,#4682B4,0
16,1,0,2.73412,0.0180473,0,3.3517,0.806709,0,3.3517,1.43073,0,2.32144,0.00918206,1,All,#4682B4,0
16,1.5,0,1.29742,0.220989,0,3.3517,1.17664,0,3.3517,0.29157,0,1.30159,0.626049,1,All,#4682B4,0
16,2,0.189146,0.274397,-0.631445,2.05768,1.05279,0.205164,1.94793,1.17541,-0.427066,0.189146,0.427074,-0.396186,1,All,#4682B4,0
16,2.5,4.97854,0.321023,0.321023,3.9756,1.19142,1.19142,3.94263,1.22825,1.22825,4.97854,0.182321,0.182321,0,All,#4682B4,0
16,3,6.43303,-0.793403,-0.851442,5.14189,-2.39299,-3.8128,5.13789,-2.38852,-3.02223,6.43303,-0.761774,-0.784021,1,All,#4682B4,0
16,3.5,7.20021,0.0467096,0.0467096,5.927,0.68263,0.68263,5.93343,0.675442,0.675442,7.20021,-0.19315,-0.19315,0,All,#4682B4,0
16,4,7.66091,-0.501638,-0.501638,6.49614,-0.594529,-0.594529,6.50777,-0.60752,-0.60752,7.66091,-0.769893,-0.769893,0,All,#4682B4,0
16,4.5,7.91751,-0.278123,-0.278123,6.91837,-0.0920303,-0.0920303,6.93383,-0.1093,-0.1093,7.91751,-0.501768,-0.501768,0,All,#4682B4,0
16,5,7.99601,-0.694579,-0.694579,7.23277,-0.940449,-0.940449,7.25101,-0.960828,-0.960828,7.99601,-0.906541,-0.906541,0,All,#4682B4,0
16,5.5,7.91496,-0.624901,-0.624901,7.45772,-0.925875,-0.925875,7.4793,-0.949986,-0.949986,7.91496,-0.829282,-0.829282,0,All,#4682B4,0
16,6,7.70819,0.479209,0.479209,7.59869,0.532147,0.532147,7.62526,0.502462,0.502462,7.70819,0.494655,0.494655,0,All,#4682B4,0
16,6.5,7.42142,0.179197,0.179197,7.65461,-0.319094,-0.319094,7.68866,-0.357134,-0.357134,7.42142,0.149857,0.149857,0,All,#4682B4,0
16,7,7.09625,1.02665,1.02665,7.62516,0.658985,0.658985,7.66967,0.609266,0.609266,7.09625,1.16955,1.16955,0,All,#4682B4,0
16,7.5,6.76028,0.775333,0.775333,7.51607,0.166386,0.166386,7.57285,0.102957,0.102957,6.76028,0.825353,0.825353,0,All,#4682B4,0
16,8,6.43148,1.18234,1.18234,7.34351,0.673126,0.673126,7.41059,0.598174,0.598174,6.43148,1.24325,1.24325,0,All,#4682B4,0
16,8.5,6.12263,0.780916,0.780916,7.12667,0.0998044,0.0998044,7.20619,0.010955,0.010955,6.12263,0.815217,0.815217,0,All,#4682B4,0
16,9,5.84436,1.20847,1.20847,6.89368,0.722087,0.722087,6.98366,0.621561,0.621561,5.84436,1.41092,1.41092,0,All,#4682B4,0
16,9.5,5.60406,0.45062,0.45062,6.6625,-0.475387,-0.475387,6.76184,-0.586371,-0.586371,5.60406,0.378415,0.378415,0,All,#4682B4,0
16,10,5.37388,1.07309,1.07309,6.44425,0.594084,0.594084,6.55446,0.470961,0.470961,5.37388,1.14881,1.14881,0,All,#4682B4,0
16,10.5,5.14024,1.16267,1.16267,6.22194,0.789956,0.789956,6.3723,0.621964,0.621964,5.14024,1.24362,1.24362,0,All,#4682B4,0
16,11,4.91488,1.61414,1.61414,5.99799,1.7306,1.7306,6.20718,1.49689,1.49689,4.91488,1.79679,1.79679,0,All,#4682B4,0
16,11.5,4.7063,1.22933,1.22933,5.78288,1.24808,1.24808,6.04732,0.952647,0.952647,4.7063,1.3479,1.3479,0,All,#4682B4,0
16,12,4.51848,1.29253,1.29253,5.58168,1.21703,1.21703,5.89571,0.866176,0.866176,4.51848,1.43126,1.43126,0,All,#4682B4,0
16,12.5,4.35198,1.43076,1.43076,5.39649,1.68312,1.68312,5.75351,1.28424,1.28424,4.35198,1.49178,1.49178,0,All,#4682B4,0
16,13,4.20908,0.443126,0.443126,5.2277,-0.437623,-0.437623,5.62357,-0.879898,-0.879898,4.20908,0.408305,0.408305,0,All,#4682B4,0
16,13.5,4.07652,1.2541,1.2541,5.0754,1.03076,1.03076,5.50604,0.549633,0.549633,4.07652,1.25704,1.25704,0,All,#4682B4,0
16,14,3.95997,0.773044,0.773044,4.93835,-0.0741272,-0.0741272,5.39987,-0.58975,-0.58975,3.95997,0.719687,0.719687,0,All,#4682B4,0
16,14.5,3.85189,1.97437,1.97437,4.81356,2.14446,2.14446,5.3035,1.59709,1.59709,3.85189,2.10778,2.10778,0,All,#4682B4,0
16,15,3.74766,0.691769,0.691769,4.69882,-0.460101,-0.460101,5.21523,-1.03706,-1.03706,3.74766,0.736959,0.736959,0,All,#4682B4,0
16,15.5,3.64832,0.664998,0.664998,4.59129,-0.514256,-0.514256,5.13245,-1.11885,-1.11885,3.64832,0.651605,0.651605,0,All,#4682B4,0
16,16,3.54986,0.935678,0.935678,4.49141,-0.106593,-0.106593,5.05646,-0.737894,-0.737894,3.54986,0.92144,0.92144,0,All,#4682B4,0
16,16.5,3.45107,1.07056,1.07056,4.39206,0.163045,0.163045,4.9817,-0.495712,-0.495712,3.45107,1.12756,1.12756,0,All,#4682B4,0
16,17,3.35154,1.44993,1.44993,4.29696,0.843557,0.843557,4.90839,0.160448,0.160448,3.35154,1.50928,1.50928,0,All,#4682B4,0
17,1,0,3.25506,0.840467,0,3.3517,1.43073,0,3.3517,1.04769,0,2.52438,0.923514,1,All,#4682B4,0
17,1.5,0,1.40935,0.473638,0,3.3517,0.29157,0,3.3517,0.0434166,0,1.27624,0.796308,1,All,#4682B4,0
17,2,0.189146,0.282521,-0.338641,0,3.3517,0.475349,0,3.3517,0.111167,0.189146,0.405516,0.00023062,1,All,#4682B4,0
17,2.5,4.97854,-0.380077,-0.399716,1.89302,1.23676,0.881063,1.37748,1.81274,0.0643037,4.97854,-0.344864,-0.354053,1,All,#4682B4,0
17,3,6.43303,-0.69215,-0.69215,4.05907,-0.328548,-0.328548,3.74085,0.0269818,0.0269818,6.43303,-0.756264,-0.756264,0,All,#4682B4,0
17,3.5,7.20021,-0.451495,-0.451495,5.42267,0.156784,0.156784,5.18107,0.426701,0.426701,7.20021,-0.645654,-0.645654,0,All,#4682B4,0
17,4,7.66091,-0.548953,-0.548953,6.37407,-0.205652,-0.205652,6.16742,0.0252299,0.0252299,7.66091,-0.753304,-0.753304,0,All,#4682B4,0
17,4.5,7.91751,-0.561255,-0.561255,7.07229,-0.563407,-0.563407,6.8873,-0.356729,-0.356729,7.91751,-0.681889,-0.681889,0,All,#4682B4,0
17,5,7.99601,-0.225826,-0.225826,7.59596,-0.4044,-0.4044,7.42819,-0.216957,-0.216957,7.99601,-0.401855,-0.401855,0,All,#4682B4,0
17,5.5,7.91496,0.329021,0.329021,7.9748,0.0158685,0.0158685,7.82788,0.180006,0.180006,7.91496,0.24157,0.24157,0,All,#4682B4,0
17,6,7.70819,0.0558957,0.0558957,8.2006,-0.802845,-0.802845,8.09041,-0.679733,-0.679733,7.70819,0.0334046,0.0334046,0,All,#4682B4,0
17,6.5,7.42142,1.27489,1.27489,8.25021,0.606419,0.606419,8.19824,0.664482,0.664482,7.42142,1.32569,1.32569,0,All,#4682B4,0
17,7,7.09625,2.32968,2.32968,8.10996,1.92839,1.92839,8.13506,1.90035,1.90035,7.09625,2.5753,2.5753,0,All,#4682B4,0
17,7.5,6.76028,1.69548,1.69548,7.798,1.22561,1.22561,7.89944,1.11227,1.11227,6.76028,1.73986,1.73986,0,All,#4682B4,0
17,8,6.43148,1.68046,1.68046,7.36853,1.28535,1.28535,7.53324,1.10132,1.10132,6.43148,1.88217,1.88217,0,All,#4682B4,0
17,8.5,6.12263,0.792152,0.792152,6.86073,0.462838,0.462838,7.07685,0.221384,0.221384,6.12263,0.778142,0.778142,0,All,#4682B4,0
17,9,5.84436,0.354927,0.354927,6.3161,0.0881472,0.0881472,6.56788,-0.193143,-0.193143,5.84436,0.328162,0.328162,0,All,#4682B4,0
17,9.5,5.60406,0.188192,0.188192,5.76455,0.182615,0.182615,6.03736,-0.12218,-0.12218,5.60406,0.0946407,0.0946407,0,All,#4682B4,0
17,10,5.37388,-0.289961,-0.289961,5.2277,-0.323659,-0.323659,5.51184,-0.641109,-0.641109,5.37388,-0.394402,-0.394402,0,All,#4682B4,0
17,10.5,5.14024,0.489404,0.489404,4.72869,1.3008,1.3008,5.01323,0.982909,0.982909,5.14024,0.476305,0.476305,0,All,#4682B4,0
17,11,4.91488,-0.474242,-0.474242,4.27423,-0.18125,-0.18125,4.5566,-0.496727,-0.496727,4.91488,-0.573802,-0.573802,0,All,#4682B4,0
17,11.5,4.7063,-0.110438,-0.110438,3.87468,0.732144,0.732144,4.15168,0.42267,0.42267,4.7063,-0.176173,-0.176173,0,All,#4682B4,0
17,12,4.51848,-0.427111,-0.427111,3.52795,0.331876,0.331876,3.79929,0.0287291,0.0287291,4.51848,-0.467628,-0.467628,0,All,#4682B4,0
17,12.5,4.35198,-0.697441,-0.747401,3.23138,-0.25851,-0.928312,3.49925,-0.557783,-1.15905,4.35198,-0.808144,-0.850145,1,All,#4682B4,0
17,13,4.20908,-0.666495,-0.848587,2.98441,0.0174124,-0.180783,3.24983,-0.279114,-1.80469,4.20908,-0.656974,-0.909338,1,All,#4682B4,0
17,13.5,4.07652,-0.518771,-0.840207,2.78194,0.243629,-0.0640826,3.04784,-0.0534498,-1.68185,4.07652,-0.439986,-0.8749,1,All,#4682B4,0
17,14,3.95997,-0.398934,-1.08117,2.61978,0.424792,-1.12315,2.88868,0.124366,-0.785952,3.95997,-0.416392,-1.04543,1,All,#4682B4,0
17,14.5,3.85189,0.619336,0.619336,2.49198,2.15181,2.15181,2.76355,1.84841,1.84841,3.85189,0.564111,0.564111,0,All,#4682B4,0
17,15,3.74766,-0.0635233,-0.0635233,2.39288,0.800072,0.800072,2.66809,0.4926,0.4926,3.74766,-0.0930154,-0.0930154,0,All,#4682B4,0
17,15.5,3.64832,-0.00323765,-0.434837,2.31659,0.76353,0.408942,2.59822,0.448887,-0.367036,3.64832,-0.118089,-0.597539,1,All,#4682B4,0
18,1,0,2.96411,0.683833,0,3.3517,1.04769,0,3.3517,0.757472,0,2.43523,0.756684,1,All,#4682B4,0
18,1.5,0,1.29031,0.209743,0,3.3517,0.0434166,0,3.3517,0.623569,0,1.26025,0.617518,1,All,#4682B4,0
18,2,0.189146,0.211308,-0.774846,0,3.3517,0.111167,0,3.3517,1.05587,0.189146,0.312972,-0.611519,1,All,#4682B4,0
18,2.5,4.97854,-0.385848,-0.812828,0,3.3517,0.826443,0,3.3517,0.666637,4.97854,-0.417059,-0.588304,1,All,#4682B4,0
18,3,6.43303,-0.439944,-0.439944,5.83808,-1.4525,-1.4525,5.5989,-1.18527,-1.18527,6.43303,-0.590057,-0.590057,0,All,#4682B4,0
18,3.5,7.20021,0.232442,0.232442,7.18805,0.0792721,0.0792721,7.05197,0.231303,0.231303,7.20021,0.0492398,0.0492398,0,All,#4682B4,0
18,4,7.66091,-0.0727511,-0.0727511,7.83668,-0.722493,-0.722493,7.73409,-0.607872,-0.607872,7.66091,-0.24753,-0.24753,0,All,#4682B4,0
18,4.5,7.91751,0.417298,0.417298,8.18367,0.0729853,0.0729853,8.10393,0.162078,0.162078,7.91751,0.382272,0.382272,0,All,#4682B4,0
18,5,7.99601,0.736482,0.736482,8.32764,0.455113,0.455113,8.27813,0.51043,0.51043,7.99601,0.772642,0.772642,0,All,#4682B4,0
18,5.5,7.91496,0.642851,0.642851,8.29744,0.167098,0.167098,8.29103,0.17425,0.17425,7.91496,0.685936,0.685936,0,All,#4682B4,0
18,6,7.70819,1.68574,1.68574,8.11549,1.59262,1.59262,8.16015,1.54273,1.54273,7.70819,1.94119,1.94119,0,All,#4682B4,0
18,6.5,7.42142,1.295,1.295,7.81252,1.06526,1.06526,7.90849,0.958043,0.958043,7.42142,1.39445,1.39445,0,All,#4682B4,0
18,7,7.09625,1.49171,1.49171,7.41901,1.4267,1.4267,7.56233,1.26657,1.26657,7.09625,1.54528,1.54528,0,All,#4682B4,0
18,7.5,6.76028,-0.175447,-0.175447,6.95797,-0.406639,-0.406639,7.14473,-0.615289,-0.615289,6.76028,-0.203052,-0.203052,0,All,#4682B4,0
18,8,6.43148,-0.204944,-0.204944,6.44238,-0.146784,-0.146784,6.67254,-0.403923,-0.403923,6.43148,-0.228666,-0.228666,0,All,#4682B4,0
18,8.5,6.12263,-0.76891,-0.76891,5.88105,-0.636875,-0.636875,6.15846,-0.946807,-0.946807,6.12263,-0.74912,-0.74912,0,All,#4682B4,0
18,9,5.84436,0.0978569,0.0978569,5.28287,0.84924,0.84924,5.61453,0.478698,0.478698,5.84436,0.00538219,0.00538219,0,All,#4682B4,0
18,9.5,5.60406,-0.46948,-0.46948,4.66798,0.35642,0.35642,5.05514,-0.0761247,-0.0761247,5.60406,-0.575352,-0.575352,0,All,#4682B4,0
18,10,5.37388,-0.424037,-0.424037,4.07273,0.696337,0.696337,4.50027,0.218672,0.218672,5.37388,-0.49582,-0.49582,0,All,#4682B4,0
18,10.5,5.14024,-0.447791,-0.447791,3.55209,1.1473,1.1473,3.97535,0.67442,0.67442,5.14024,-0.466608,-0.466608,0,All,#4682B4,0
18,11,4.91488,-0.774205,-0.774205,3.15147,0.667583,0.667583,3.50436,0.273323,0.273323,4.91488,-0.78204,-0.78204,0,All,#4682B4,0
18,11.5,4.7063,-0.298429,-0.298429,2.87156,1.55345,1.55345,3.13457,1.25961,1.25961,4.7063,-0.339636,-0.339636,0,All,#4682B4,0
18,12,4.51848,-0.826337,-0.826337,2.69151,0.686525,0.686525,2.87373,0.482945,0.482945,4.51848,-0.903795,-0.903795,0,All,#4682B4,0
18,12.5,4.35198,-0.812442,-0.834762,2.58457,0.464129,-0.731853,2.70458,0.33005,-0.197167,4.35198,-0.820686,-0.841399,1,All,#4682B4,0
18,13,4.20908,-0.672494,-1.11113,2.52729,0.528127,-0.919124,2.60373,0.442722,-0.334297,4.20908,-0.713896,-1.11289,1,All,#4682B4,0
18,13.5,4.07652,-0.519121,-0.638831,2.50097,0.557538,-0.485611,2.54931,0.503522,-1.05413,4.07652,-0.551269,-0.657897,1,All,#4682B4,0
18,14,3.95997,-0.396367,-1.25748,2.49297,0.566472,-1.04333,2.52442,0.53133,0.0682537,3.95997,-0.43654,-1.20843,1,All,#4682B4,0
18,14.5,3.85189,-0.248445,-0.393334,2.49436,0.564913,-0.67077,2.5172,0.539401,0.506456,3.85189,-0.375734,-0.514052,1,All,#4682B4,0
18,15,3.74766,-0.143818,-0.507143,2.50257,0.555743,0.0632496,2.5198,0.5365,-2.31675,3.74766,-0.21765,-0.562889,1,All,#4682B4,0
