ID,time,prediction_pwRes,pwRes,pwRes_simBlq,prediction_iwRes_mean,iwRes_mean,iwRes_mean_simBlq,prediction_iwRes_mode,iwRes_mode,iwRes_mode_simBlq,prediction_npde,npde,npde_simBlq,censored,split,color,filter
7,1,0,5.91281e+15,0,0,5.71957e+15,1.2505,0,5.71957e+15,0,0,2.86548,-0.0513009,1,All,#4682B4,0
7,1.5,0,3.44253,-0.176433,0,5.71957e+15,0,0,5.71957e+15,1.77857,0,2.047,0.373498,1,All,#4682B4,0
7,2,0,1.09001,-0.392352,0,5.71957e+15,0,0,5.71957e+15,0,0,1.23681,0.447895,1,All,#4682B4,0
7,2.5,0.638645,0.354424,-0.139165,0,5.71957e+15,0,0,5.71957e+15,0,0.638645,0.528408,0.249802,1,All,#4682B4,0
7,3,1.537,-0.139443,-0.283333,0,5.71957e+15,0,0,5.71957e+15,0,1.537,0.0321612,-0.0983582,1,All,#4682B4,0
7,3.5,2.01084,-0.426663,-0.996259,0,5.71957e+15,0,0,5.71957e+15,0,2.01084,-0.313256,-0.81722,1,All,#4682B4,0
7,4,2.29539,-0.604969,-1.02151,0,5.71957e+15,0,0,5.71957e+15,0,2.29539,-0.527175,-0.937628,1,All,#4682B4,0
7,4.5,2.45388,-0.726769,-1.078,0.690491,2.1403,0.567717,0.555426,3.28089,0.0295395,2.45388,-0.729064,-1.06045,1,All,#4682B4,0
7,5,2.50237,-0.817224,-0.83949,1.48948,-0.375773,-0.383055,1.34484,-0.141922,-1.01104,2.50237,-0.792066,-0.826159,1,All,#4682B4,0
7,5.5,2.45231,0.330072,0.330072,2.19889,0.650747,0.650747,2.04618,0.889648,0.889648,2.45231,0.38828,0.38828,0,All,#4682B4,0
7,6,2.32459,1.14024,1.14024,2.77877,0.817914,0.817914,2.6282,1.01087,1.01087,2.32459,1.15708,1.15708,0,All,#4682B4,0
7,6.5,2.14747,0.586915,0.586915,3.11042,-0.188918,-0.188918,2.98656,-0.0909931,-0.0909931,2.14747,0.646359,0.646359,0,All,#4682B4,0
7,7,1.94664,0.0732537,0.0732537,3.14215,-0.780886,-0.780886,3.05398,-0.729805,-0.729805,1.94664,0.184303,0.184303,0,All,#4682B4,0
7,7.5,1.73913,1.67933,1.67933,3.00255,0.56689,0.56689,2.93833,0.635023,0.635023,1.73913,1.53929,1.53929,0,All,#4682B4,0
7,8,1.53604,0.321375,0.321375,2.80162,-0.620446,-0.620446,2.75216,-0.585764,-0.585764,1.53604,0.476939,0.476939,0,All,#4682B4,0
7,8.5,1.34529,0.332912,0.332912,2.58541,-0.695799,-0.695799,2.54532,-0.666592,-0.666592,1.34529,0.47239,0.47239,0,All,#4682B4,0
7,9,1.17341,-0.0982484,-0.781495,2.37394,-1.1859,-2.02659,2.33986,-1.16603,-1.39485,1.17341,0.0412826,-0.719414,1,All,#4682B4,0
7,9.5,1.025,2.25959,2.25959,2.17782,1.20866,1.20866,2.14121,1.27293,1.27293,1.025,1.92274,1.92274,0,All,#4682B4,0
7,10,0.882827,1.31583,1.31583,1.99646,0.183356,0.183356,1.89641,0.327561,0.327561,0.882827,1.35392,1.35392,0,All,#4682B4,0
7,10.5,0.738521,0.874579,0.874579,1.75902,-0.129059,-0.129059,1.59789,0.115078,0.115078,0.738521,0.913513,0.913513,0,All,#4682B4,0
7,11,0.599329,0.596788,-0.566792,1.45396,-0.322654,-0.708435,1.25182,0.0370438,-1.01251,0.599329,0.717421,-0.440367,1,All,#4682B4,0
7,11.5,0.4705,0.78138,-0.367329,1.08692,0.429542,-0.627368,0.867288,1.18414,1.1479,0.4705,0.91615,-0.199432,1,All,#4682B4,0
7,12,0.354491,0.836356,-0.170049,0.66604,2.31249,0.0700133,0.447571,4.68606,1.73635,0.354491,0.98801,0.0785657,1,All,#4682B4,0
7,12.5,0.251657,1.18756,-0.520433,0.197179,13.8752,2.03373,1.66311e-08,1.9474e+08,-1.00619,0.251657,1.29187,-0.262729,1,All,#4682B4,0
7,13,0.163394,1.51761,-0.481023,0,5.71957e+15,0,0,5.71957e+15,0,0.163394,1.29895,-0.146374,1,All,#4682B4,0
7,13.5,0.0815225,1.62635,-0.546503,0,5.71957e+15,0,0,5.71957e+15,1.6389,0.0815225,1.45163,-0.118025,1,All,#4682B4,0
7,14,0.00953608,1.90399,-0.586511,0,5.71957e+15,0,0,5.71957e+15,0,0.00953608,1.50707,-0.0518509,1,All,#4682B4,0
7,14.5,0,2.08612,-0.502043,0,5.71957e+15,1.30736,0,5.71957e+15,0,0,1.69668,-0.547657,1,All,#4682B4,0
7,15,0,2.33091,-0.523928,0,5.71957e+15,0,0,5.71957e+15,1.35312,0,1.69501,0.123754,1,All,#4682B4,0
7,15.5,0,2.49285,-0.472631,0,5.71957e+15,1.66647,0,5.71957e+15,0,0,1.89565,0.300757,1,All,#4682B4,0
7,16,0,2.58067,-0.446003,0,5.71957e+15,0,0,5.71957e+15,1.33023,0,1.77205,-0.0706489,1,All,#4682B4,0
8,1,0,12.9792,-0.0447214,0,5.71957e+15,0,0,5.71957e+15,0,0,2.64291,1.46609,1,All,#4682B4,0
8,1.5,0,4.24287,-0.172059,0,5.71957e+15,1.77857,0,5.71957e+15,0,0,2.26706,0.894942,1,All,#4682B4,0
8,2,0,0.900191,-0.429524,0,5.71957e+15,0,0,5.71957e+15,0,0,1.12845,-0.0321415,1,All,#4682B4,0
8,2.5,0.638645,0.367733,-0.364398,0.519968,3.67853,-0.388498,0.00288605,1119.65,-2.10201,0.638645,0.517816,0.151486,1,All,#4682B4,0
8,3,1.537,0.324512,0.324512,1.94927,-0.116789,-0.116789,1.71559,0.214669,0.214669,1.537,0.436942,0.436942,0,All,#4682B4,0
8,3.5,2.01084,-0.372614,-0.722259,2.46006,-1.23366,-1.32046,2.26931,-1.12299,-1.47459,2.01084,-0.263131,-0.592573,1,All,#4682B4,0
8,4,2.29539,1.00036,1.00036,2.73019,0.803119,0.803119,2.55678,1.03056,1.03056,2.29539,1.01305,1.01305,0,All,#4682B4,0
8,4.5,2.45388,-0.664121,-1.15117,2.88701,-1.42835,-1.61791,2.7296,-1.36366,-1.96443,2.45388,-0.584035,-1.15349,1,All,#4682B4,0
8,5,2.50237,1.12685,1.12685,2.96855,0.825945,0.825945,2.83266,0.987918,0.987918,2.50237,1.1484,1.1484,0,All,#4682B4,0
8,5.5,2.45231,-0.797026,-1.20464,2.98793,-1.46624,-1.80745,2.88102,-1.42602,-1.58486,2.45231,-0.809499,-1.29161,1,All,#4682B4,0
8,6,2.32459,1.25735,1.25735,2.9504,0.889937,0.889937,2.87789,0.976615,0.976615,2.32459,1.23662,1.23662,0,All,#4682B4,0
8,6.5,2.14747,-0.734617,-0.779727,2.85943,-1.41753,-1.41826,2.82547,-1.40392,-2.04387,2.14747,-0.737899,-0.782796,1,All,#4682B4,0
8,7,1.94664,1.72028,1.72028,2.72697,1.11569,1.11569,2.72975,1.11195,1.11195,1.94664,1.56014,1.56014,0,All,#4682B4,0
8,7.5,1.73913,0.958564,0.958564,2.5624,0.316084,0.316084,2.59917,0.275533,0.275533,1.73913,0.985518,0.985518,0,All,#4682B4,0
8,8,1.53604,1.61874,1.61874,2.37218,1.15869,1.15869,2.43931,1.05663,1.05663,1.53604,1.53943,1.53943,0,All,#4682B4,0
8,8.5,1.34529,0.649941,0.649941,2.16005,0.0353538,0.0353538,2.25554,-0.0740979,-0.0740979,1.34529,0.769759,0.769759,0,All,#4682B4,0
8,9,1.17341,0.337325,0.337325,1.92844,-0.235973,-0.235973,2.0515,-0.37479,-0.37479,1.17341,0.562877,0.562877,0,All,#4682B4,0
8,9.5,1.025,0.979032,0.979032,1.67952,0.775113,0.775113,1.8294,0.502681,0.502681,1.025,1.06416,1.06416,0,All,#4682B4,0
8,10,0.882827,0.218548,0.027315,1.4168,-0.264228,-1.08452,1.59228,-0.516163,-0.85609,0.882827,0.430034,0.212897,1,All,#4682B4,0
8,10.5,0.738521,0.352683,0.000947834,1.14747,0.272313,-0.40466,1.34435,-0.141039,-0.573845,0.738521,0.541761,0.202409,1,All,#4682B4,0
8,11,0.599329,0.50486,-0.00496047,0.884371,1.112,-1.01251,1.09348,0.411683,-1.06794,0.599329,0.685732,0.195794,1,All,#4682B4,0
8,11.5,0.4705,0.718449,-0.253708,0.645886,2.46422,-1.73635,0.852444,1.24917,1.09825,0.4705,0.91605,-0.0681428,1,All,#4682B4,0
8,12,0.354491,0.842339,-0.0635485,0.44942,4.65628,-1.00619,0.634971,2.55042,0.124642,0.354491,0.967059,0.160317,1,All,#4682B4,0
8,12.5,0.251657,1.03923,-0.406787,0.302513,8.15591,0.5847,0.452449,4.60804,-1.15396,0.251657,1.08082,-0.158781,1,All,#4682B4,0
8,13,0.163394,1.36795,-0.560533,0.201469,13.5254,-0.330725,0.310173,7.8915,0.0882715,0.163394,1.29123,-0.298293,1,All,#4682B4,0
8,13.5,0.0815225,1.7163,-0.571645,0.136951,21.0987,-1.09782,0.207961,13.0236,-0.335115,0.0815225,1.43982,-0.179571,1,All,#4682B4,0
8,14,0.00953608,2.06954,-0.624465,0.0985262,30.3216,1.17877,0.137306,21.0375,-0.275166,0.00953608,1.64827,-0.0834582,1,All,#4682B4,0
8,14.5,0,2.25103,-0.596173,0.0779203,39.0145,-0.144101,0.0907773,33.1276,0.534046,0,1.71834,-0.556417,1,All,#4682B4,0
8,15,0,2.38477,-0.534194,0.0680964,45.0108,0.548462,0.0614743,50.1341,0.188563,0,1.77149,-0.368747,1,All,#4682B4,0
8,15.5,0,2.13853,-0.490478,0.0631368,48.7469,0.927869,0.0437108,71.5444,0.744588,0,1.74352,0.135519,1,All,#4682B4,0
8,16,0,2.0873,-0.464324,0.0619569,49.7238,1.60095,0.0333534,94.5535,0.163165,0,1.64484,0.14139,1,All,#4682B4,0
8,16.5,0,2.16578,-0.449488,0.063361,48.5654,-0.0912668,0.0275558,114.984,-1.77713,0,1.69872,-0.137292,1,All,#4682B4,0
8,17,0,2.50186,-0.460494,0.0645746,47.6047,0.840272,0.0242044,131.257,0.027945,0,1.79878,0.229321,1,All,#4682B4,0
8,17.5,0,2.37543,-0.442807,0.0660613,46.476,1.31432,0.0225557,141.038,-1.32848,0,1.66628,-0.271495,1,All,#4682B4,0
8,18,0,2.59645,-0.437862,0.0661315,46.424,-0.468603,0.0200578,158.92,-1.57923,0,1.76846,0.0504771,1,All,#4682B4,0
8,18.5,0,2.7895,-0.42589,0.0657247,46.7271,-0.0648238,0.0177705,179.703,0.700343,0,1.98828,-0.226469,1,All,#4682B4,0
8,19,0,2.87873,-0.423283,0.063907,48.1287,0.307103,0.015855,201.721,0.512844,0,1.84943,0.0528284,1,All,#4682B4,0
8,19.5,0,2.29412,-0.372137,0.0625115,49.26,0.432994,0.0129465,247.613,-0.591188,0,1.79194,-0.275638,1,All,#4682B4,0
9,1,0,14.9357,-0.0591536,0,5.71957e+15,0,0,5.71957e+15,0,0,2.59215,1.1456,1,All,#4682B4,0
9,1.5,0,3.42263,-0.192841,0,5.71957e+15,0,0,5.71957e+15,1.68833,0,1.98684,0.149195,1,All,#4682B4,0
9,2,0,1.21056,-0.486169,0.628228,2.60516,0.858659,0.483997,4.14145,0.683038,0,1.15637,-0.0559402,1,All,#4682B4,0
9,2.5,0.638645,0.318707,-0.463826,1.64095,-0.576488,-0.886104,1.60612,-0.533689,-0.551614,0.638645,0.555601,0.0738491,1,All,#4682B4,0
9,3,1.537,0.82131,0.82131,2.02508,0.837334,0.837334,2.00777,0.866548,0.866548,1.537,0.837101,0.837101,0,All,#4682B4,0
9,3.5,2.01084,0.731824,0.731824,2.22329,0.902378,0.902378,2.21109,0.921433,0.921433,2.01084,0.812179,0.812179,0,All,#4682B4,0
9,4,2.29539,0.586142,0.586142,2.32183,0.832739,0.832739,2.31148,0.847891,0.847891,2.29539,0.631475,0.631475,0,All,#4682B4,0
9,4.5,2.45388,0.327889,0.327889,2.34363,0.529231,0.529231,2.33437,0.541452,0.541452,2.45388,0.374173,0.374173,0,All,#4682B4,0
9,5,2.50237,0.260187,0.260187,2.30152,0.5745,0.5745,2.29326,0.58575,0.58575,2.50237,0.333953,0.333953,0,All,#4682B4,0
9,5.5,2.45231,-0.874061,-0.917556,2.21136,-1.0856,-1.44408,2.20417,-1.08082,-1.08198,2.45231,-0.886054,-0.937569,1,All,#4682B4,0
9,6,2.32459,-0.863539,-0.883101,2.09015,-1.00066,-1.73989,2.08538,-0.997118,-2.1555,2.32459,-0.853989,-0.8638,1,All,#4682B4,0
9,6.5,2.14747,-0.289363,-0.289363,1.95211,-0.277097,-0.277097,1.95072,-0.275476,-0.275476,2.14747,-0.186939,-0.186939,0,All,#4682B4,0
9,7,1.94664,-0.615557,-0.952846,1.80596,-0.756822,-0.980649,1.80873,-0.759576,-1.07716,1.94664,-0.619386,-0.96988,1,All,#4682B4,0
9,7.5,1.73913,-0.274953,-0.274953,1.65667,-0.11802,-0.11802,1.66414,-0.128939,-0.128939,1.73913,-0.234227,-0.234227,0,All,#4682B4,0
9,8,1.53604,-0.380053,-0.403239,1.50726,-0.401421,-1.49866,1.51965,-0.418944,-1.02434,1.53604,-0.334659,-0.359523,1,All,#4682B4,0
9,8.5,1.34529,-0.154521,-0.159059,1.35644,-0.162519,-0.56565,1.37724,-0.198575,-0.536768,1.34529,-0.0909036,-0.0940109,1,All,#4682B4,0
9,9,1.17341,-0.0744931,-0.0924983,1.19088,0.169431,-0.462695,1.234,0.0743901,-1.16483,1.17341,0.0950203,0.0858983,1,All,#4682B4,0
9,9.5,1.025,0.0696847,-0.388492,1.00917,0.659124,-1.06794,1.07882,0.451913,0.363137,1.025,0.283645,-0.234112,1,All,#4682B4,0
9,10,0.882827,0.277633,-0.0271499,0.815904,1.41932,1.23263,0.913995,0.993309,-1.20998,0.882827,0.351449,0.103377,1,All,#4682B4,0
9,10.5,0.738521,0.483311,-0.196483,0.623253,2.64631,0.124642,0.746394,1.78899,0.687696,0.738521,0.586413,-0.00574155,1,All,#4682B4,0
9,11,0.599329,0.62009,0.361055,0.447359,4.68949,-1.15396,0.587006,2.96719,0.202277,0.599329,0.765547,0.520188,1,All,#4682B4,0
9,11.5,0.4705,0.894669,-0.303708,0.302562,8.15419,0.0882715,0.447896,4.6808,-1.61843,0.4705,0.928381,-0.102543,1,All,#4682B4,0
9,12,0.354491,1.01522,-0.644709,0.193551,14.183,-0.335115,0.337264,7.05278,0.387493,0.354491,0.94764,-0.343872,1,All,#4682B4,0
9,12.5,0.251657,1.32998,-0.437182,0.11467,25.6937,-0.275166,0.255733,10.1144,-0.116198,0.251657,1.25533,-0.146556,1,All,#4682B4,0
9,13,0.163394,1.63739,-0.313066,0.0605506,50.9379,0.534046,0.198329,13.7799,1.14852,0.163394,1.37991,0.031407,1,All,#4682B4,0
9,13.5,0.0815225,2.00885,-0.504653,0.0203005,156.99,0.188563,0.158236,17.9176,-1.70583,0.0815225,1.62547,-0.0209832,1,All,#4682B4,0
9,14,0.00953608,2.17825,-0.626427,0,5.71957e+15,0,0.129356,22.4871,-0.392086,0.00953608,1.5836,-0.0013424,1,All,#4682B4,0
9,14.5,0,2.47779,-0.544519,0,5.71957e+15,0,0.106167,27.9559,1.22528,0,1.67299,-0.360668,1,All,#4682B4,0
9,15,0,2.6329,-0.477168,0,5.71957e+15,1.46479,0.0870492,34.6556,1.7471,0,1.75237,0.184138,1,All,#4682B4,0
9,15.5,0,2.6564,-0.465408,0,5.71957e+15,0,0.0694842,44.0609,0.700282,0,1.77746,-0.0282747,1,All,#4682B4,0
9,16,0,2.85061,-0.455053,0,5.71957e+15,0,0.0531454,58.3908,0.132253,0,1.87438,0.189719,1,All,#4682B4,0
9,16.5,0,2.99259,-0.422055,0,5.71957e+15,0,0.0361565,87.0252,0.728651,0,1.79746,-0.437134,1,All,#4682B4,0
9,17,0,2.93156,-0.406784,0,5.71957e+15,1.54087,0.0185968,171.605,0.364481,0,1.95852,0.100619,1,All,#4682B4,0
9,17.5,0,3.61217,-0.431779,0,5.71957e+15,0,0.000143958,22495.1,-0.804831,0,2.08315,0.0828062,1,All,#4682B4,0
10,1,0,10.4536,-0.0464977,0,5.71957e+15,0,0,5.71957e+15,0,0,2.67449,0.168496,1,All,#4682B4,0
10,1.5,0,3.40576,-0.164544,0.563459,3.19777,-0.981373,0.278476,9.08003,1.69178,0,2.04344,1.30867,1,All,#4682B4,0
10,2,0,3.42659,3.42659,2.20031,0.706639,0.706639,2.15906,0.768864,0.768864,0,1.9385,1.9385,0,All,#4682B4,0
10,2.5,0.638645,2.64376,2.64376,2.683,1.10923,1.10923,2.66751,1.13048,1.13048,0.638645,1.8745,1.8745,0,All,#4682B4,0
10,3,1.537,2.25153,2.25153,2.86738,1.42534,1.42534,2.86639,1.42671,1.42671,1.537,1.93809,1.93809,0,All,#4682B4,0
10,3.5,2.01084,1.6781,1.6781,2.86026,1.26583,1.26583,2.8698,1.25314,1.25314,2.01084,1.5309,1.5309,0,All,#4682B4,0
10,4,2.29539,0.597522,0.597522,2.75818,0.149621,0.149621,2.77171,0.136439,0.136439,2.29539,0.6216,0.6216,0,All,#4682B4,0
10,4.5,2.45388,-0.414709,-0.414709,2.62754,-0.94876,-0.94876,2.64288,-0.958055,-0.958055,2.45388,-0.317242,-0.317242,0,All,#4682B4,0
10,5,2.50237,-0.228959,-0.228959,2.49018,-0.512235,-0.512235,2.50658,-0.525564,-0.525564,2.50237,-0.12613,-0.12613,0,All,#4682B4,0
10,5.5,2.45231,-0.783061,-0.883402,2.35177,-1.17304,-1.21228,2.36891,-1.183,-1.5757,2.45231,-0.798605,-0.908494,1,All,#4682B4,0
10,6,2.32459,-0.28592,-0.28592,2.21392,-0.453752,-0.453752,2.2317,-0.470457,-0.470457,2.32459,-0.185123,-0.185123,0,All,#4682B4,0
10,6.5,2.14747,0.755387,0.755387,2.07752,1.14463,1.14463,2.09592,1.11219,1.11219,2.14747,0.873718,0.873718,0,All,#4682B4,0
10,7,1.94664,1.20031,1.20031,1.94351,1.84554,1.84554,1.9625,1.80299,1.80299,1.94664,1.16882,1.16882,0,All,#4682B4,0
10,7.5,1.73913,-0.0366181,-0.0366181,1.81319,0.00957587,0.00957587,1.83276,-0.0177528,-0.0177528,1.73913,0.0714209,0.0714209,0,All,#4682B4,0
10,8,1.53604,0.234581,0.234581,1.6884,0.395123,0.395123,1.70849,0.360491,0.360491,1.53604,0.362825,0.362825,0,All,#4682B4,0
10,8.5,1.34529,-0.267666,-0.463057,1.57154,-0.489314,-1.25392,1.5921,-0.515937,-2.34153,1.34529,-0.117479,-0.373531,1,All,#4682B4,0
10,9,1.17341,-0.103507,-0.414388,1.46546,-0.340131,-0.359821,1.48681,-0.37188,-0.545213,1.17341,0.0851768,-0.274996,1,All,#4682B4,0
10,9.5,1.025,0.0681808,-0.47463,1.37347,-0.192126,-1.92991,1.39443,-0.227567,-0.595393,1.025,0.229938,-0.381254,1,All,#4682B4,0
10,10,0.882827,0.90759,0.90759,1.29803,0.986206,0.986206,1.31815,0.932207,0.932207,0.882827,0.897218,0.897218,0,All,#4682B4,0
10,10.5,0.738521,0.474076,-0.00273507,1.24031,0.0610471,-0.458156,1.26129,0.0176151,-0.977456,0.738521,0.582647,0.143987,1,All,#4682B4,0
10,11,0.599329,1.10214,1.10214,1.20186,0.929673,0.929673,1.22288,0.869846,0.869846,0.599329,1.14934,1.14934,0,All,#4682B4,0
10,11.5,0.4705,0.852563,-0.346078,1.16228,0.236346,-0.73875,1.18561,0.181518,-1.13508,0.4705,0.850494,-0.115248,1,All,#4682B4,0
10,12,0.354491,0.960305,-0.453913,1.08887,0.424215,-0.371702,1.11261,0.360746,0.246495,0.354491,1.04554,-0.228551,1,All,#4682B4,0
10,12.5,0.251657,1.07929,-0.563077,0.982257,0.747051,-1.16483,1.01255,0.648392,-0.83506,0.251657,1.18933,-0.338553,1,All,#4682B4,0
10,13,0.163394,1.47653,-0.482296,0.847294,1.27226,0.923411,0.890032,1.08871,0.662051,0.163394,1.37007,-0.158598,1,All,#4682B4,0
10,13.5,0.0815225,1.85323,-0.543266,0.704464,2.04726,-0.254977,0.75515,1.73868,0.253024,0.0815225,1.53295,-0.130952,1,All,#4682B4,0
10,14,0.00953608,2.60662,-0.664098,0.560851,3.22449,1.79482,0.621236,2.66318,-0.904514,0.00953608,1.81109,-0.075925,1,All,#4682B4,0
10,14.5,0,2.45756,-0.551801,0.422018,5.12422,0.510461,0.490013,4.0593,-0.19311,0,1.85779,-0.455324,1,All,#4682B4,0
10,15,0,2.77834,-0.518551,0.288626,8.67104,1.9986,0.362902,6.37435,-0.0469561,0,1.80179,-0.463718,1,All,#4682B4,0
10,15.5,0,3.02751,-0.491898,0.158758,17.8503,-1.22616,0.240197,10.9335,0.673044,0,1.86241,0.0708138,1,All,#4682B4,0
10,16,0,3.31188,-0.450372,0.0316748,99.6993,0.679056,0.119702,24.5065,-0.0675249,0,1.98664,-0.240913,1,All,#4682B4,0
10,16.5,0,3.23588,-0.425842,0,5.71957e+15,2.12646,0.000444155,7289.34,0.684502,0,1.93638,0.336762,1,All,#4682B4,0
11,1,0,8.10541,-0.061832,0,5.71957e+15,0,0,5.71957e+15,2.08212,0,2.46876,0.424142,1,All,#4682B4,0
11,1.5,0,3.22588,-0.191479,0,5.71957e+15,1.53315,0,5.71957e+15,1.26979,0,1.98672,0.433096,1,All,#4682B4,0
11,2,0,2.18069,2.18069,1.49634,1.3015,1.3015,1.33162,1.77793,1.77793,0,1.64464,1.64464,0,All,#4682B4,0
11,2.5,0.638645,0.262208,-0.416207,2.39476,-1.19776,-1.42768,2.22633,-1.09544,-2.05155,0.638645,0.492902,0.051836,1,All,#4682B4,0
11,3,1.537,0.827632,0.827632,2.74039,-0.0748124,-0.0748124,2.57423,0.0849658,0.0849658,1.537,0.805066,0.805066,0,All,#4682B4,0
11,3.5,2.01084,0.95403,0.95403,2.92176,0.38251,0.38251,2.76116,0.553088,0.553088,2.01084,0.970864,0.970864,0,All,#4682B4,0
11,4,2.29539,0.360046,0.360046,3.01457,-0.198432,-0.198432,2.86647,-0.0769269,-0.0769269,2.29539,0.432198,0.432198,0,All,#4682B4,0
11,4.5,2.45388,0.742057,0.742057,3.0392,0.353091,0.353091,2.91515,0.476639,0.476639,2.45388,0.731375,0.731375,0,All,#4682B4,0
11,5,2.50237,0.570769,0.570769,3.00918,0.195613,0.195613,2.9176,0.281805,0.281805,2.50237,0.614047,0.614047,0,All,#4682B4,0
11,5.5,2.45231,-0.104725,-0.104725,2.94166,-0.616954,-0.616954,2.88223,-0.577091,-0.577091,2.45231,-0.00337826,-0.00337826,0,All,#4682B4,0
11,6,2.32459,0.844616,0.844616,2.84212,0.42879,0.42879,2.81071,0.462089,0.462089,2.32459,0.836178,0.836178,0,All,#4682B4,0
11,6.5,2.14747,1.49608,1.49608,2.71394,1.18027,1.18027,2.70578,1.19152,1.19152,2.14747,1.50877,1.50877,0,All,#4682B4,0
11,7,1.94664,1.26437,1.26437,2.55836,0.838947,0.838947,2.57153,0.821588,0.821588,1.94664,1.24262,1.24262,0,All,#4682B4,0
11,7.5,1.73913,2.2083,2.2083,2.3737,1.99431,1.99431,2.40933,1.92712,1.92712,1.73913,1.88571,1.88571,0,All,#4682B4,0
11,8,1.53604,0.532609,0.532609,2.15652,0.0395948,0.0395948,2.21781,-0.031975,-0.031975,1.53604,0.577309,0.577309,0,All,#4682B4,0
11,8.5,1.34529,-0.239871,-0.466105,1.9028,-0.848097,-1.52018,1.99405,-0.925988,-1.93663,1.34529,-0.150027,-0.393509,1,All,#4682B4,0
11,9,1.17341,-0.0569794,-0.485912,1.61015,-0.538737,-1.24138,1.7354,-0.683912,-1.53899,1.17341,0.104142,-0.41396,1,All,#4682B4,0
11,9.5,1.025,0.0374233,-0.0420196,1.28269,-0.0252239,-0.0693578,1.44087,-0.302422,-0.727391,1.025,0.221271,0.130606,1,All,#4682B4,0
11,10,0.882827,0.31425,-0.343309,0.956762,0.834913,0.246744,1.11999,0.341579,-1.067,0.882827,0.49639,-0.195819,1,All,#4682B4,0
11,10.5,0.738521,0.507801,-0.347049,0.688012,2.15719,-1.51124,0.806434,1.46593,1.32266,0.738521,0.70584,-0.25961,1,All,#4682B4,0
11,11,0.599329,0.703718,-0.824841,0.502876,3.89023,-1.3721,0.550967,3.32809,-1.13078,0.599329,0.755256,-0.737679,1,All,#4682B4,0
11,11.5,0.4705,0.824528,-0.300738,0.385532,5.85051,-1.44214,0.375835,6.06724,0.873036,0.4705,0.890156,-0.0485946,1,All,#4682B4,0
11,12,0.354491,1.06622,-0.345556,0.311074,7.86127,2.86285,0.263168,9.75653,-0.108736,0.354491,1.14155,-0.0860069,1,All,#4682B4,0
11,12.5,0.251657,1.37983,-0.562013,0.261748,9.82329,-0.0813431,0.191268,14.3828,-0.67937,0.251657,1.26441,-0.283228,1,All,#4682B4,0
11,13,0.163394,1.54146,-0.592679,0.22512,11.8365,0.0590821,0.143224,20.0629,-1.05141,0.163394,1.42824,-0.300995,1,All,#4682B4,0
11,13.5,0.0815225,1.85896,-0.564979,0.194459,14.1049,2.30923,0.108565,27.2822,0.221883,0.0815225,1.53346,-0.16295,1,All,#4682B4,0
11,14,0.00953608,2.08086,-0.545419,0.167277,16.8113,-0.465195,0.0789288,38.4834,0.826299,0.00953608,1.75545,-0.0425231,1,All,#4682B4,0
11,14.5,0,2.18647,-0.527173,0.141006,20.4186,-1.08549,0.0533316,58.178,0.195331,0,1.80323,-0.0216685,1,All,#4682B4,0
11,15,0,2.49673,-0.513547,0.114602,25.7104,0.2322,0.0280314,112.989,-0.135584,0,1.77864,-0.48352,1,All,#4682B4,0
11,15.5,0,2.64156,-0.468122,0.0877935,34.3402,0.619949,0.00309816,1042.82,0.952319,0,1.84056,-0.147636,1,All,#4682B4,0
12,1,0,10.8613,-0.0675291,0,5.71957e+15,2.08212,0,5.71957e+15,1.78027,0,2.49902,0.0529463,1,All,#4682B4,0
12,1.5,0,2.69239,-0.212692,0,5.71957e+15,1.26979,0,5.71957e+15,0,0,1.86555,1.14516,1,All,#4682B4,0
12,2,0,0.98135,-0.476212,0,5.71957e+15,1.39822,0,5.71957e+15,0,0,1.04886,0.436672,1,All,#4682B4,0
12,2.5,0.638645,0.367333,-0.0580584,0,5.71957e+15,0,0,5.71957e+15,1.02729,0.638645,0.570289,0.324581,1,All,#4682B4,0
12,3,1.537,-0.0585969,-0.724065,0,5.71957e+15,1.24309,0,5.71957e+15,0,1.537,0.0840753,-0.366698,1,All,#4682B4,0
12,3.5,2.01084,-0.379002,-0.539232,0,5.71957e+15,0,0,5.71957e+15,0,2.01084,-0.244513,-0.387128,1,All,#4682B4,0
12,4,2.29539,-0.615655,-0.876024,0,5.71957e+15,0,0,5.71957e+15,0,2.29539,-0.552177,-0.797265,1,All,#4682B4,0
12,4.5,2.45388,-0.765679,-0.900167,0.813882,1.42918,0.0856295,0.54477,3.39495,1.9129,2.45388,-0.781473,-0.940446,1,All,#4682B4,0
12,5,2.50237,-0.891149,-1.3538,1.60268,-0.529363,-0.960427,1.47912,-0.360542,-0.442738,2.50237,-0.855187,-1.46399,1,All,#4682B4,0
12,5.5,2.45231,1.03386,1.03386,1.90797,2.42195,2.42195,1.82355,2.65213,2.65213,2.45231,1.07411,1.07411,0,All,#4682B4,0
12,6,2.32459,-0.00689989,-0.00689989,2.04476,0.268444,0.268444,1.97909,0.361968,0.361968,2.32459,0.123215,0.123215,0,All,#4682B4,0
12,6.5,2.14747,-0.782362,-1.42716,2.0773,-0.99108,-1.34098,2.02864,-0.953677,-1.28323,2.14747,-0.741792,-1.52136,1,All,#4682B4,0
12,7,1.94664,-0.163955,-0.163955,2.0243,-0.219582,-0.219582,1.99574,-0.186232,-0.186232,1.94664,-0.0682092,-0.0682092,0,All,#4682B4,0
12,7.5,1.73913,-0.576941,-1.15,1.89559,-0.841619,-0.855287,1.89131,-0.837759,-1.49959,1.73913,-0.595532,-1.20984,1,All,#4682B4,0
12,8,1.53604,-0.505359,-1.50843,1.70599,-0.651732,-1.16512,1.72749,-0.675363,-1.29525,1.53604,-0.445801,-1.70191,1,All,#4682B4,0
12,8.5,1.34529,-0.321137,-0.608703,1.47232,-0.350433,-0.471575,1.51915,-0.41824,-0.88033,1.34529,-0.236401,-0.545995,1,All,#4682B4,0
12,9,1.17341,-0.156034,-0.283716,1.21437,0.116823,-1.08493,1.28379,-0.0273868,-0.839623,1.17341,0.00305962,-0.16328,1,All,#4682B4,0
12,9.5,1.025,0.0687016,-0.960486,0.955899,0.83797,-0.639615,1.04076,0.56172,-0.0242003,1.025,0.210399,-0.987755,1,All,#4682B4,0
12,10,0.882827,0.195527,-0.732722,0.724605,1.91947,0.217616,0.810547,1.44555,-2.12257,0.882827,0.389927,-0.699332,1,All,#4682B4,0
12,10.5,0.738521,0.32957,-0.79173,0.542619,3.41852,-1.24441,0.612103,2.74097,-0.80714,0.738521,0.464254,-0.726935,1,All,#4682B4,0
12,11,0.599329,0.634532,-0.311671,0.41421,5.26888,2.24618,0.454487,4.57595,0.322457,0.599329,0.786062,-0.202636,1,All,#4682B4,0
12,11.5,0.4705,0.681494,-0.996467,0.331083,7.23206,0.685655,0.338093,7.02924,1.14435,0.4705,0.814781,-0.918778,1,All,#4682B4,0
12,12,0.354491,0.921461,-0.138642,0.279838,9.02341,-0.144928,0.258169,9.99483,0.298291,0.354491,1.00779,0.0720727,1,All,#4682B4,0
12,12.5,0.251657,1.07574,-0.496826,0.24934,10.439,-0.585142,0.202032,13.4806,-0.0589248,0.251657,1.17251,-0.244009,1,All,#4682B4,0
12,13,0.163394,1.43027,-0.607434,0.231284,11.4531,0.137182,0.163804,17.2218,1.00238,0.163394,1.34325,-0.347622,1,All,#4682B4,0
12,13.5,0.0815225,1.5235,-0.494837,0.219541,12.2021,-0.302467,0.13652,21.1733,1.66303,0.0815225,1.42834,-0.0963949,1,All,#4682B4,0
12,14,0.00953608,1.9839,-0.656201,0.211121,12.7905,-1.06666,0.117403,25.0362,0.817001,0.00953608,1.63606,-0.134037,1,All,#4682B4,0
12,14.5,0,2.07337,-0.593706,0.204183,13.3117,0.933109,0.101226,29.4448,1.00747,0,1.59311,-0.569019,1,All,#4682B4,0
12,15,0,2.26975,-0.542068,0.197597,13.8404,1.23735,0.087783,34.3446,1.17419,0,1.73317,-0.315601,1,All,#4682B4,0
12,15.5,0,2.4425,-0.521752,0.190824,14.4222,-0.0640004,0.0749438,40.6653,0.619289,0,1.7683,-0.364524,1,All,#4682B4,0
12,16,0,2.78894,-0.508055,0.183536,15.0961,0.904128,0.0623153,49.4231,1.10973,0,1.82611,-0.515413,1,All,#4682B4,0
12,16.5,0,2.66138,-0.490222,0.175341,15.9209,2.00895,0.0492931,63.1534,1.29694,0,1.76037,-0.499174,1,All,#4682B4,0
12,17,0,3.11079,-0.468983,0.166378,16.9159,0.264237,0.0363645,86.5128,-0.849734,0,1.86474,-0.227242,1,All,#4682B4,0
12,17.5,0,2.65873,-0.427556,0.156701,18.1181,2.02902,0.0215899,147.461,0.0307803,0,1.86097,-0.264527,1,All,#4682B4,0
12,18,0,2.88662,-0.432692,0.146055,19.6246,0.125964,0.00740994,434.53,0.631228,0,1.83479,-0.0696362,1,All,#4682B4,0
13,1,0,5.57015e+15,0,0,5.71957e+15,1.78027,0,5.71957e+15,0,0,2.75451,-0.033263,1,All,#4682B4,0
13,1.5,0,4.17547,-0.205696,0,5.71957e+15,0,0,5.71957e+15,1.24912,0,2.16401,1.14406,1,All,#4682B4,0
13,2,0,1.1241,-0.446907,0,5.71957e+15,0,0,5.71957e+15,0,0,1.20075,0.0260288,1,All,#4682B4,0
13,2.5,0.638645,0.310666,-0.484067,0.466832,4.38751,0.21453,0.479537,4.20369,-0.659651,0.638645,0.529602,0.0569846,1,All,#4682B4,0
13,3,1.537,-0.0884331,-0.158393,1.05041,0.533115,-0.923328,1.06778,0.482975,-0.994485,1.537,0.096694,0.0342673,1,All,#4682B4,0
13,3.5,2.01084,-0.120367,-0.120367,1.42116,0.356804,0.356804,1.44286,0.313093,0.313093,2.01084,-0.0162971,-0.0162971,0,All,#4682B4,0
13,4,2.29539,0.0103279,0.0103279,1.62686,0.757347,0.757347,1.65582,0.699504,0.699504,2.29539,0.0982725,0.0982725,0,All,#4682B4,0
13,4.5,2.45388,-0.709539,-1.34578,1.66902,-0.609684,-1.04395,1.70998,-0.656167,-0.915999,2.45388,-0.601017,-1.34446,1,All,#4682B4,0
13,5,2.50237,-0.27724,-0.27724,1.56466,0.709547,0.709547,1.61732,0.603415,0.603415,2.50237,-0.184484,-0.184484,0,All,#4682B4,0
13,5.5,2.45231,-0.758766,-0.92405,1.36326,-0.174454,-0.264379,1.42662,-0.279964,-0.79732,2.45231,-0.825288,-0.976187,1,All,#4682B4,0
13,6,2.32459,-0.769351,-1.17677,1.14279,0.283875,-0.523437,1.20575,0.1359,-0.39311,2.32459,-0.730614,-1.26376,1,All,#4682B4,0
13,6.5,2.14747,-0.740449,-1.23677,0.937178,0.905652,-0.991407,0.998215,0.694341,-0.729338,2.14747,-0.740393,-1.38246,1,All,#4682B4,0
13,7,1.94664,-0.623738,-0.630799,0.766052,1.67764,-1.35957,0.822462,1.38767,-0.0246541,1.94664,-0.475423,-0.482542,1,All,#4682B4,0
13,7.5,1.73913,-0.50622,-0.974509,0.635784,2.54389,-2.3785,0.685408,2.17508,1.22131,1.73913,-0.430827,-1.04984,1,All,#4682B4,0
13,8,1.53604,-0.393632,-0.790173,0.545249,3.38973,1.73287,0.586469,2.97225,-0.84017,1.53604,-0.280179,-0.788044,1,All,#4682B4,0
13,8.5,1.34529,-0.218573,-0.785819,0.49061,4.05126,-1.08259,0.524112,3.62929,0.026235,1.34529,-0.0824972,-0.731169,1,All,#4682B4,0
13,9,1.17341,-0.0880901,-0.267556,0.466717,4.38921,-1.63619,0.493377,4.01423,-0.801306,1.17341,0.0905676,-0.077608,1,All,#4682B4,0
13,9.5,1.025,0.0708867,-0.184259,0.46805,4.36945,0.319991,0.488842,4.07514,-0.385019,1.025,0.249503,-0.00300372,1,All,#4682B4,0
13,10,0.882827,0.25783,0.138423,0.489401,4.06756,0.408023,0.505317,3.85912,0.237267,0.882827,0.371317,0.277268,1,All,#4682B4,0
13,10.5,0.738521,0.387484,0.0805413,0.526035,3.60669,1.50512,0.538181,3.46774,0.516185,0.738521,0.60169,0.277278,1,All,#4682B4,0
13,11,0.599329,0.557761,-0.488323,0.573567,3.09647,0.67463,0.583211,3.00309,-0.728455,0.599329,0.68404,-0.304931,1,All,#4682B4,0
13,11.5,0.4705,0.644931,-0.48395,0.628756,2.60083,0.82833,0.636569,2.53761,1.00341,0.4705,0.819401,-0.284144,1,All,#4682B4,0
13,12,0.354491,0.856221,-0.295609,0.684272,2.18293,1.05122,0.691406,2.13409,-0.664486,0.354491,0.996081,-0.0762044,1,All,#4682B4,0
13,12.5,0.251657,1.03908,-0.52445,0.650605,2.42785,-1.36103,0.670719,2.27856,-0.216697,0.251657,1.13001,-0.349886,1,All,#4682B4,0
13,13,0.163394,1.19922,-0.52074,0.502014,3.9013,-0.859849,0.534101,3.51372,0.12679,0.163394,1.38386,-0.287032,1,All,#4682B4,0
13,13.5,0.0815225,1.67765,-0.638639,0.259309,9.93969,0.436874,0.301041,8.20827,-2.06432,0.0815225,1.43098,-0.263867,1,All,#4682B4,0
13,14,0.00953608,1.94196,-0.603663,0,5.71957e+15,0,0.00414108,779.548,-0.113281,0.00953608,1.6662,-0.137225,1,All,#4682B4,0
13,14.5,0,2.13448,-0.588079,0,5.71957e+15,0,0,5.71957e+15,1.29719,0,1.60607,-0.104719,1,All,#4682B4,0
13,15,0,2.42803,-0.547619,0,5.71957e+15,0,0,5.71957e+15,1.54232,0,1.79428,-0.571715,1,All,#4682B4,0
13,15.5,0,2.70775,-0.478912,0,5.71957e+15,1.16875,0,5.71957e+15,0,0,1.94236,-0.173989,1,All,#4682B4,0
13,16,0,2.46104,-0.443828,0,5.71957e+15,0,0,5.71957e+15,0,0,1.73632,0.367225,1,All,#4682B4,0
13,16.5,0,2.79531,-0.427472,0,5.71957e+15,1.01579,0,5.71957e+15,0,0,1.82077,0.317452,1,All,#4682B4,0
13,17,0,2.98875,-0.435152,0,5.71957e+15,0,0,5.71957e+15,0,0,1.96412,-0.210095,1,All,#4682B4,0
13,17.5,0,2.89483,-0.429094,0,5.71957e+15,0,0,5.71957e+15,0,0,1.84317,0.00320345,1,All,#4682B4,0
13,18,0,3.12543,-0.407025,0,5.71957e+15,2.00137,0,5.71957e+15,0,0,1.93282,0.330916,1,All,#4682B4,0
13,18.5,0,2.9152,-0.400094,0,5.71957e+15,0,0,5.71957e+15,1.51633,0,1.83622,-0.140592,1,All,#4682B4,0
14,1,0,5.56773e+15,2.01123,0,5.71957e+15,0,0,5.71957e+15,0,0,2.79185,2.06148,1,All,#4682B4,0
14,1.5,0,5.07,-0.181274,0,5.71957e+15,1.24912,0,5.71957e+15,1.69156,0,2.1119,1.04636,1,All,#4682B4,0
14,2,0,1.10635,-0.430976,1.2143,0.116983,-0.201054,0.990442,0.719806,0.468099,0,1.17168,0.416533,1,All,#4682B4,0
14,2.5,0.638645,2.08144,2.08144,2.66382,0.522881,0.522881,2.50165,0.722093,0.722093,0.638645,1.63605,1.63605,0,All,#4682B4,0
14,3,1.537,1.77119,1.77119,3.35866,0.403436,0.403436,3.22986,0.521224,0.521224,1.537,1.53115,1.53115,0,All,#4682B4,0
14,3.5,2.01084,2.2588,2.2588,3.6702,0.847561,0.847561,3.59178,0.92174,0.92174,2.01084,2.00804,2.00804,0,All,#4682B4,0
14,4,2.29539,1.53652,1.53652,3.64857,0.483276,0.483276,3.64555,0.485789,0.485789,2.29539,1.54474,1.54474,0,All,#4682B4,0
14,4.5,2.45388,1.16802,1.16802,3.42356,0.526224,0.526224,3.47108,0.484105,0.484105,2.45388,1.20354,1.20354,0,All,#4682B4,0
14,5,2.50237,0.382869,0.382869,3.11774,-0.137202,-0.137202,3.18924,-0.191301,-0.191301,2.50237,0.451145,0.451145,0,All,#4682B4,0
14,5.5,2.45231,0.672857,0.672857,2.78514,0.352389,0.352389,2.86831,0.268232,0.268232,2.45231,0.67308,0.67308,0,All,#4682B4,0
14,6,2.32459,1.20668,1.20668,2.44721,1.27424,1.27424,2.53634,1.13985,1.13985,2.32459,1.12377,1.12377,0,All,#4682B4,0
14,6.5,2.14747,-0.766692,-0.980272,2.11567,-1.01935,-1.45433,2.20617,-1.08215,-1.17399,2.14747,-0.723285,-1.03584,1,All,#4682B4,0
14,7,1.94664,0.245926,0.245926,1.79986,0.694475,0.694475,1.88728,0.544167,0.544167,1.94664,0.347203,0.347203,0,All,#4682B4,0
14,7.5,1.73913,0.22385,0.22385,1.50903,0.998709,0.998709,1.58758,0.823112,0.823112,1.73913,0.345571,0.345571,0,All,#4682B4,0
14,8,1.53604,-0.402252,-0.900821,1.25194,0.0367813,-1.71985,1.31548,-0.0881757,-0.262376,1.53604,-0.294398,-0.916428,1,All,#4682B4,0
14,8.5,1.34529,-0.255923,-0.385798,1.03534,0.577996,-0.38021,1.0795,0.450036,-0.576277,1.34529,-0.126989,-0.276306,1,All,#4682B4,0
14,9,1.17341,-0.139966,-0.653414,0.86298,1.20278,-0.731693,0.88433,1.11217,-0.913026,1.17341,0.0319721,-0.606215,1,All,#4682B4,0
14,9.5,1.025,0.0587954,-0.497697,0.735344,1.8542,-2.23851,0.732553,1.87097,0.0597168,1.025,0.223091,-0.370651,1,All,#4682B4,0
14,10,0.882827,0.24133,-0.518723,0.649561,2.43585,3.19962e-05,0.623071,2.64783,-0.838044,0.882827,0.343991,-0.435265,1,All,#4682B4,0
14,10.5,0.738521,0.375217,-0.22513,0.600872,2.83987,-1.84793,0.552617,3.31054,-0.363581,0.738521,0.524047,-0.139921,1,All,#4682B4,0
14,11,0.599329,0.586066,-0.268117,0.583988,2.9957,-1.79553,0.516522,3.72009,-1.19396,0.599329,0.759388,-0.17461,1,All,#4682B4,0
14,11.5,0.4705,0.698928,-0.237083,0.574059,3.09163,-0.559187,0.50458,3.86849,-1.09238,0.4705,0.809291,-0.0900599,1,All,#4682B4,0
14,12,0.354491,0.756462,-0.473212,0.536199,3.48999,0.438838,0.477049,4.23892,-0.747805,0.354491,0.936057,-0.277367,1,All,#4682B4,0
14,12.5,0.251657,1.04572,-0.499566,0.477432,4.23347,-0.420093,0.429315,4.99378,1.42865,0.251657,1.08359,-0.216583,1,All,#4682B4,0
14,13,0.163394,1.40234,-0.483645,0.400543,5.53567,-1.22131,0.364923,6.32492,-0.172021,0.163394,1.27232,-0.171832,1,All,#4682B4,0
14,13.5,0.0815225,1.64199,-0.426937,0.309737,7.90623,-0.84017,0.286871,8.73969,2.14164,0.0815225,1.4539,0.0498208,1,All,#4682B4,0
14,14,0.00953608,1.8876,-0.550054,0.208423,12.9891,0.026235,0.199666,13.6705,0.60598,0.00953608,1.52561,0.0226677,1,All,#4682B4,0
14,14.5,0,2.07658,-0.492844,0.100979,29.5231,-0.801306,0.102252,29.1238,1.34497,0,1.61113,0.170547,1,All,#4682B4,0
14,15,0,2.17778,-0.440165,0,5.71957e+15,1.05303,0.000486395,6656.1,1.79436,0,1.70526,-0.24486,1,All,#4682B4,0
14,15.5,0,2.50607,-0.453319,0,5.71957e+15,0,0,5.71957e+15,0,0,1.79256,-0.291929,1,All,#4682B4,0
14,16,0,2.45272,-0.408166,0,5.71957e+15,0,0,5.71957e+15,0,0,1.77822,0.188591,1,All,#4682B4,0
14,16.5,0,2.75362,-0.395283,0,5.71957e+15,0,0,5.71957e+15,0,0,2.02336,-0.0691951,1,All,#4682B4,0
14,17,0,2.5539,-0.391907,0,5.71957e+15,0,0,5.71957e+15,0,0,1.78854,0.241699,1,All,#4682B4,0
14,17.5,0,3.04712,-0.38429,0,5.71957e+15,1.29719,0,5.71957e+15,1.61683,0,1.96608,-0.306155,1,All,#4682B4,0
15,1,0,137.868,-0.0447214,0,5.71957e+15,0,0,5.71957e+15,0,0,2.86406,1.61983,1,All,#4682B4,0
15,1.5,0,4.71575,-0.214887,0,5.71957e+15,1.69156,0,5.71957e+15,1.26158,0,2.15968,0.176811,1,All,#4682B4,0
15,2,0,1.15653,-0.435425,0,5.71957e+15,1.30362,0,5.71957e+15,0,0,1.20966,-0.112075,1,All,#4682B4,0
15,2.5,0.638645,0.36957,-0.228381,0,5.71957e+15,0,0,5.71957e+15,0,0.638645,0.552564,0.225848,1,All,#4682B4,0
15,3,1.537,-0.0450165,-0.392217,0.302142,8.16904,0.421743,0.0709498,43.098,0.348504,1.537,0.111116,-0.143856,1,All,#4682B4,0
15,3.5,2.01084,-0.168822,-0.168822,1.33996,0.513936,0.513936,1.17363,0.948186,0.948186,2.01084,-0.0331607,-0.0331607,0,All,#4682B4,0
15,4,2.29539,-0.652427,-0.86038,1.99904,-0.930043,-1.28348,1.86931,-0.8176,-1.63365,2.29539,-0.636029,-0.814088,1,All,#4682B4,0
15,4.5,2.45388,-0.716687,-0.754897,2.40018,-1.20081,-1.21044,2.30866,-1.14732,-1.36155,2.45388,-0.696772,-0.731109,1,All,#4682B4,0
15,5,2.50237,0.498412,0.498412,2.54141,0.4401,0.4401,2.49655,0.493835,0.493835,2.50237,0.623415,0.623415,0,All,#4682B4,0
15,5.5,2.45231,1.05963,1.05963,2.48107,1.1501,1.1501,2.46782,1.16996,1.16996,2.45231,1.00071,1.00071,0,All,#4682B4,0
15,6,2.32459,0.894234,0.894234,2.33632,1.10648,1.10648,2.33411,1.10994,1.10994,2.32459,0.876902,0.876902,0,All,#4682B4,0
15,6.5,2.14747,0.708017,0.708017,2.17447,0.850883,0.850883,2.17417,0.851356,0.851356,2.14747,0.765474,0.765474,0,All,#4682B4,0
15,7,1.94664,-0.252434,-0.252434,2.02321,-0.495625,-0.495625,2.02077,-0.493143,-0.493143,1.94664,-0.160796,-0.160796,0,All,#4682B4,0
15,7.5,1.73913,-0.478306,-0.73409,1.89422,-0.840387,-1.01976,1.88763,-0.83442,-0.994566,1.73913,-0.472578,-0.732292,1,All,#4682B4,0
15,8,1.53604,-0.369682,-0.863741,1.79187,-0.742728,-1.55518,1.78026,-0.730932,-1.34109,1.53604,-0.287525,-0.843673,1,All,#4682B4,0
15,8.5,1.34529,-0.216707,-0.650598,1.71691,-0.663815,-1.13519,1.69989,-0.64492,-1.08583,1.34529,-0.0559002,-0.580536,1,All,#4682B4,0
15,9,1.17341,0.404168,0.404168,1.668,-0.0428141,-0.0428141,1.64576,-0.00892885,-0.00892885,1.17341,0.449553,0.449553,0,All,#4682B4,0
15,9.5,1.025,0.137672,-0.0387233,1.64257,-0.578437,-0.632297,1.61552,-0.54542,-0.662947,1.025,0.308436,0.13689,1,All,#4682B4,0
15,10,0.882827,1.51373,1.51373,1.63734,0.736181,0.736181,1.60606,0.800178,0.800178,0.882827,1.41461,1.41461,0,All,#4682B4,0
15,10.5,0.738521,1.07111,1.07111,1.64866,0.0639417,0.0639417,1.61373,0.120533,0.120533,0.738521,1.04356,1.04356,0,All,#4682B4,0
15,11,0.599329,1.81936,1.81936,1.67268,0.681991,0.681991,1.63525,0.755969,0.755969,0.599329,1.74496,1.74496,0,All,#4682B4,0
15,11.5,0.4705,2.24955,2.24955,1.70404,0.712298,0.712298,1.66649,0.785811,0.785811,0.4705,1.76969,1.76969,0,All,#4682B4,0
15,12,0.354491,2.65805,2.65805,1.63608,1.09721,1.09721,1.59462,1.19204,1.19204,0.354491,2.02388,2.02388,0,All,#4682B4,0
15,12.5,0.251657,1.17976,-0.626397,1.27469,-0.0093893,-1.92517,1.22916,0.0847342,-0.0301312,0.251657,1.18796,-0.357497,1,All,#4682B4,0
15,13,0.163394,1.56945,-0.639951,0.708199,2.02301,-1.34497,0.661398,2.34661,0.0512361,0.163394,1.44502,-0.316432,1,All,#4682B4,0
15,13.5,0.0815225,1.94158,-0.494286,0.0535621,57.9167,1.79436,0.00532745,605.383,-0.161737,0.0815225,1.55931,-0.034459,1,All,#4682B4,0
15,14,0.00953608,1.98102,-0.514447,0,5.71957e+15,0,0,5.71957e+15,2.45539,0.00953608,1.61436,-0.0126995,1,All,#4682B4,0
15,14.5,0,2.3244,-0.533086,0,5.71957e+15,0,0,5.71957e+15,0,0,1.67528,0.0728806,1,All,#4682B4,0
15,15,0,2.73734,-0.464964,0,5.71957e+15,0,0,5.71957e+15,0,0,1.8717,0.219592,1,All,#4682B4,0
16,1,0,11.9313,-0.0447214,0,5.71957e+15,0,0,5.71957e+15,1.55345,0,2.68014,0.0272511,1,All,#4682B4,0
16,1.5,0,3.02727,-0.201785,0,5.71957e+15,1.26158,0,5.71957e+15,0,0,1.86758,0.914085,1,All,#4682B4,0
16,2,0,1.01119,-0.465702,0,5.71957e+15,0,0,5.71957e+15,0,0,1.09448,-0.181018,1,All,#4682B4,0
16,2.5,0.638645,0.264683,-0.0855009,0,5.71957e+15,0,0,5.71957e+15,0,0.638645,0.534472,0.35694,1,All,#4682B4,0
16,3,1.537,-0.0957254,-0.884281,0.17843,15.6011,0.348504,0.173553,16.1111,-0.785561,1.537,0.104524,-0.486659,1,All,#4682B4,0
16,3.5,2.01084,-0.337292,-0.65941,0.775206,1.62772,-0.297258,0.774415,1.63198,-0.769124,2.01084,-0.197876,-0.469512,1,All,#4682B4,0
16,4,2.29539,-0.586032,-0.700962,1.20782,0.131286,-1.83133,1.2082,0.130442,-0.422465,2.29539,-0.536728,-0.639501,1,All,#4682B4,0
16,4.5,2.45388,-0.107344,-0.107344,1.52876,1.01963,1.01963,1.52999,1.01675,1.01675,2.45388,-0.0241982,-0.0241982,0,All,#4682B4,0
16,5,2.50237,-0.467246,-0.467246,1.76774,-0.0544402,-0.0544402,1.76955,-0.0569986,-0.0569986,2.50237,-0.466021,-0.466021,0,All,#4682B4,0
16,5.5,2.45231,-0.349301,-0.349301,1.93873,-0.0904044,-0.0904044,1.94198,-0.0945203,-0.0945203,2.45231,-0.306019,-0.306019,0,All,#4682B4,0
16,6,2.32459,0.407247,0.407247,2.04588,1.00233,1.00233,2.05222,0.991359,0.991359,2.32459,0.457449,0.457449,0,All,#4682B4,0
16,6.5,2.14747,0.50945,0.50945,2.08839,0.771278,0.771278,2.1001,0.752752,0.752752,2.14747,0.548064,0.548064,0,All,#4682B4,0
16,7,1.94664,0.60542,0.60542,2.066,0.720858,0.720858,2.08576,0.689882,0.689882,1.94664,0.686038,0.686038,0,All,#4682B4,0
16,7.5,1.73913,1.03557,1.03557,1.98308,1.21771,1.21771,2.01263,1.16239,1.16239,1.73913,1.08392,1.08392,0,All,#4682B4,0
16,8,1.53604,0.643633,0.643633,1.85191,0.644581,0.644581,1.89008,0.58006,0.58006,1.53604,0.753645,0.753645,0,All,#4682B4,0
16,8.5,1.34529,0.531091,0.531091,1.68709,0.533453,0.533453,1.73571,0.447084,0.447084,1.34529,0.599647,0.599647,0,All,#4682B4,0
16,9,1.17341,-0.0898652,-0.491036,1.51,-0.405321,-0.920471,1.56763,-0.484178,-1.34212,1.17341,0.0759259,-0.452407,1,All,#4682B4,0
16,9.5,1.025,0.0679006,-0.389225,1.33427,-0.122843,-0.946412,1.40009,-0.236959,-0.566568,1.025,0.21206,-0.303454,1,All,#4682B4,0
16,10,0.882827,0.245479,-0.536436,1.16838,0.221806,-1.47305,1.24346,0.054425,-0.213353,0.882827,0.448608,-0.385672,1,All,#4682B4,0
16,10.5,0.738521,0.425928,0.0183027,0.999391,0.690523,-0.9115,1.10588,0.378459,0.373915,0.738521,0.599465,0.159096,1,All,#4682B4,0
16,11,0.599329,0.585792,-0.734686,0.82917,1.35581,-1.79389,0.981169,0.750708,-1.74769,0.599329,0.734811,-0.611832,1,All,#4682B4,0
16,11.5,0.4705,0.787953,-0.449937,0.665662,2.31525,1.15844,0.860429,1.21391,0.900494,0.4705,0.85759,-0.292358,1,All,#4682B4,0
16,12,0.354491,1.00132,-0.416513,0.512723,3.76654,-2.32713,0.745926,1.79171,-0.0430539,0.354491,0.977114,-0.214188,1,All,#4682B4,0
16,12.5,0.251657,1.06127,-0.103131,0.37196,6.15701,-1.38324,0.638526,2.52202,-0.703595,0.251657,1.00856,0.221463,1,All,#4682B4,0
16,13,0.163394,1.36009,-0.617407,0.24366,10.7418,-0.349949,0.54038,3.44325,-1.64429,0.163394,1.26784,-0.236756,1,All,#4682B4,0
16,13.5,0.0815225,1.64765,-0.570572,0.127893,22.7737,-0.531543,0.451614,4.62128,-0.118215,0.0815225,1.42308,-0.126193,1,All,#4682B4,0
16,14,0.00953608,2.00789,-0.663946,0.0237181,134.001,-0.324369,0.371422,6.16963,-1.83154,0.00953608,1.58764,-0.0707631,1,All,#4682B4,0
16,14.5,0,1.95427,-0.587117,0,5.71957e+15,2.13601,0.298638,8.29482,-0.344241,0,1.53833,0.0344518,1,All,#4682B4,0
16,15,0,2.25854,-0.515971,0,5.71957e+15,0,0.231973,11.4115,-1.40401,0,1.73247,-0.0955667,1,All,#4682B4,0
16,15.5,0,2.53763,-0.526358,0,5.71957e+15,1.08469,0.169447,16.5633,-0.496633,0,1.78719,-0.384131,1,All,#4682B4,0
16,16,0,2.57828,-0.492101,0,5.71957e+15,0,0.112058,26.352,-1.15739,0,1.87156,0.23971,1,All,#4682B4,0
16,16.5,0,2.28736,-0.435777,0,5.71957e+15,0,0.0555862,55.7149,-0.903923,0,1.75385,0.0102905,1,All,#4682B4,0
16,17,0,2.61114,-0.429185,0,5.71957e+15,0,0.000218786,14800.7,1.79283,0,1.96781,0.274656,1,All,#4682B4,0
17,1,0,5.79654e+15,0,0,5.71957e+15,1.55345,0,5.71957e+15,1.11724,0,2.7802,-0.021843,1,All,#4682B4,0
17,1.5,0,3.98246,-0.19105,0,5.71957e+15,0,0,5.71957e+15,0,0,2.14332,1.21969,1,All,#4682B4,0
17,2,0,1.02255,-0.428046,0,5.71957e+15,0,0,5.71957e+15,0,0,1.26729,0.391984,1,All,#4682B4,0
17,2.5,0.638645,0.395502,0.302443,0,5.71957e+15,0,0,5.71957e+15,0,0.638645,0.580559,0.536494,1,All,#4682B4,0
17,3,1.537,-0.111809,-0.227506,0,5.71957e+15,0,0,5.71957e+15,0,1.537,0.0706302,-0.0127523,1,All,#4682B4,0
17,3.5,2.01084,-0.43223,-0.620623,1.02371,0.613528,-0.0617728,0.810096,1.44778,0.650595,2.01084,-0.304915,-0.48568,1,All,#4682B4,0
17,4,2.29539,-0.308644,-0.308644,1.7766,-0.00947848,-0.00947848,1.5863,0.295324,0.295324,2.29539,-0.240926,-0.240926,0,All,#4682B4,0
17,4.5,2.45388,-0.156832,-0.156832,2.32913,-0.23993,-0.23993,2.15281,-0.0507087,-0.0507087,2.45388,-0.124402,-0.124402,0,All,#4682B4,0
17,5,2.50237,-0.0702671,-0.0702671,2.74354,-0.440168,-0.440168,2.57846,-0.30508,-0.30508,2.50237,-0.0178066,-0.0178066,0,All,#4682B4,0
17,5.5,2.45231,0.727762,0.727762,3.04333,0.2067,0.2067,2.893,0.349956,0.349956,2.45231,0.720971,0.720971,0,All,#4682B4,0
17,6,2.32459,0.348135,0.348135,3.22202,-0.389426,-0.389426,3.09959,-0.304083,-0.304083,2.32459,0.509661,0.509661,0,All,#4682B4,0
17,6.5,2.14747,1.17298,1.17298,3.26128,0.35088,0.35088,3.18446,0.420868,0.420868,2.14747,1.19652,1.19652,0,All,#4682B4,0
17,7,1.94664,2.27418,2.27418,3.15029,1.22212,1.22212,3.13473,1.24085,1.24085,1.94664,2.09203,2.09203,0,All,#4682B4,0
17,7.5,1.73913,2.13921,2.13921,2.90342,1.30572,1.30572,2.94931,1.24572,1.24572,1.73913,1.75208,1.75208,0,All,#4682B4,0
17,8,1.53604,1.8884,1.8884,2.56356,1.02108,1.02108,2.66114,0.890137,0.890137,1.53604,1.70058,1.70058,0,All,#4682B4,0
17,8.5,1.34529,0.15192,0.15192,2.16172,-0.485703,-0.485703,2.30197,-0.61149,-0.61149,1.34529,0.30244,0.30244,0,All,#4682B4,0
17,9,1.17341,-0.135132,-0.387712,1.73073,-0.678872,-1.45317,1.90144,-0.846877,-1.83484,1.17341,-0.0676199,-0.319257,1,All,#4682B4,0
17,9.5,1.025,0.038881,-0.810257,1.29426,-0.0477985,-0.8951,1.48395,-0.367674,-0.988687,1.025,0.183895,-0.860634,1,All,#4682B4,0
17,10,0.882827,0.249742,-0.054375,0.869424,1.17497,0.586401,1.07039,0.475569,-0.35621,0.882827,0.409086,0.0963348,1,All,#4682B4,0
17,10.5,0.738521,0.484577,-0.555988,0.474541,4.2748,0.359795,0.678011,2.22663,-0.805804,0.738521,0.587305,-0.445726,1,All,#4682B4,0
17,11,0.599329,0.7382,-0.251832,0.114903,25.6366,-0.755726,0.31867,7.61308,-1.64524,0.599329,0.894369,-0.113682,1,All,#4682B4,0
17,11.5,0.4705,0.824148,-0.808691,0,5.71957e+15,2.26099,1.65997e-05,195106,-0.0425267,0.4705,0.888859,-0.654317,1,All,#4682B4,0
17,12,0.354491,0.983741,-0.313968,0,5.71957e+15,2.41929,0,5.71957e+15,0,0.354491,1.01135,-0.100012,1,All,#4682B4,0
17,12.5,0.251657,1.24698,-0.349738,0,5.71957e+15,0,0,5.71957e+15,0,0.251657,1.17849,-0.0206007,1,All,#4682B4,0
17,13,0.163394,1.49983,-0.469135,0,5.71957e+15,0,0,5.71957e+15,0,0.163394,1.44857,-0.218038,1,All,#4682B4,0
17,13.5,0.0815225,2.00293,-0.488587,0,5.71957e+15,1.36394,0,5.71957e+15,0,0.0815225,1.61441,-0.0595659,1,All,#4682B4,0
17,14,0.00953608,2.22955,-0.580702,0,5.71957e+15,0,0,5.71957e+15,1.23988,0.00953608,1.85262,-0.0498841,1,All,#4682B4,0
17,14.5,0,2.6267,-0.551367,0,5.71957e+15,2.05254,0,5.71957e+15,1.15535,0,1.96155,-0.480761,1,All,#4682B4,0
17,15,0,2.84601,-0.487654,0,5.71957e+15,0,0,5.71957e+15,0,0,1.89889,-0.0338851,1,All,#4682B4,0
17,15.5,0,2.87944,-0.469656,0,5.71957e+15,0,0,5.71957e+15,0,0,1.91822,-0.348219,1,All,#4682B4,0
18,1,0,7.95117,-0.0599712,0,5.71957e+15,1.11724,0,5.71957e+15,0,0,2.46257,0.857413,1,All,#4682B4,0
18,1.5,0,2.81016,-0.200391,0,5.71957e+15,0,0,5.71957e+15,0,0,1.94857,0.930664,1,All,#4682B4,0
18,2,0,0.99229,-0.462848,0,5.71957e+15,0,0,5.71957e+15,1.12633,0,1.12875,-0.167257,1,All,#4682B4,0
18,2.5,0.638645,0.295621,-0.269998,0,5.71957e+15,0,0,5.71957e+15,0,0.638645,0.501415,0.149683,1,All,#4682B4,0
18,3,1.537,0.808365,0.808365,1.91029,0.854001,0.854001,1.74685,1.17249,1.17249,1.537,0.829737,0.829737,0,All,#4682B4,0
18,3.5,2.01084,0.472351,0.472351,2.62625,-0.093458,-0.093458,2.51904,0.011094,0.011094,2.01084,0.52375,0.52375,0,All,#4682B4,0
18,4,2.29539,0.0497611,0.0497611,2.97025,-0.592632,-0.592632,2.88153,-0.532362,-0.532362,2.29539,0.163255,0.163255,0,All,#4682B4,0
18,4.5,2.45388,0.871867,0.871867,3.15428,0.384611,0.384611,3.07807,0.457271,0.457271,2.45388,0.969461,0.969461,0,All,#4682B4,0
18,5,2.50237,0.798425,0.798425,3.23064,0.252099,0.252099,3.17065,0.305117,0.305117,2.50237,0.834151,0.834151,0,All,#4682B4,0
18,5.5,2.45231,1.17765,1.17765,3.21461,0.535789,0.535789,3.1775,0.57183,0.57183,2.45231,1.11036,1.11036,0,All,#4682B4,0
18,6,2.32459,1.71715,1.71715,3.11812,1.06475,1.06475,3.10795,1.07658,1.07658,2.32459,1.57892,1.57892,0,All,#4682B4,0
18,6.5,2.14747,1.39045,1.39045,2.95744,0.717914,0.717914,2.97421,0.699482,0.699482,2.14747,1.40494,1.40494,0,All,#4682B4,0
18,7,1.94664,1.23729,1.23729,2.74874,0.604218,0.604218,2.79026,0.557278,0.557278,1.94664,1.14627,1.14627,0,All,#4682B4,0
18,7.5,1.73913,-0.577773,-0.803671,2.50422,-1.25688,-1.63627,2.56833,-1.28916,-1.39041,1.73913,-0.531554,-0.783667,1,All,#4682B4,0
18,8,1.53604,-0.470629,-0.784802,2.23078,-1.09834,-1.16263,2.3174,-1.15261,-1.33748,1.53604,-0.37931,-0.771261,1,All,#4682B4,0
18,8.5,1.34529,-0.308398,-0.909664,1.93307,-0.874751,-1.45755,2.04421,-0.96584,-1.6004,1.34529,-0.185987,-0.863767,1,All,#4682B4,0
18,9,1.17341,-0.111875,-0.402588,1.61583,-0.545805,-0.910927,1.75516,-0.704921,-0.818511,1.17341,0.0465138,-0.245385,1,All,#4682B4,0
18,9.5,1.025,0.0454407,-0.322316,1.28972,-0.0389891,-1.03276,1.45789,-0.328657,-2.15414,1.025,0.241753,-0.153381,1,All,#4682B4,0
18,10,0.882827,0.717438,0.717438,0.974026,1.71747,1.71747,1.16302,1.02395,1.02395,0.882827,0.880758,0.880758,0,All,#4682B4,0
18,10.5,0.738521,0.362303,-0.722162,0.697903,2.09048,-0.426468,0.884067,1.11327,-2.15399,0.738521,0.5367,-0.635022,1,All,#4682B4,0
18,11,0.599329,0.560007,-0.221136,0.48543,4.1217,0.567922,0.633773,2.56006,0.677982,0.599329,0.683397,-0.0209269,1,All,#4682B4,0
18,11.5,0.4705,0.747528,-0.369615,0.336977,7.06094,-1.64871,0.437258,4.85673,0.467981,0.4705,0.903671,-0.221251,1,All,#4682B4,0
18,12,0.354491,0.783113,-0.491669,0.241492,10.8612,-1.41323,0.298646,8.29454,-0.275055,0.354491,0.976297,-0.237228,1,All,#4682B4,0
18,12.5,0.251657,1.17599,-0.641235,0.184775,14.9778,-1.65936,0.208757,12.9642,1.87215,0.251657,1.17066,-0.396799,1,All,#4682B4,0
18,13,0.163394,1.29905,-0.733053,0.154395,18.4267,0.398583,0.155164,18.3228,-0.463375,0.163394,1.22408,-0.47517,1,All,#4682B4,0
18,13.5,0.0815225,1.57849,-0.619188,0.140434,20.5122,1.01568,0.126244,23.1044,-0.799072,0.0815225,1.49273,-0.201674,1,All,#4682B4,0
18,14,0.00953608,1.91115,-0.611539,0.136192,21.2304,-0.663975,0.113017,26.1068,-0.652895,0.00953608,1.51357,-0.0913925,1,All,#4682B4,0
18,14.5,0,1.95453,-0.548971,0.136933,21.1018,1.03779,0.109178,27.1145,0.905559,0,1.65915,-0.0541514,1,All,#4682B4,0
18,15,0,2.06755,-0.498023,0.141286,20.3731,0.566084,0.110558,26.7442,0.210693,0,1.72849,-0.368563,1,All,#4682B4,0
