rep,ID,eta_beta_exp_simulated,eta_delta0_simulated,eta_p_simulated,eta_td_simulated,eta_b_exp_simulated,eta_h_0_simulated,eta_tc_simulated,eta_sigma_simulated,eta_rho_exp_simulated,eta_q_exp_simulated,eta_ifn0_simulated,split,color,filter
1,7,-0.195064,0.242897,-0.407895,0.407945,-0.56266,0.194868,1.47426,0.337783,0.261784,0.0028878,-0.0378958,All,#4682B4,0
2,7,-0.478036,-0.078252,-0.198635,0.365038,-0.385206,0.138057,0.594995,-0.00558962,0.191723,0.00115143,0.561278,All,#4682B4,0
3,7,-0.617152,-1.01639,-0.152427,0.476465,0.0420987,0.0466674,-0.352832,-0.027632,-0.415823,-0.0190388,0.451863,All,#4682B4,0
4,7,-0.110122,1.21805,-0.34938,0.36461,-1.33904,0.357594,2.03746,0.379707,0.731149,0.0352906,0.238572,All,#4682B4,0
5,7,-0.222853,-0.000957594,-0.49931,0.434126,-0.706837,0.23823,0.652877,-0.233496,-0.131529,-0.00604624,0.352196,All,#4682B4,0
6,7,-0.163848,0.0721284,-0.450798,0.269599,-0.871373,0.240736,0.7569,-0.411146,0.172901,-0.00179458,0.536972,All,#4682B4,0
7,7,-0.0977064,-0.256988,-0.381843,0.351485,-0.838061,0.210203,0.329747,-0.479933,-0.274591,-0.020255,0.343576,All,#4682B4,0
8,7,-0.411393,-0.908091,-0.333541,0.495869,-0.200606,0.0830122,-0.0218222,-0.134616,-0.498715,-0.0300278,0.524149,All,#4682B4,0
9,7,0.0510646,0.912845,-0.31647,0.161379,-1.61034,0.364639,1.64581,0.224703,0.87742,0.0060027,-0.189871,All,#4682B4,0
10,7,0.0389396,-0.0103994,-0.63028,0.21508,-1.33707,0.341409,0.169879,-0.644016,0.246663,-0.00427073,0.74688,All,#4682B4,0
1,8,-0.656892,-1.83231,0.374606,0.220669,1.22373,-0.229799,-1.73227,-0.201872,-0.976786,-0.0338656,0.371735,All,#4682B4,0
2,8,-0.45009,-1.49159,0.28441,0.204902,0.951704,-0.158816,-1.73279,-0.155224,-0.491108,-0.038841,0.560459,All,#4682B4,0
3,8,-0.887119,-2.00338,0.709105,-0.0520448,1.44074,-0.390519,-1.21223,0.0706244,-1.00979,-0.0301801,0.874994,All,#4682B4,0
4,8,-0.380316,-1.46886,0.16011,0.220779,1.24756,-0.285705,-1.67465,-0.316566,-0.945281,-0.0452389,0.47702,All,#4682B4,0
5,8,-0.254008,-1.51124,0.0815111,0.255316,0.811623,-0.148247,-2.01903,-0.366397,-0.556675,-0.056973,0.428444,All,#4682B4,0
6,8,-0.485366,-1.74805,0.0374042,-0.024502,1.18044,-0.241456,-1.56941,-0.246377,-0.820784,-0.0156393,0.241412,All,#4682B4,0
7,8,-0.00588769,-0.969944,-0.021072,0.335594,0.855256,-0.139157,-0.872831,-0.409419,-0.850429,-0.0264899,0.141179,All,#4682B4,0
8,8,-0.639464,-1.85348,0.0300507,0.242811,1.75402,-0.373446,-1.09035,-0.024099,-0.777528,-0.0244448,0.75259,All,#4682B4,0
9,8,-0.507437,-1.9435,0.138443,0.204563,1.1947,-0.201498,-1.73264,-0.138556,-0.834057,-0.0128435,0.329807,All,#4682B4,0
10,8,-0.389508,-1.5543,0.392815,0.247257,1.19365,-0.281097,-1.20813,-0.0354519,-0.703818,-0.027768,0.71249,All,#4682B4,0
1,9,0.168388,-0.42243,-0.172856,-0.0484634,0.603928,-0.171824,-1.37736,-0.811444,-0.636303,-0.00914215,-0.237818,All,#4682B4,0
2,9,0.062253,0.14092,-0.265265,-0.0763607,0.525204,-0.0800675,-0.260712,-0.371603,-0.256352,0.0223433,-0.55117,All,#4682B4,0
3,9,0.0170738,-0.663095,0.0873755,-0.196122,0.837777,-0.21955,-1.02929,-0.0366078,-0.00596693,-0.019489,-0.212694,All,#4682B4,0
4,9,0.0759025,-0.721887,-0.0562201,-0.0569537,0.797735,-0.208667,-0.875041,-0.315318,-0.56061,-0.00865619,-0.15205,All,#4682B4,0
5,9,0.458948,0.820145,0.214048,-0.203132,-0.756933,0.105158,0.58869,0.541961,0.565648,-0.006018,-0.408614,All,#4682B4,0
6,9,0.180218,-0.51519,-0.175004,-0.128974,0.50948,-0.168551,-0.763194,-0.440027,-0.322421,-0.00116696,-0.218324,All,#4682B4,0
7,9,0.535191,0.946125,0.232035,-0.180229,-0.90456,0.0984605,0.996253,0.233968,0.268419,0.0116643,-0.38937,All,#4682B4,0
8,9,-0.121128,0.059309,0.253277,-0.201602,0.455171,-0.172366,-0.515143,-0.105085,0.0485902,-0.013617,-0.25443,All,#4682B4,0
9,9,0.334996,-0.443142,-0.413427,-0.145224,0.524576,-0.136607,-0.715661,-0.435108,-0.38203,0.00640978,-0.301237,All,#4682B4,0
10,9,0.350946,0.626024,0.0479994,-0.152181,-0.0995842,-0.0581436,0.772753,0.301525,0.134182,0.0373737,-0.018974,All,#4682B4,0
1,10,0.35612,1.67426,0.689531,-0.30515,0.753276,-0.19049,0.204728,0.541653,0.532841,0.0301695,-0.990739,All,#4682B4,0
2,10,0.465488,1.66651,0.568258,-0.309186,0.0294953,0.046119,0.0364398,0.351366,0.419628,0.0261316,-0.410957,All,#4682B4,0
3,10,0.417401,1.2643,0.219217,-0.318014,0.477374,-0.0459571,0.236975,0.425496,0.499474,0.038396,-1.0943,All,#4682B4,0
4,10,0.339882,1.25865,0.172278,-0.329558,0.16741,-0.001702,0.27571,0.282206,0.473024,0.0507082,-0.957577,All,#4682B4,0
5,10,0.495122,1.52314,0.568254,-0.295553,0.387805,-0.0976483,0.140708,0.506799,0.494386,0.0316342,-0.979312,All,#4682B4,0
6,10,0.290179,1.00587,0.293081,-0.355085,0.76714,-0.140155,0.351801,0.502819,0.332648,0.0146981,-0.799088,All,#4682B4,0
7,10,0.034774,0.563855,0.363265,-0.350633,0.531028,-0.0848801,0.0641205,0.327458,0.250398,0.0120761,-0.638187,All,#4682B4,0
8,10,0.336735,0.665788,0.449252,-0.344882,0.0352548,-0.000942378,0.273513,0.385211,0.401119,0.0241197,-0.41001,All,#4682B4,0
9,10,0.255816,1.26484,0.590614,-0.354734,0.230611,-0.091997,0.497312,0.566252,0.535523,0.0226486,-0.65314,All,#4682B4,0
10,10,0.49675,0.696835,0.286681,-0.395214,0.0189836,8.55613e-05,-0.225939,0.224834,0.465123,0.0122013,-0.651559,All,#4682B4,0
1,11,-0.886097,-1.95207,0.416762,-0.0937058,1.50436,-0.297119,-1.30861,0.295416,-0.682662,-0.0264808,0.630665,All,#4682B4,0
2,11,-0.891446,-1.69707,0.593119,-0.0663675,1.69266,-0.381263,-0.760166,0.559762,-0.537106,-0.0450942,0.528678,All,#4682B4,0
3,11,-0.615272,-1.6849,0.279797,-0.0431137,1.57133,-0.348677,-0.957682,0.288468,-0.736588,-0.038532,0.224135,All,#4682B4,0
4,11,-0.706693,-1.64567,0.340897,-0.138258,1.71592,-0.439039,-0.766203,0.454027,-0.871437,-0.0457918,0.991904,All,#4682B4,0
5,11,-0.535305,-0.967193,0.273874,-0.104282,1.30198,-0.29107,-0.619919,0.298679,-0.381111,-0.00959361,0.00878485,All,#4682B4,0
6,11,-0.858745,-1.70551,0.838746,-0.0822429,1.47595,-0.346782,-0.861333,0.491641,-0.536832,-0.0208189,0.362848,All,#4682B4,0
7,11,-0.707478,-0.700532,0.241218,-0.061477,1.40958,-0.254832,-0.64399,0.250133,-0.38971,-0.00747747,0.0628628,All,#4682B4,0
8,11,-0.541885,-1.63984,0.512242,-0.132345,1.34296,-0.344254,-1.17354,0.273776,-0.770482,-0.00995359,0.236722,All,#4682B4,0
9,11,-0.839009,-1.45471,0.75336,-0.141879,1.53546,-0.380823,-0.986751,0.357022,-0.61843,-0.0165884,0.727933,All,#4682B4,0
10,11,-0.711589,-1.29318,0.593041,-0.121253,1.26104,-0.308044,-0.816457,0.348704,-0.524962,-0.0428194,0.723818,All,#4682B4,0
1,12,0.153916,0.804146,-1.54369,0.683539,0.35822,0.149969,-1.32216,-1.59676,0.00928622,-0.0198622,-0.659912,All,#4682B4,0
2,12,0.288343,0.654685,-1.47535,0.690697,0.154386,0.136314,-0.874848,-1.25582,0.193823,0.0109661,-0.66668,All,#4682B4,0
3,12,0.356216,0.292163,-1.58085,0.735974,0.738055,-0.00855271,-1.21456,-1.57192,-0.383744,0.00023279,-0.354996,All,#4682B4,0
4,12,0.0833254,0.635911,-1.05213,0.78331,0.663249,0.0469287,-1.01814,-1.05164,-0.345199,-0.00336783,-0.19432,All,#4682B4,0
5,12,0.100604,0.390239,-1.08942,0.7991,0.855073,-0.0519906,-0.539835,-0.807547,-0.417356,0.0081994,-0.432587,All,#4682B4,0
6,12,0.137094,0.985884,-1.37019,0.723963,0.612908,0.0587017,-0.483264,-1.345,-0.113553,-0.000240349,-0.551238,All,#4682B4,0
7,12,0.0828411,0.726463,-1.13317,0.736575,0.553892,0.0468347,-0.164791,-0.859304,-0.119343,0.0102638,-0.372589,All,#4682B4,0
8,12,-0.00318553,0.784013,-1.33219,0.743855,0.565721,0.120098,-1.11469,-1.22891,-0.0280951,0.00636346,-0.342438,All,#4682B4,0
9,12,0.146232,0.0725712,-1.29244,0.728168,0.783364,-0.0286048,-1.06035,-1.23254,-0.51033,-0.000597231,-0.69949,All,#4682B4,0
10,12,-0.27429,0.86438,-0.58476,0.789778,0.971889,-0.0285996,0.118885,-0.263042,-0.0418836,0.00885334,-0.487493,All,#4682B4,0
1,13,1.48771,1.59731,0.0476523,-1.02632,-3.03839,0.347049,2.26754,0.302622,1.11664,0.0444069,-0.980299,All,#4682B4,0
2,13,1.42148,1.54561,-0.0323694,-1.1411,-3.00454,0.370549,2.61022,0.42494,1.09245,0.0454002,-0.638077,All,#4682B4,0
3,13,1.02087,1.62844,-0.0525162,-0.82665,-2.39289,0.331482,1.71223,0.212472,1.14463,0.0424705,-0.666979,All,#4682B4,0
4,13,1.41303,1.76305,-0.337211,-0.794447,-2.63318,0.367422,2.01967,0.0366261,1.12137,0.0413145,-0.528169,All,#4682B4,0
5,13,1.49087,2.13668,-0.332872,-1.09164,-2.70424,0.378506,2.67397,0.266562,1.1379,0.0668832,-0.425929,All,#4682B4,0
6,13,1.27993,1.69581,0.00573,-0.815129,-2.9087,0.388574,2.70268,0.388456,1.13667,0.049501,-0.489132,All,#4682B4,0
7,13,1.21781,1.68256,0.179056,-0.795213,-2.95161,0.377307,2.10052,0.290606,1.03919,0.0370845,-0.703152,All,#4682B4,0
8,13,1.19825,1.44867,-0.136113,-1.06583,-2.70602,0.370655,2.19055,0.218091,0.99104,0.0337735,-1.05825,All,#4682B4,0
9,13,1.34996,1.82845,-0.360259,-0.782349,-2.65269,0.397459,1.94873,-0.0173827,1.27962,0.0495868,-1.03379,All,#4682B4,0
10,13,1.54025,1.52915,-0.193838,-1.06631,-2.91366,0.356006,2.86148,0.517498,1.15863,0.0228118,-0.248339,All,#4682B4,0
1,14,0.373423,-0.270973,-0.247371,-0.194317,0.648402,-0.114151,-0.809832,-0.183602,-0.266329,0.00227922,-0.131197,All,#4682B4,0
2,14,-0.263807,0.221545,0.333392,-0.13024,1.04624,-0.146264,-0.506764,0.0972384,-0.0831879,-0.0114429,-0.224424,All,#4682B4,0
3,14,0.0630545,0.34789,0.0501963,-0.157781,0.621062,-0.0735005,-0.512014,-0.229576,-0.190086,-0.000621597,-0.0430744,All,#4682B4,0
4,14,-0.0421259,-0.69193,0.379846,-0.0661304,0.919871,-0.201344,-1.67354,0.0193988,-0.125624,-0.0158322,-0.176667,All,#4682B4,0
5,14,0.133579,0.0456063,0.133256,-0.177277,0.288365,-0.0390154,-0.813865,-0.19931,0.00995133,-0.0259546,-0.0132639,All,#4682B4,0
6,14,-0.438888,0.0405875,0.365787,-0.0707307,1.32927,-0.22271,-0.501939,0.262978,-0.0784908,-0.025748,-0.187941,All,#4682B4,0
7,14,0.196214,0.174368,0.121999,-0.113635,0.78696,-0.18508,-0.490146,-0.111883,-0.313887,0.0149112,-0.0375313,All,#4682B4,0
8,14,0.260965,-0.0107898,0.341017,-0.088547,0.721515,-0.186646,-0.99218,-0.249634,-0.391587,-0.00716679,-0.295314,All,#4682B4,0
9,14,0.145507,-0.616505,0.200867,-0.224868,0.850378,-0.195185,-1.32442,0.113917,0.0394735,-0.0350951,-0.0857286,All,#4682B4,0
10,14,-0.131437,-0.0267459,0.661811,-0.0862542,0.323659,-0.0454921,-0.67741,0.147287,-0.0198003,0.00792805,-0.12456,All,#4682B4,0
1,15,0.239225,2.10211,0.181908,0.164515,-1.38283,0.302905,3.17411,1.52195,1.09286,0.0413008,-0.298034,All,#4682B4,0
2,15,0.250042,2.35712,0.0417131,0.141305,-1.42623,0.330496,2.3826,0.995233,1.19196,0.0499379,-0.39769,All,#4682B4,0
3,15,0.496061,2.80343,0.2297,-0.228729,-2.41765,0.468285,3.48352,1.46968,1.67024,0.0637703,-0.452364,All,#4682B4,0
4,15,0.490502,2.77679,0.0657042,-0.0808744,-1.64434,0.332164,3.01552,1.37624,1.34613,0.0440764,-0.851754,All,#4682B4,0
5,15,0.254556,2.9655,0.0843324,-0.0824133,-1.65019,0.396577,3.08759,0.955469,1.36297,0.0532928,-0.78228,All,#4682B4,0
6,15,0.384036,1.91846,0.351931,-0.158626,-2.13045,0.353248,3.21895,1.38702,1.17331,0.0466637,-0.149619,All,#4682B4,0
7,15,0.399582,1.59661,-0.146743,-0.0835979,-1.7264,0.348704,2.43773,1.22903,1.19333,0.0386186,-0.32298,All,#4682B4,0
8,15,0.690029,2.6224,-0.00147605,-0.432769,-2.35958,0.432624,2.81091,0.830211,1.48181,0.0331711,-0.807098,All,#4682B4,0
9,15,0.445892,2.44878,0.324726,-0.0927454,-2.10868,0.374949,2.91774,1.10824,1.26955,0.0406391,-0.378966,All,#4682B4,0
10,15,0.14831,2.05404,0.210402,-0.026533,-1.56477,0.323566,2.89763,1.3263,1.02716,0.0489636,-0.501761,All,#4682B4,0
1,16,0.738606,-0.69407,-0.641043,-0.139966,-1.69843,0.260599,0.812197,-0.579724,0.297133,0.00647143,0.30749,All,#4682B4,0
2,16,0.50499,-1.16603,-0.810939,-0.11657,-0.6631,0.0830905,-0.467858,-1.24792,-0.387282,-0.0257321,-0.170317,All,#4682B4,0
3,16,0.116059,-1.6055,-0.352975,-0.0225934,-0.491953,0.0509825,-0.782832,-0.771682,-0.276006,-0.0330078,0.688945,All,#4682B4,0
4,16,0.317181,-1.36488,-0.400753,0.0378629,-0.157132,-0.0683733,-0.292698,-0.84583,-0.520439,-0.0105132,0.697765,All,#4682B4,0
5,16,0.339328,-1.30809,-0.488027,-0.389732,-1.00798,0.126849,0.499575,-0.487599,-0.334436,-0.0249059,0.176999,All,#4682B4,0
6,16,0.590497,-0.869558,-0.714746,-0.501854,-1.38499,0.21775,0.54075,-1.11399,0.0729349,-0.00523108,0.511876,All,#4682B4,0
7,16,0.558923,-1.36044,-0.820233,-0.00812814,-0.890424,0.134862,-1.21939,-1.49313,-0.53972,-0.0147811,0.442284,All,#4682B4,0
8,16,0.630939,-1.19676,-0.694642,-0.339577,-1.28117,0.190904,-1.18335,-1.44302,-0.71666,-0.0468665,1.04853,All,#4682B4,0
9,16,0.449223,-1.55584,-0.675319,-0.267398,-0.97366,0.140979,-1.60156,-1.36558,-0.577061,-0.0344886,0.469524,All,#4682B4,0
10,16,0.386007,-1.04495,-0.808469,-0.262698,-1.21676,0.233501,-0.419117,-1.48533,0.0109923,-0.00725866,0.322111,All,#4682B4,0
1,17,-0.454558,-0.0815391,0.425337,0.229298,-0.277696,0.0748035,0.214181,0.358632,0.33113,-0.0310292,0.44626,All,#4682B4,0
2,17,-0.299089,-0.49594,-0.234887,0.369089,0.537701,-0.0448025,-0.454058,-0.178616,-0.0612716,-0.00667988,0.380336,All,#4682B4,0
3,17,-0.676856,-1.66387,0.0928795,0.373158,1.02738,-0.123309,-1.45932,-0.0310472,-0.478803,-0.0285619,0.544453,All,#4682B4,0
4,17,0.107844,-0.0637359,-0.434267,0.0798228,-0.959293,0.241657,-0.359865,-0.690548,0.138412,-0.0257684,0.222417,All,#4682B4,0
5,17,-0.318997,0.0418983,-0.33741,0.328396,0.384074,0.0396474,0.236011,-0.104682,-0.0999169,-0.0153758,-0.0852955,All,#4682B4,0
6,17,-0.335646,-0.212763,0.039488,0.331613,0.564722,-0.0546365,-0.226882,0.021514,-0.185294,-0.0136307,0.743438,All,#4682B4,0
7,17,-0.230587,0.290088,0.239237,0.286691,-0.808285,0.189189,0.442347,0.00348937,0.0255019,0.0178678,0.542389,All,#4682B4,0
8,17,-0.742743,-1.09794,0.314103,0.404053,0.995276,-0.111822,-1.46523,-0.223472,-0.567092,-0.0339589,0.498811,All,#4682B4,0
9,17,-0.0200877,-0.277297,-0.171325,0.208595,-0.689258,0.194255,-0.257114,-0.277851,-0.00919121,-0.0237143,0.505633,All,#4682B4,0
10,17,-0.337474,-0.472201,-0.0193029,0.372584,0.600931,-0.0746448,-0.644691,-0.395042,-0.477191,-0.0173063,0.51861,All,#4682B4,0
1,18,-0.810952,-0.643712,0.72157,0.353675,1.36958,-0.274208,-0.713844,0.542131,-0.375164,0.000334766,0.0210553,All,#4682B4,0
2,18,-0.924118,-0.452848,0.47774,0.282682,1.19511,-0.154944,-0.832985,0.234588,-0.257069,-0.0154045,0.168923,All,#4682B4,0
3,18,-0.965803,0.00992059,0.826012,0.240417,1.2471,-0.240962,-0.31943,0.636636,-0.109352,-0.0205187,0.195633,All,#4682B4,0
4,18,-0.778497,-1.64162,0.606369,0.327984,1.68039,-0.331886,-1.63111,0.418591,-0.654101,-0.0319811,0.255409,All,#4682B4,0
5,18,-0.457923,0.618739,0.320569,0.357588,1.34179,-0.241177,-0.0309859,0.40959,-0.254801,0.00430567,-0.405241,All,#4682B4,0
6,18,-0.909918,-0.884516,0.216399,0.181608,1.13952,-0.123094,-1.39855,0.0161122,-0.469354,-0.0174418,0.475295,All,#4682B4,0
7,18,-0.355872,0.833613,0.692688,0.315476,0.53327,-0.0606708,-0.0169031,0.43995,0.278133,0.0240635,-0.376024,All,#4682B4,0
8,18,-0.804054,-1.35203,0.601446,0.312731,1.42327,-0.258294,-1.79275,0.154677,-0.700846,-0.0187409,0.198176,All,#4682B4,0
9,18,-0.64962,-0.732373,0.461507,0.226542,1.26447,-0.232712,-0.936722,0.160568,-0.505636,-0.0294483,0.425825,All,#4682B4,0
10,18,-0.527661,0.205245,0.475819,0.238523,1.16586,-0.202784,-0.196187,0.398973,0.0404254,0.00507014,0.0157581,All,#4682B4,0
