popPred_spline_abscissa,popPred_spline,popPred_ci_abscissa,popPred_piLower,popPred_piUpper,indivPred_spline_abscissa,indivPred_spline,indivPred_ci_abscissa,indivPred_piLower,indivPred_piUpper,split
2.22045e-16,0.311188,2.22045e-16,-1.43186e-16,5.87275e-16,2.22045e-16,-0.0542184,2.22045e-16,-1.43186e-16,5.87275e-16,All
4.64432e-16,0.311188,4.64432e-16,9.92006e-17,8.29662e-16,4.66901e-16,-0.0542184,4.66901e-16,1.0167e-16,8.32132e-16,All
9.71411e-16,0.311188,9.71411e-16,3.11831e-16,1.63099e-15,9.81768e-16,-0.0542184,9.81768e-16,3.15155e-16,1.64838e-15,All
2.03182e-15,0.311188,2.03182e-15,6.52229e-16,3.4114e-15,2.0644e-15,-0.0542184,2.0644e-15,6.62688e-16,3.46611e-15,All
4.24978e-15,0.311188,4.24978e-15,1.36421e-15,7.13534e-15,4.34088e-15,-0.0542184,4.34088e-15,1.39346e-15,7.2883e-15,All
8.88889e-15,0.311188,8.88889e-15,2.8534e-15,1.49244e-14,9.12771e-15,-0.0542184,9.12771e-15,2.93007e-15,1.53253e-14,All
1.85921e-14,0.311188,1.85921e-14,5.96822e-15,3.1216e-14,1.91931e-14,-0.0542184,1.91931e-14,6.16115e-15,3.22251e-14,All
3.88875e-14,0.311188,3.88875e-14,1.24832e-14,6.52919e-14,4.03581e-14,-0.0542184,4.03581e-14,1.29553e-14,6.77609e-14,All
8.13377e-14,0.311188,8.13377e-14,2.611e-14,1.36565e-13,8.48623e-14,-0.0542184,8.48623e-14,2.72415e-14,1.42483e-13,All
1.70127e-13,0.311188,1.70127e-13,5.46121e-14,2.85642e-13,1.78443e-13,-0.0542184,1.78443e-13,5.72815e-14,2.99604e-13,All
3.5584e-13,0.311188,3.5584e-13,1.14227e-13,5.97453e-13,3.75218e-13,-0.0542184,3.75218e-13,1.20448e-13,6.29987e-13,All
7.4428e-13,0.311188,7.4428e-13,2.3892e-13,1.24964e-12,7.88983e-13,-0.0542184,7.88983e-13,2.5327e-13,1.3247e-12,All
1.55675e-12,0.311188,1.55675e-12,4.99728e-13,2.61376e-12,1.65902e-12,-0.0542184,1.65902e-12,5.32559e-13,2.78548e-12,All
3.25611e-12,0.311188,3.25611e-12,1.04524e-12,5.46698e-12,3.48848e-12,-0.0542184,3.48848e-12,1.11983e-12,5.85713e-12,All
6.81053e-12,0.311188,6.81053e-12,2.18623e-12,1.14348e-11,7.33534e-12,-0.0542184,7.33534e-12,2.3547e-12,1.2316e-11,All
1.4245e-11,0.311188,1.4245e-11,4.57275e-12,2.39172e-11,1.54243e-11,-0.0542184,1.54243e-11,4.95131e-12,2.58972e-11,All
2.9795e-11,0.311188,2.9795e-11,9.56443e-12,5.00256e-11,3.24331e-11,-0.0542184,3.24331e-11,1.04113e-11,5.4455e-11,All
6.23196e-11,0.311188,6.23196e-11,2.00051e-11,1.04634e-10,6.81982e-11,-0.0542184,6.81982e-11,2.18922e-11,1.14504e-10,All
1.30349e-10,0.311188,1.30349e-10,4.18429e-11,2.18854e-10,1.43403e-10,-0.0542184,1.43403e-10,4.60334e-11,2.40772e-10,All
2.72639e-10,0.311188,2.72639e-10,8.75193e-11,4.57759e-10,3.01538e-10,-0.0542184,3.01538e-10,9.6796e-11,5.0628e-10,All
5.70255e-10,0.311188,5.70255e-10,1.83056e-10,9.57454e-10,6.34054e-10,-0.0542184,6.34054e-10,2.03536e-10,1.06457e-09,All
1.19275e-09,0.311188,1.19275e-09,3.82883e-10,2.00262e-09,1.33325e-09,-0.0542184,1.33325e-09,4.27983e-10,2.23851e-09,All
2.49478e-09,0.311188,2.49478e-09,8.00844e-10,4.18872e-09,2.80346e-09,-0.0542184,2.80346e-09,8.99933e-10,4.70699e-09,All
5.21812e-09,0.311188,5.21812e-09,1.67506e-09,8.76117e-09,5.89493e-09,-0.0542184,5.89493e-09,1.89232e-09,9.89755e-09,All
1.09143e-08,0.311188,1.09143e-08,3.50357e-09,1.8325e-08,1.23955e-08,-0.0542184,1.23955e-08,3.97905e-09,2.08119e-08,All
2.28285e-08,0.311188,2.28285e-08,7.32812e-09,3.83288e-08,2.60644e-08,-0.0542184,2.60644e-08,8.36688e-09,4.37619e-08,All
4.77483e-08,0.311188,4.77483e-08,1.53276e-08,8.0169e-08,5.48065e-08,-0.0542183,5.48065e-08,1.75933e-08,9.20196e-08,All
9.9871e-08,0.311188,9.9871e-08,3.20594e-08,1.67683e-07,1.15243e-07,-0.0542182,1.15243e-07,3.6994e-08,1.93493e-07,All
2.08892e-07,0.311189,2.08892e-07,6.70559e-08,3.50727e-07,2.42326e-07,-0.054218,2.42326e-07,7.77886e-08,4.06864e-07,All
4.36921e-07,0.311189,4.36921e-07,1.40255e-07,7.33586e-07,5.09547e-07,-0.0542176,5.09547e-07,1.63569e-07,8.55526e-07,All
9.13869e-07,0.31119,9.13869e-07,2.93359e-07,1.53438e-06,1.07144e-06,-0.0542167,1.07144e-06,3.43942e-07,1.79894e-06,All
1.91146e-06,0.311193,1.91146e-06,6.13594e-07,3.20933e-06,2.25296e-06,-0.0542149,2.25296e-06,7.23218e-07,3.7827e-06,All
3.99804e-06,0.311197,3.99804e-06,1.2834e-06,6.71267e-06,4.73737e-06,-0.054211,4.73737e-06,1.52073e-06,7.95401e-06,All
8.36235e-06,0.311208,8.36235e-06,2.68438e-06,1.40403e-05,9.96143e-06,-0.0542028,9.96143e-06,3.1977e-06,1.67252e-05,All
1.74908e-05,0.311229,1.74908e-05,5.61469e-06,2.93669e-05,2.09462e-05,-0.0541855,2.09462e-05,6.72391e-06,3.51686e-05,All
3.6584e-05,0.311273,3.6584e-05,1.17438e-05,6.14242e-05,4.40444e-05,-0.0541493,4.40444e-05,1.41386e-05,7.39502e-05,All
7.65196e-05,0.311367,7.65196e-05,2.45634e-05,0.000128476,9.26136e-05,-0.054073,9.26136e-05,2.97297e-05,0.000155497,All
0.000160049,0.311562,0.000160049,5.13771e-05,0.000268722,0.000194742,-0.0539134,0.000194742,6.25136e-05,0.00032697,All
0.000334762,0.311969,0.000334762,0.000107461,0.000562062,0.00040949,-0.0535782,0.00040949,0.00013145,0.00068753,All
0.000700192,0.312822,0.000700192,0.000224767,0.00117562,0.000861048,-0.0528768,0.000861048,0.000276403,0.00144569,All
0.00146453,0.314607,0.00146453,0.000470126,0.00245894,0.00181056,-0.0514206,0.00181056,0.000581203,0.00303991,All
0.00306323,0.318338,0.00306323,0.000983322,0.00514314,0.00380712,-0.0484241,0.00380712,0.00122211,0.00639212,All
0.0064071,0.326144,0.0064071,0.00205673,0.0107575,0.00800535,-0.0429137,0.00800535,0.00256978,0.0134409,All
0.0134012,0.342469,0.0134012,0.00430188,0.0225005,0.0168331,-0.0318875,0.0168331,0.00540357,0.0282627,All
0.0280301,0.376616,0.0280301,0.00899788,0.0470623,0.0353956,-0.0111671,0.0353956,0.0113623,0.0594289,All
0.04694,0.420756,0.04694,0.0150681,0.0788119,0.0611906,0.0124979,0.0611906,0.0196427,0.102739,All
0.0586281,0.448038,0.0586281,0.0188201,0.0984361,0.0744275,0.0241944,0.0744275,0.0238918,0.124963,All
0.09388,0.530323,0.09388,0.0301362,0.157624,0.122381,0.0741729,0.122381,0.0392853,0.205477,All
0.122627,0.565782,0.122627,0.0393643,0.20589,0.156501,0.112769,0.156501,0.0502381,0.262764,All
0.14082,0.57981,0.14082,0.0452043,0.236436,0.183572,0.141766,0.183572,0.058928,0.308216,All
0.18776,0.616006,0.18776,0.0602724,0.315247,0.244762,0.200742,0.244762,0.0785707,0.410954,All
0.2347,0.652202,0.2347,0.0753406,0.394059,0.305953,0.266085,0.305953,0.0982134,0.513693,All
0.256489,0.669003,0.256489,0.082335,0.430643,0.32908,0.296413,0.32908,0.105637,0.552523,All
0.28164,0.688397,0.28164,0.0904087,0.472871,0.367144,0.350931,0.367144,0.117856,0.616431,All
0.32858,0.724886,0.32858,0.105477,0.551683,0.428334,0.432479,0.428334,0.137499,0.71917,All
0.37552,0.762255,0.37552,0.120545,0.630495,0.489525,0.486724,0.489525,0.157141,0.821908,All
0.42246,0.799623,0.42246,0.135613,0.709307,0.550715,0.531821,0.550715,0.176784,0.924647,All
0.4694,0.836992,0.4694,0.150681,0.788119,0.611906,0.593811,0.611906,0.196427,1.02739,All
0.51634,0.87436,0.51634,0.165749,0.866931,0.673097,0.673852,0.673097,0.216069,1.13012,All
0.536476,0.89039,0.536476,0.172213,0.900739,0.691968,0.699538,0.691968,0.222127,1.16181,All
0.56328,0.911336,0.56328,0.180817,0.945742,0.734287,0.754232,0.734287,0.235712,1.23286,All
0.61022,0.938118,0.61022,0.195885,1.02455,0.795478,0.818084,0.795478,0.255355,1.3356,All
0.65716,0.964899,0.65716,0.210954,1.10337,0.856669,0.864616,0.856669,0.274997,1.43834,All
0.7041,0.99168,0.7041,0.226022,1.18218,0.917859,0.901517,0.917859,0.29464,1.54108,All
0.75104,1.01846,0.75104,0.24109,1.26099,0.97905,0.939499,0.97905,0.314283,1.64382,All
0.79798,1.04524,0.79798,0.256158,1.3398,1.04024,0.989512,1.04024,0.333925,1.74656,All
0.84492,1.06782,0.84492,0.271226,1.41861,1.10143,1.05562,1.10143,0.353568,1.84929,All
0.89186,1.08321,0.89186,0.286294,1.49743,1.16262,1.133,1.16262,0.373211,1.95203,All
0.9388,1.09861,0.9388,0.301362,1.57624,1.22381,1.2131,1.22381,0.392853,2.05477,All
0.98574,1.114,0.98574,0.31643,1.65505,1.285,1.29098,1.285,0.412496,2.15751,All
1.03268,1.12939,1.03268,0.331498,1.73386,1.34619,1.36133,1.34619,0.432139,2.26025,All
1.07962,1.15891,1.07962,0.346567,1.81267,1.40738,1.42808,1.40738,0.451781,2.36299,All
1.1221,1.19733,1.1221,0.360203,1.884,1.45503,1.47591,1.45503,0.467075,2.44298,All
1.12656,1.20195,1.12656,0.361635,1.89148,1.46857,1.48901,1.46857,0.471424,2.46573,All
1.1735,1.25052,1.1735,0.376703,1.9703,1.52977,1.54677,1.52977,0.491067,2.56846,All
1.22044,1.2991,1.22044,0.391771,2.04911,1.59096,1.60265,1.59096,0.510709,2.6712,All
1.26738,1.34767,1.26738,0.406839,2.12792,1.65215,1.66152,1.65215,0.530352,2.77394,All
1.31432,1.39625,1.31432,0.421907,2.20673,1.71334,1.72927,1.71334,0.549995,2.87668,All
1.36126,1.4443,1.36126,0.436975,2.28554,1.77453,1.80598,1.77453,0.569637,2.97942,All
1.4082,1.49021,1.4082,0.452043,2.36436,1.83572,1.88626,1.83572,0.58928,3.08216,All
1.45514,1.53612,1.45514,0.467111,2.44317,1.89691,1.96468,1.89691,0.608923,3.1849,All
1.50208,1.58202,1.50208,0.48218,2.52198,1.9581,2.03604,1.9581,0.628566,3.28763,All
1.54902,1.62793,1.54902,0.497248,2.60079,2.01929,2.0964,2.01929,0.648208,3.39037,All
1.59596,1.68099,1.59596,0.512316,2.6796,2.08048,2.14501,2.08048,0.667851,3.49311,All
1.6429,1.74834,1.6429,0.527384,2.75842,2.14167,2.18183,2.14167,0.687494,3.59585,All
1.68984,1.81569,1.68984,0.542452,2.83723,2.20286,2.21671,2.20286,0.707136,3.69859,All
1.73678,1.89845,1.73678,0.55752,2.91604,2.26405,2.26701,2.26405,0.726779,3.80133,All
1.78372,1.97687,1.78372,0.572588,2.99485,2.32524,2.35301,2.32524,0.746422,3.90406,All
1.83066,2.0246,1.83066,0.587656,3.07366,2.38643,2.4896,2.38643,0.766064,4.0068,All
1.8776,2.07233,1.8776,0.602724,3.15247,2.44762,2.64754,2.44762,0.785707,4.10954,All
1.92454,2.12006,1.92454,0.617793,3.23129,2.50882,2.79873,2.50882,0.80535,4.21228,All
1.97148,2.14092,1.97148,0.632861,3.3101,2.57001,2.89769,2.57001,0.824992,4.31502,All
2.01842,2.151,2.01842,0.647929,3.38891,2.6312,2.91771,2.6312,0.844635,4.41776,All
2.06536,2.16109,2.06536,0.662997,3.46772,2.69239,2.90304,2.69239,0.864278,4.5205,All
2.1123,2.23345,2.1123,0.678065,3.54653,2.75358,2.92645,2.75358,0.88392,4.62323,All
2.15924,2.3119,2.15924,0.693133,3.62535,2.81477,3.04556,2.81477,0.903563,4.72597,All
2.20618,2.34403,2.20618,0.708201,3.70416,2.87596,3.22716,2.87596,0.923206,4.82871,All
2.25312,2.35516,2.25312,0.723269,3.78297,2.93715,3.40009,2.93715,0.942848,4.93145,All
2.30006,2.30755,2.30006,0.738337,3.86178,2.99834,3.45711,2.99834,0.962491,5.03419,All
2.347,2.28639,2.347,0.753406,3.94059,3.05953,3.44078,3.05953,0.982134,5.13693,All
