rep,ID,time,y3,y3_simBlq_simulated,indivPredSimulated,censored,split,color,filter
1,7,-1,-0.16725,-0.16725,-7,0,All,#4682B4,0
2,7,-1,-0.16725,-0.16725,-7,0,All,#4682B4,0
3,7,-1,-0.16725,-0.16725,-7,0,All,#4682B4,0
4,7,-1,-0.16725,-0.16725,-7,0,All,#4682B4,0
5,7,-1,-0.16725,-0.16725,-7,0,All,#4682B4,0
6,7,-1,-0.16725,-0.16725,-7,0,All,#4682B4,0
7,7,-1,-0.16725,-0.16725,-7,0,All,#4682B4,0
8,7,-1,-0.16725,-0.16725,-7,0,All,#4682B4,0
9,7,-1,-0.16725,-0.16725,-7,0,All,#4682B4,0
10,7,-1,-0.16725,-0.16725,-7,0,All,#4682B4,0
1,7,0,-0.31,-3.03666,-7,1,All,#4682B4,0
2,7,0,-0.31,-3.65086,-7,1,All,#4682B4,0
3,7,0,-0.31,-7.54031,-7,1,All,#4682B4,0
4,7,0,-0.31,-3.9562,-7,1,All,#4682B4,0
5,7,0,-0.31,-12.0029,-7,1,All,#4682B4,0
6,7,0,-0.31,-6.48745,-7,1,All,#4682B4,0
7,7,0,-0.31,-4.70335,-7,1,All,#4682B4,0
8,7,0,-0.31,-10.8619,-7,1,All,#4682B4,0
9,7,0,-0.31,-10.1829,-7,1,All,#4682B4,0
10,7,0,-0.31,-4.74018,-7,1,All,#4682B4,0
1,7,1,0.050877,0.050877,-4.8504,0,All,#4682B4,0
2,7,1,0.050877,0.050877,-7,0,All,#4682B4,0
3,7,1,0.050877,0.050877,-4.14607,0,All,#4682B4,0
4,7,1,0.050877,0.050877,-4.57844,0,All,#4682B4,0
5,7,1,0.050877,0.050877,-7,0,All,#4682B4,0
6,7,1,0.050877,0.050877,-4.43406,0,All,#4682B4,0
7,7,1,0.050877,0.050877,-3.5799,0,All,#4682B4,0
8,7,1,0.050877,0.050877,-7,0,All,#4682B4,0
9,7,1,0.050877,0.050877,-7,0,All,#4682B4,0
10,7,1,0.050877,0.050877,-7,0,All,#4682B4,0
1,7,2,-0.291743,-0.291743,-4.02722,0,All,#4682B4,0
2,7,2,-0.291743,-0.291743,-3.63339,0,All,#4682B4,0
3,7,2,-0.291743,-0.291743,-2.76015,0,All,#4682B4,0
4,7,2,-0.291743,-0.291743,-3.39561,0,All,#4682B4,0
5,7,2,-0.291743,-0.291743,-3.61345,0,All,#4682B4,0
6,7,2,-0.291743,-0.291743,-3.65734,0,All,#4682B4,0
7,7,2,-0.291743,-0.291743,-2.6328,0,All,#4682B4,0
8,7,2,-0.291743,-0.291743,-4.97892,0,All,#4682B4,0
9,7,2,-0.291743,-0.291743,-3.28215,0,All,#4682B4,0
10,7,2,-0.291743,-0.291743,-3.42362,0,All,#4682B4,0
1,7,3,-0.31,-5.84877,-3.14215,1,All,#4682B4,0
2,7,3,-0.31,-2.26996,-2.19032,1,All,#4682B4,0
3,7,3,-0.31,-1.37695,-1.40633,1,All,#4682B4,0
4,7,3,-0.31,-4.16266,-2.21443,1,All,#4682B4,0
5,7,3,-0.31,-4.65153,-2.44331,1,All,#4682B4,0
6,7,3,-0.31,-2.06134,-2.55436,1,All,#4682B4,0
7,7,3,-0.31,-2.01691,-1.55891,1,All,#4682B4,0
8,7,3,-0.31,-3.33197,-2.47961,1,All,#4682B4,0
9,7,3,-0.31,-1.22741,-1.62686,1,All,#4682B4,0
10,7,3,-0.31,-3.02102,-1.7398,1,All,#4682B4,0
1,7,4,0.205345,0.205345,-1.85449,0,All,#4682B4,0
2,7,4,0.205345,0.205345,-0.595317,0,All,#4682B4,0
3,7,4,0.205345,0.205345,-0.022547,0,All,#4682B4,0
4,7,4,0.205345,0.205345,-0.831982,0,All,#4682B4,0
5,7,4,0.205345,0.205345,-0.998044,0,All,#4682B4,0
6,7,4,0.205345,0.205345,-0.93788,0,All,#4682B4,0
7,7,4,0.205345,0.205345,-0.248208,0,All,#4682B4,0
8,7,4,0.205345,0.205345,-0.605394,0,All,#4682B4,0
9,7,4,0.205345,0.205345,-0.0170527,0,All,#4682B4,0
10,7,4,0.205345,0.205345,-0.158147,0,All,#4682B4,0
1,7,5,0.129385,0.129385,0.13919,0,All,#4682B4,0
2,7,5,0.129385,0.129385,1.16856,0,All,#4682B4,0
3,7,5,0.129385,0.129385,1.37683,0,All,#4682B4,0
4,7,5,0.129385,0.129385,0.799613,0,All,#4682B4,0
5,7,5,0.129385,0.129385,0.822872,0,All,#4682B4,0
6,7,5,0.129385,0.129385,1.59317,0,All,#4682B4,0
7,7,5,0.129385,0.129385,1.37601,0,All,#4682B4,0
8,7,5,0.129385,0.129385,1.01725,0,All,#4682B4,0
9,7,5,0.129385,0.129385,1.53191,0,All,#4682B4,0
10,7,5,0.129385,0.129385,1.31877,0,All,#4682B4,0
1,7,6,0.391458,0.391458,2.96548,0,All,#4682B4,0
2,7,6,0.391458,0.391458,2.70949,0,All,#4682B4,0
3,7,6,0.391458,0.391458,2.49407,0,All,#4682B4,0
4,7,6,0.391458,0.391458,2.53665,0,All,#4682B4,0
5,7,6,0.391458,0.391458,2.80069,0,All,#4682B4,0
6,7,6,0.391458,0.391458,2.65907,0,All,#4682B4,0
7,7,6,0.391458,0.391458,2.88626,0,All,#4682B4,0
8,7,6,0.391458,0.391458,2.24325,0,All,#4682B4,0
9,7,6,0.391458,0.391458,2.64409,0,All,#4682B4,0
10,7,6,0.391458,0.391458,2.46105,0,All,#4682B4,0
1,7,7,1.52905,1.52905,2.49068,0,All,#4682B4,0
2,7,7,1.52905,1.52905,2.41225,0,All,#4682B4,0
3,7,7,1.52905,1.52905,2.40725,0,All,#4682B4,0
4,7,7,1.52905,1.52905,2.58786,0,All,#4682B4,0
5,7,7,1.52905,1.52905,2.68279,0,All,#4682B4,0
6,7,7,1.52905,1.52905,1.89859,0,All,#4682B4,0
7,7,7,1.52905,1.52905,2.61749,0,All,#4682B4,0
8,7,7,1.52905,1.52905,2.2776,0,All,#4682B4,0
9,7,7,1.52905,1.52905,2.56691,0,All,#4682B4,0
10,7,7,1.52905,1.52905,2.49249,0,All,#4682B4,0
1,7,8,2.56727,2.56727,1.99522,0,All,#4682B4,0
2,7,8,2.56727,2.56727,1.81289,0,All,#4682B4,0
3,7,8,2.56727,2.56727,1.93765,0,All,#4682B4,0
4,7,8,2.56727,2.56727,2.00326,0,All,#4682B4,0
5,7,8,2.56727,2.56727,2.43539,0,All,#4682B4,0
6,7,8,2.56727,2.56727,1.689,0,All,#4682B4,0
7,7,8,2.56727,2.56727,2.24424,0,All,#4682B4,0
8,7,8,2.56727,2.56727,1.77625,0,All,#4682B4,0
9,7,8,2.56727,2.56727,2.09112,0,All,#4682B4,0
10,7,8,2.56727,2.56727,2.0475,0,All,#4682B4,0
1,7,9,0.728962,0.728962,1.63928,0,All,#4682B4,0
2,7,9,0.728962,0.728962,1.52409,0,All,#4682B4,0
3,7,9,0.728962,0.728962,1.71403,0,All,#4682B4,0
4,7,9,0.728962,0.728962,1.65217,0,All,#4682B4,0
5,7,9,0.728962,0.728962,2.12947,0,All,#4682B4,0
6,7,9,0.728962,0.728962,1.67629,0,All,#4682B4,0
7,7,9,0.728962,0.728962,2.0837,0,All,#4682B4,0
8,7,9,0.728962,0.728962,1.5262,0,All,#4682B4,0
9,7,9,0.728962,0.728962,1.60958,0,All,#4682B4,0
10,7,9,0.728962,0.728962,1.67405,0,All,#4682B4,0
1,7,10,1.33046,1.33046,1.30611,0,All,#4682B4,0
2,7,10,1.33046,1.33046,1.22535,0,All,#4682B4,0
3,7,10,1.33046,1.33046,1.62927,0,All,#4682B4,0
4,7,10,1.33046,1.33046,1.30371,0,All,#4682B4,0
5,7,10,1.33046,1.33046,1.62911,0,All,#4682B4,0
6,7,10,1.33046,1.33046,1.56789,0,All,#4682B4,0
7,7,10,1.33046,1.33046,1.81552,0,All,#4682B4,0
8,7,10,1.33046,1.33046,1.51042,0,All,#4682B4,0
9,7,10,1.33046,1.33046,1.17587,0,All,#4682B4,0
10,7,10,1.33046,1.33046,1.21692,0,All,#4682B4,0
1,7,11,0.838593,0.838593,0.953142,0,All,#4682B4,0
2,7,11,0.838593,0.838593,0.754186,0,All,#4682B4,0
3,7,11,0.838593,0.838593,1.30527,0,All,#4682B4,0
4,7,11,0.838593,0.838593,0.877083,0,All,#4682B4,0
5,7,11,0.838593,0.838593,0.95511,0,All,#4682B4,0
6,7,11,0.838593,0.838593,1.11062,0,All,#4682B4,0
7,7,11,0.838593,0.838593,1.4023,0,All,#4682B4,0
8,7,11,0.838593,0.838593,1.35515,0,All,#4682B4,0
9,7,11,0.838593,0.838593,0.742397,0,All,#4682B4,0
10,7,11,0.838593,0.838593,0.640561,0,All,#4682B4,0
1,7,12,1.05048,1.05048,0.463482,0,All,#4682B4,0
2,7,12,1.05048,1.05048,0.0469987,0,All,#4682B4,0
3,7,12,1.05048,1.05048,0.699645,0,All,#4682B4,0
4,7,12,1.05048,1.05048,0.311233,0,All,#4682B4,0
5,7,12,1.05048,1.05048,0.0110284,0,All,#4682B4,0
6,7,12,1.05048,1.05048,0.398553,0,All,#4682B4,0
7,7,12,1.05048,1.05048,0.823688,0,All,#4682B4,0
8,7,12,1.05048,1.05048,0.628385,0,All,#4682B4,0
9,7,12,1.05048,1.05048,0.252975,0,All,#4682B4,0
10,7,12,1.05048,1.05048,-0.0974699,0,All,#4682B4,0
1,7,13,0.082977,0.082977,-0.658103,0,All,#4682B4,0
2,7,13,0.082977,0.082977,-0.925759,0,All,#4682B4,0
3,7,13,0.082977,0.082977,-0.178297,0,All,#4682B4,0
4,7,13,0.082977,0.082977,-0.462039,0,All,#4682B4,0
5,7,13,0.082977,0.082977,-1.25013,0,All,#4682B4,0
6,7,13,0.082977,0.082977,-0.583839,0,All,#4682B4,0
7,7,13,0.082977,0.082977,0.0140285,0,All,#4682B4,0
8,7,13,0.082977,0.082977,-0.500405,0,All,#4682B4,0
9,7,13,0.082977,0.082977,-0.338629,0,All,#4682B4,0
10,7,13,0.082977,0.082977,-1.02669,0,All,#4682B4,0
1,7,14,-0.31,-1.70261,-2.32569,1,All,#4682B4,0
2,7,14,-0.31,-2.02932,-2.1584,1,All,#4682B4,0
3,7,14,-0.31,-1.07507,-1.31862,1,All,#4682B4,0
4,7,14,-0.31,-2.39742,-1.47635,1,All,#4682B4,0
5,7,14,-0.31,-2.07466,-2.78708,1,All,#4682B4,0
6,7,14,-0.31,-2.73182,-1.86326,1,All,#4682B4,0
7,7,14,-0.31,-2.97802,-1.07308,1,All,#4682B4,0
8,7,14,-0.31,-0.597145,-1.9168,1,All,#4682B4,0
9,7,14,-0.31,-1.65927,-1.06562,1,All,#4682B4,0
10,7,14,-0.31,-0.80694,-2.14208,1,All,#4682B4,0
1,8,-1,-0.091531,-0.091531,-7,0,All,#4682B4,0
2,8,-1,-0.091531,-0.091531,-7,0,All,#4682B4,0
3,8,-1,-0.091531,-0.091531,-7,0,All,#4682B4,0
4,8,-1,-0.091531,-0.091531,-7,0,All,#4682B4,0
5,8,-1,-0.091531,-0.091531,-7,0,All,#4682B4,0
6,8,-1,-0.091531,-0.091531,-7,0,All,#4682B4,0
7,8,-1,-0.091531,-0.091531,-7,0,All,#4682B4,0
8,8,-1,-0.091531,-0.091531,-7,0,All,#4682B4,0
9,8,-1,-0.091531,-0.091531,-7,0,All,#4682B4,0
10,8,-1,-0.091531,-0.091531,-7,0,All,#4682B4,0
1,8,0,-0.240652,-0.240652,-7,0,All,#4682B4,0
2,8,0,-0.240652,-0.240652,-7,0,All,#4682B4,0
3,8,0,-0.240652,-0.240652,-7,0,All,#4682B4,0
4,8,0,-0.240652,-0.240652,-7,0,All,#4682B4,0
5,8,0,-0.240652,-0.240652,-7,0,All,#4682B4,0
6,8,0,-0.240652,-0.240652,-7,0,All,#4682B4,0
7,8,0,-0.240652,-0.240652,-7,0,All,#4682B4,0
8,8,0,-0.240652,-0.240652,-7,0,All,#4682B4,0
9,8,0,-0.240652,-0.240652,-7,0,All,#4682B4,0
10,8,0,-0.240652,-0.240652,-7,0,All,#4682B4,0
1,8,1,-0.180193,-0.180193,-7,0,All,#4682B4,0
2,8,1,-0.180193,-0.180193,-7,0,All,#4682B4,0
3,8,1,-0.180193,-0.180193,-7,0,All,#4682B4,0
4,8,1,-0.180193,-0.180193,-7,0,All,#4682B4,0
5,8,1,-0.180193,-0.180193,-7,0,All,#4682B4,0
6,8,1,-0.180193,-0.180193,-7,0,All,#4682B4,0
7,8,1,-0.180193,-0.180193,-7,0,All,#4682B4,0
8,8,1,-0.180193,-0.180193,-7,0,All,#4682B4,0
9,8,1,-0.180193,-0.180193,-7,0,All,#4682B4,0
10,8,1,-0.180193,-0.180193,-7,0,All,#4682B4,0
1,8,2,-0.31,-12.8228,-7,1,All,#4682B4,0
2,8,2,-0.31,-4.46684,-7,1,All,#4682B4,0
3,8,2,-0.31,-6.03087,-7,1,All,#4682B4,0
4,8,2,-0.31,-10.4703,-7,1,All,#4682B4,0
5,8,2,-0.31,-3.3391,-7,1,All,#4682B4,0
6,8,2,-0.31,-12.6898,-7,1,All,#4682B4,0
7,8,2,-0.31,-2.27399,-7,1,All,#4682B4,0
8,8,2,-0.31,-13.8017,-7,1,All,#4682B4,0
9,8,2,-0.31,-8.56991,-7,1,All,#4682B4,0
10,8,2,-0.31,-8.81777,-7,1,All,#4682B4,0
1,8,3,-0.31,-0.379933,0.317567,1,All,#4682B4,0
2,8,3,-0.31,-0.42454,1.53973,1,All,#4682B4,0
3,8,3,-0.31,-1.25943,0.360699,1,All,#4682B4,0
4,8,3,-0.31,-0.335044,0.267644,1,All,#4682B4,0
5,8,3,-0.31,-0.397182,0.300549,1,All,#4682B4,0
6,8,3,-0.31,-0.539098,0.344355,1,All,#4682B4,0
7,8,3,-0.31,-0.316978,0.705076,1,All,#4682B4,0
8,8,3,-0.31,-1.20705,0.231844,1,All,#4682B4,0
9,8,3,-0.31,-1.59417,-0.449109,1,All,#4682B4,0
10,8,3,-0.31,-0.707904,1.48394,1,All,#4682B4,0
1,8,4,0.704973,0.704973,2.30706,0,All,#4682B4,0
2,8,4,0.704973,0.704973,2.62206,0,All,#4682B4,0
3,8,4,0.704973,0.704973,2.77584,0,All,#4682B4,0
4,8,4,0.704973,0.704973,2.32417,0,All,#4682B4,0
5,8,4,0.704973,0.704973,2.15499,0,All,#4682B4,0
6,8,4,0.704973,0.704973,2.12755,0,All,#4682B4,0
7,8,4,0.704973,0.704973,2.30467,0,All,#4682B4,0
8,8,4,0.704973,0.704973,2.4232,0,All,#4682B4,0
9,8,4,0.704973,0.704973,2.25865,0,All,#4682B4,0
10,8,4,0.704973,0.704973,2.67415,0,All,#4682B4,0
1,8,5,1.84163,1.84163,2.58159,0,All,#4682B4,0
2,8,5,1.84163,1.84163,2.6412,0,All,#4682B4,0
3,8,5,1.84163,1.84163,2.7174,0,All,#4682B4,0
4,8,5,1.84163,1.84163,2.61184,0,All,#4682B4,0
5,8,5,1.84163,1.84163,2.47807,0,All,#4682B4,0
6,8,5,1.84163,1.84163,2.49044,0,All,#4682B4,0
7,8,5,1.84163,1.84163,2.54936,0,All,#4682B4,0
8,8,5,1.84163,1.84163,2.59798,0,All,#4682B4,0
9,8,5,1.84163,1.84163,2.55057,0,All,#4682B4,0
10,8,5,1.84163,1.84163,2.57047,0,All,#4682B4,0
1,8,6,2.39105,2.39105,2.38956,0,All,#4682B4,0
2,8,6,2.39105,2.39105,2.48314,0,All,#4682B4,0
3,8,6,2.39105,2.39105,2.43966,0,All,#4682B4,0
4,8,6,2.39105,2.39105,2.43439,0,All,#4682B4,0
5,8,6,2.39105,2.39105,2.37415,0,All,#4682B4,0
6,8,6,2.39105,2.39105,2.41873,0,All,#4682B4,0
7,8,6,2.39105,2.39105,2.38338,0,All,#4682B4,0
8,8,6,2.39105,2.39105,2.41728,0,All,#4682B4,0
9,8,6,2.39105,2.39105,2.27166,0,All,#4682B4,0
10,8,6,2.39105,2.39105,2.28778,0,All,#4682B4,0
1,8,7,2.15918,2.15918,2.06937,0,All,#4682B4,0
2,8,7,2.15918,2.15918,2.22191,0,All,#4682B4,0
3,8,7,2.15918,2.15918,2.15052,0,All,#4682B4,0
4,8,7,2.15918,2.15918,2.12894,0,All,#4682B4,0
5,8,7,2.15918,2.15918,2.11327,0,All,#4682B4,0
6,8,7,2.15918,2.15918,2.20198,0,All,#4682B4,0
7,8,7,2.15918,2.15918,2.07238,0,All,#4682B4,0
8,8,7,2.15918,2.15918,2.17084,0,All,#4682B4,0
9,8,7,2.15918,2.15918,1.8438,0,All,#4682B4,0
10,8,7,2.15918,2.15918,1.98439,0,All,#4682B4,0
1,8,8,2.32882,2.32882,1.6572,0,All,#4682B4,0
2,8,8,2.32882,2.32882,1.81746,0,All,#4682B4,0
3,8,8,2.32882,2.32882,1.77845,0,All,#4682B4,0
4,8,8,2.32882,2.32882,1.72069,0,All,#4682B4,0
5,8,8,2.32882,2.32882,1.71755,0,All,#4682B4,0
6,8,8,2.32882,2.32882,1.8756,0,All,#4682B4,0
7,8,8,2.32882,2.32882,1.63783,0,All,#4682B4,0
8,8,8,2.32882,2.32882,1.79842,0,All,#4682B4,0
9,8,8,2.32882,2.32882,1.31378,0,All,#4682B4,0
10,8,8,2.32882,2.32882,1.57299,0,All,#4682B4,0
1,8,9,1.80861,1.80861,1.14033,0,All,#4682B4,0
2,8,9,1.80861,1.80861,1.19574,0,All,#4682B4,0
3,8,9,1.80861,1.80861,1.20931,0,All,#4682B4,0
4,8,9,1.80861,1.80861,1.18756,0,All,#4682B4,0
5,8,9,1.80861,1.80861,1.14417,0,All,#4682B4,0
6,8,9,1.80861,1.80861,1.40942,0,All,#4682B4,0
7,8,9,1.80861,1.80861,1.05034,0,All,#4682B4,0
8,8,9,1.80861,1.80861,1.23793,0,All,#4682B4,0
9,8,9,1.80861,1.80861,0.673701,0,All,#4682B4,0
10,8,9,1.80861,1.80861,0.970086,0,All,#4682B4,0
1,8,10,-0.113947,-0.113947,0.501373,0,All,#4682B4,0
2,8,10,-0.113947,-0.113947,0.256403,0,All,#4682B4,0
3,8,10,-0.113947,-0.113947,0.354098,0,All,#4682B4,0
4,8,10,-0.113947,-0.113947,0.504142,0,All,#4682B4,0
5,8,10,-0.113947,-0.113947,0.329834,0,All,#4682B4,0
6,8,10,-0.113947,-0.113947,0.754242,0,All,#4682B4,0
7,8,10,-0.113947,-0.113947,0.28247,0,All,#4682B4,0
8,8,10,-0.113947,-0.113947,0.410987,0,All,#4682B4,0
9,8,10,-0.113947,-0.113947,-0.0820287,0,All,#4682B4,0
10,8,10,-0.113947,-0.113947,0.118935,0,All,#4682B4,0
1,8,11,-0.17109,-0.17109,-0.260809,0,All,#4682B4,0
2,8,11,-0.17109,-0.17109,-1.00201,0,All,#4682B4,0
3,8,11,-0.17109,-0.17109,-0.801227,0,All,#4682B4,0
4,8,11,-0.17109,-0.17109,-0.321822,0,All,#4682B4,0
5,8,11,-0.17109,-0.17109,-0.746486,0,All,#4682B4,0
6,8,11,-0.17109,-0.17109,-0.131934,0,All,#4682B4,0
7,8,11,-0.17109,-0.17109,-0.630756,0,All,#4682B4,0
8,8,11,-0.17109,-0.17109,-0.730877,0,All,#4682B4,0
9,8,11,-0.17109,-0.17109,-0.926371,0,All,#4682B4,0
10,8,11,-0.17109,-0.17109,-0.884733,0,All,#4682B4,0
1,8,12,-0.31,-1.53933,-1.08355,1,All,#4682B4,0
2,8,12,-0.31,-3.71174,-1.90956,1,All,#4682B4,0
3,8,12,-0.31,-2.08442,-1.74364,1,All,#4682B4,0
4,8,12,-0.31,-1.90231,-1.16191,1,All,#4682B4,0
5,8,12,-0.31,-2.49825,-1.78273,1,All,#4682B4,0
6,8,12,-0.31,-3.00891,-1.15612,1,All,#4682B4,0
7,8,12,-0.31,-3.08283,-1.43461,1,All,#4682B4,0
8,8,12,-0.31,-0.799141,-1.78789,1,All,#4682B4,0
9,8,12,-0.31,-1.39801,-1.75278,1,All,#4682B4,0
10,8,12,-0.31,-2.14211,-1.57848,1,All,#4682B4,0
1,8,13,-0.164723,-0.164723,-1.77802,0,All,#4682B4,0
2,8,13,-0.164723,-0.164723,-2.2924,0,All,#4682B4,0
3,8,13,-0.164723,-0.164723,-2.18274,0,All,#4682B4,0
4,8,13,-0.164723,-0.164723,-1.76347,0,All,#4682B4,0
5,8,13,-0.164723,-0.164723,-2.36096,0,All,#4682B4,0
6,8,13,-0.164723,-0.164723,-1.9149,0,All,#4682B4,0
7,8,13,-0.164723,-0.164723,-1.94061,0,All,#4682B4,0
8,8,13,-0.164723,-0.164723,-2.30936,0,All,#4682B4,0
9,8,13,-0.164723,-0.164723,-2.36993,0,All,#4682B4,0
10,8,13,-0.164723,-0.164723,-1.91748,0,All,#4682B4,0
1,8,14,-0.31,-1.48007,-2.20882,1,All,#4682B4,0
2,8,14,-0.31,-3.90633,-2.52459,1,All,#4682B4,0
3,8,14,-0.31,-2.84896,-2.43957,1,All,#4682B4,0
4,8,14,-0.31,-5.04088,-2.09855,1,All,#4682B4,0
5,8,14,-0.31,-4.84428,-2.67833,1,All,#4682B4,0
6,8,14,-0.31,-3.37412,-2.31298,1,All,#4682B4,0
7,8,14,-0.31,-1.92434,-2.23151,1,All,#4682B4,0
8,8,14,-0.31,-1.68608,-2.58941,1,All,#4682B4,0
9,8,14,-0.31,-2.91622,-2.73995,1,All,#4682B4,0
10,8,14,-0.31,-4.10906,-2.13982,1,All,#4682B4,0
1,9,-1,-0.31,-6.40969,-7,1,All,#4682B4,0
2,9,-1,-0.31,-6.62871,-7,1,All,#4682B4,0
3,9,-1,-0.31,-4.49738,-7,1,All,#4682B4,0
4,9,-1,-0.31,-5.31116,-7,1,All,#4682B4,0
5,9,-1,-0.31,-8.1228,-7,1,All,#4682B4,0
6,9,-1,-0.31,-10.2331,-7,1,All,#4682B4,0
7,9,-1,-0.31,-15.6991,-7,1,All,#4682B4,0
8,9,-1,-0.31,-10.9575,-7,1,All,#4682B4,0
9,9,-1,-0.31,-1.66718,-7,1,All,#4682B4,0
10,9,-1,-0.31,-16.6252,-7,1,All,#4682B4,0
1,9,0,-0.31,-15.2816,-7,1,All,#4682B4,0
2,9,0,-0.31,-2.1853,-7,1,All,#4682B4,0
3,9,0,-0.31,-7.82699,-7,1,All,#4682B4,0
4,9,0,-0.31,-3.3926,-7,1,All,#4682B4,0
5,9,0,-0.31,-6.09022,-7,1,All,#4682B4,0
6,9,0,-0.31,-8.8444,-7,1,All,#4682B4,0
7,9,0,-0.31,-14.8232,-7,1,All,#4682B4,0
8,9,0,-0.31,-7.5707,-7,1,All,#4682B4,0
9,9,0,-0.31,-5.33089,-7,1,All,#4682B4,0
10,9,0,-0.31,-6.09963,-7,1,All,#4682B4,0
1,9,1,-0.31,-8.24619,-7,1,All,#4682B4,0
2,9,1,-0.31,-6.7355,-7,1,All,#4682B4,0
3,9,1,-0.31,-4.31643,-7,1,All,#4682B4,0
4,9,1,-0.31,-6.51351,-7,1,All,#4682B4,0
5,9,1,-0.31,-10.1656,-7,1,All,#4682B4,0
6,9,1,-0.31,-10.3785,-7,1,All,#4682B4,0
7,9,1,-0.31,-8.18757,-7,1,All,#4682B4,0
8,9,1,-0.31,-6.5789,-7,1,All,#4682B4,0
9,9,1,-0.31,-9.99174,-7,1,All,#4682B4,0
10,9,1,-0.31,-9.50142,-7,1,All,#4682B4,0
1,9,2,-0.31,-0.627061,-0.332792,1,All,#4682B4,0
2,9,2,-0.31,-0.47932,-1.11886,1,All,#4682B4,0
3,9,2,-0.31,-0.585823,-0.412544,1,All,#4682B4,0
4,9,2,-0.31,-0.459342,-0.0722359,1,All,#4682B4,0
5,9,2,-0.31,-1.26777,-0.158936,1,All,#4682B4,0
6,9,2,-0.31,-1.04183,-0.617027,1,All,#4682B4,0
7,9,2,-0.31,-1.28558,-1.05524,1,All,#4682B4,0
8,9,2,-0.31,-0.551282,-0.541085,1,All,#4682B4,0
9,9,2,-0.31,-0.526177,-0.253031,1,All,#4682B4,0
10,9,2,-0.31,-0.91195,-1.04239,1,All,#4682B4,0
1,9,3,0.471042,0.471042,2.21683,0,All,#4682B4,0
2,9,3,0.471042,0.471042,1.17782,0,All,#4682B4,0
3,9,3,0.471042,0.471042,1.78105,0,All,#4682B4,0
4,9,3,0.471042,0.471042,1.49563,0,All,#4682B4,0
5,9,3,0.471042,0.471042,1.8824,0,All,#4682B4,0
6,9,3,0.471042,0.471042,1.80231,0,All,#4682B4,0
7,9,3,0.471042,0.471042,1.5354,0,All,#4682B4,0
8,9,3,0.471042,0.471042,1.50212,0,All,#4682B4,0
9,9,3,0.471042,0.471042,2.24236,0,All,#4682B4,0
10,9,3,0.471042,0.471042,1.9936,0,All,#4682B4,0
1,9,4,1.90715,1.90715,2.5632,0,All,#4682B4,0
2,9,4,1.90715,1.90715,2.30631,0,All,#4682B4,0
3,9,4,1.90715,1.90715,2.29331,0,All,#4682B4,0
4,9,4,1.90715,1.90715,1.89848,0,All,#4682B4,0
5,9,4,1.90715,1.90715,2.43394,0,All,#4682B4,0
6,9,4,1.90715,1.90715,2.24492,0,All,#4682B4,0
7,9,4,1.90715,1.90715,2.55598,0,All,#4682B4,0
8,9,4,1.90715,1.90715,2.07667,0,All,#4682B4,0
9,9,4,1.90715,1.90715,2.58174,0,All,#4682B4,0
10,9,4,1.90715,1.90715,2.51473,0,All,#4682B4,0
1,9,5,1.91641,1.91641,2.40048,0,All,#4682B4,0
2,9,5,1.91641,1.91641,2.14643,0,All,#4682B4,0
3,9,5,1.91641,1.91641,2.2872,0,All,#4682B4,0
4,9,5,1.91641,1.91641,1.89433,0,All,#4682B4,0
5,9,5,1.91641,1.91641,2.30217,0,All,#4682B4,0
6,9,5,1.91641,1.91641,2.13413,0,All,#4682B4,0
7,9,5,1.91641,1.91641,2.18272,0,All,#4682B4,0
8,9,5,1.91641,1.91641,2.17146,0,All,#4682B4,0
9,9,5,1.91641,1.91641,2.40197,0,All,#4682B4,0
10,9,5,1.91641,1.91641,2.11908,0,All,#4682B4,0
1,9,6,2.07475,2.07475,2.11779,0,All,#4682B4,0
2,9,6,2.07475,2.07475,1.44263,0,All,#4682B4,0
3,9,6,2.07475,2.07475,2.06303,0,All,#4682B4,0
4,9,6,2.07475,2.07475,1.70652,0,All,#4682B4,0
5,9,6,2.07475,2.07475,1.92535,0,All,#4682B4,0
6,9,6,2.07475,2.07475,1.75286,0,All,#4682B4,0
7,9,6,2.07475,2.07475,1.44116,0,All,#4682B4,0
8,9,6,2.07475,2.07475,2.00566,0,All,#4682B4,0
9,9,6,2.07475,2.07475,2.12711,0,All,#4682B4,0
10,9,6,2.07475,2.07475,1.56317,0,All,#4682B4,0
1,9,7,1.3889,1.3889,1.77324,0,All,#4682B4,0
2,9,7,1.3889,1.3889,0.785628,0,All,#4682B4,0
3,9,7,1.3889,1.3889,1.71896,0,All,#4682B4,0
4,9,7,1.3889,1.3889,1.45739,0,All,#4682B4,0
5,9,7,1.3889,1.3889,1.3982,0,All,#4682B4,0
6,9,7,1.3889,1.3889,1.20385,0,All,#4682B4,0
7,9,7,1.3889,1.3889,0.800508,0,All,#4682B4,0
8,9,7,1.3889,1.3889,1.67135,0,All,#4682B4,0
9,9,7,1.3889,1.3889,1.73285,0,All,#4682B4,0
10,9,7,1.3889,1.3889,1.00758,0,All,#4682B4,0
1,9,8,0.256086,0.256086,1.36823,0,All,#4682B4,0
2,9,8,0.256086,0.256086,0.32481,0,All,#4682B4,0
3,9,8,0.256086,0.256086,1.26797,0,All,#4682B4,0
4,9,8,0.256086,0.256086,0.994167,0,All,#4682B4,0
5,9,8,0.256086,0.256086,0.754279,0,All,#4682B4,0
6,9,8,0.256086,0.256086,0.560106,0,All,#4682B4,0
7,9,8,0.256086,0.256086,0.376071,0,All,#4682B4,0
8,9,8,0.256086,0.256086,1.18548,0,All,#4682B4,0
9,9,8,0.256086,0.256086,1.17397,0,All,#4682B4,0
10,9,8,0.256086,0.256086,0.476858,0,All,#4682B4,0
1,9,9,0.101356,0.101356,0.898134,0,All,#4682B4,0
2,9,9,0.101356,0.101356,-0.109676,0,All,#4682B4,0
3,9,9,0.101356,0.101356,0.71208,0,All,#4682B4,0
4,9,9,0.101356,0.101356,0.343097,0,All,#4682B4,0
5,9,9,0.101356,0.101356,0.0478838,0,All,#4682B4,0
6,9,9,0.101356,0.101356,-0.0412942,0,All,#4682B4,0
7,9,9,0.101356,0.101356,0.146714,0,All,#4682B4,0
8,9,9,0.101356,0.101356,0.557433,0,All,#4682B4,0
9,9,9,0.101356,0.101356,0.432123,0,All,#4682B4,0
10,9,9,0.101356,0.101356,0.0631021,0,All,#4682B4,0
1,9,10,0.069384,0.069384,0.36309,0,All,#4682B4,0
2,9,10,0.069384,0.069384,-0.561131,0,All,#4682B4,0
3,9,10,0.069384,0.069384,0.0856908,0,All,#4682B4,0
4,9,10,0.069384,0.069384,-0.300338,0,All,#4682B4,0
5,9,10,0.069384,0.069384,-0.609749,0,All,#4682B4,0
6,9,10,0.069384,0.069384,-0.492855,0,All,#4682B4,0
7,9,10,0.069384,0.069384,-0.110573,0,All,#4682B4,0
8,9,10,0.069384,0.069384,-0.134442,0,All,#4682B4,0
9,9,10,0.069384,0.069384,-0.377648,0,All,#4682B4,0
10,9,10,0.069384,0.069384,-0.243426,0,All,#4682B4,0
1,9,11,-0.053224,-0.053224,-0.218362,0,All,#4682B4,0
2,9,11,-0.053224,-0.053224,-1.03041,0,All,#4682B4,0
3,9,11,-0.053224,-0.053224,-0.507484,0,All,#4682B4,0
4,9,11,-0.053224,-0.053224,-0.869293,0,All,#4682B4,0
5,9,11,-0.053224,-0.053224,-1.1269,0,All,#4682B4,0
6,9,11,-0.053224,-0.053224,-0.816526,0,All,#4682B4,0
7,9,11,-0.053224,-0.053224,-0.461137,0,All,#4682B4,0
8,9,11,-0.053224,-0.053224,-0.739381,0,All,#4682B4,0
9,9,11,-0.053224,-0.053224,-0.978339,0,All,#4682B4,0
10,9,11,-0.053224,-0.053224,-0.493768,0,All,#4682B4,0
1,9,12,-0.008189,-0.008189,-0.786438,0,All,#4682B4,0
2,9,12,-0.008189,-0.008189,-1.52565,0,All,#4682B4,0
3,9,12,-0.008189,-0.008189,-0.955047,0,All,#4682B4,0
4,9,12,-0.008189,-0.008189,-1.37617,0,All,#4682B4,0
5,9,12,-0.008189,-0.008189,-1.49365,0,All,#4682B4,0
6,9,12,-0.008189,-0.008189,-1.07576,0,All,#4682B4,0
7,9,12,-0.008189,-0.008189,-0.901567,0,All,#4682B4,0
8,9,12,-0.008189,-0.008189,-1.18875,0,All,#4682B4,0
9,9,12,-0.008189,-0.008189,-1.33417,0,All,#4682B4,0
10,9,12,-0.008189,-0.008189,-0.72764,0,All,#4682B4,0
1,9,13,0.060448,0.060448,-1.24261,0,All,#4682B4,0
2,9,13,0.060448,0.060448,-2.04221,0,All,#4682B4,0
3,9,13,0.060448,0.060448,-1.25213,0,All,#4682B4,0
4,9,13,0.060448,0.060448,-1.85165,0,All,#4682B4,0
5,9,13,0.060448,0.060448,-1.76403,0,All,#4682B4,0
6,9,13,0.060448,0.060448,-1.30994,0,All,#4682B4,0
7,9,13,0.060448,0.060448,-1.41461,0,All,#4682B4,0
8,9,13,0.060448,0.060448,-1.5303,0,All,#4682B4,0
9,9,13,0.060448,0.060448,-1.58156,0,All,#4682B4,0
10,9,13,0.060448,0.060448,-0.963724,0,All,#4682B4,0
1,9,14,0.216565,0.216565,-1.53318,0,All,#4682B4,0
2,9,14,0.216565,0.216565,-2.58164,0,All,#4682B4,0
3,9,14,0.216565,0.216565,-1.46141,0,All,#4682B4,0
4,9,14,0.216565,0.216565,-2.31901,0,All,#4682B4,0
5,9,14,0.216565,0.216565,-1.98542,0,All,#4682B4,0
6,9,14,0.216565,0.216565,-1.53359,0,All,#4682B4,0
7,9,14,0.216565,0.216565,-1.9835,0,All,#4682B4,0
8,9,14,0.216565,0.216565,-1.82135,0,All,#4682B4,0
9,9,14,0.216565,0.216565,-1.79785,0,All,#4682B4,0
10,9,14,0.216565,0.216565,-1.20872,0,All,#4682B4,0
1,10,-1,-0.31,-5.76563,-7,1,All,#4682B4,0
2,10,-1,-0.31,-7.70783,-7,1,All,#4682B4,0
3,10,-1,-0.31,-3.44136,-7,1,All,#4682B4,0
4,10,-1,-0.31,-5.18313,-7,1,All,#4682B4,0
5,10,-1,-0.31,-9.2377,-7,1,All,#4682B4,0
6,10,-1,-0.31,-10.9945,-7,1,All,#4682B4,0
7,10,-1,-0.31,-3.04103,-7,1,All,#4682B4,0
8,10,-1,-0.31,-14.0878,-7,1,All,#4682B4,0
9,10,-1,-0.31,-7.96151,-7,1,All,#4682B4,0
10,10,-1,-0.31,-7.90715,-7,1,All,#4682B4,0
1,10,0,-0.16725,-0.16725,-7,0,All,#4682B4,0
2,10,0,-0.16725,-0.16725,-7,0,All,#4682B4,0
3,10,0,-0.16725,-0.16725,-7,0,All,#4682B4,0
4,10,0,-0.16725,-0.16725,-7,0,All,#4682B4,0
5,10,0,-0.16725,-0.16725,-7,0,All,#4682B4,0
6,10,0,-0.16725,-0.16725,-7,0,All,#4682B4,0
7,10,0,-0.16725,-0.16725,-7,0,All,#4682B4,0
8,10,0,-0.16725,-0.16725,-7,0,All,#4682B4,0
9,10,0,-0.16725,-0.16725,-7,0,All,#4682B4,0
10,10,0,-0.16725,-0.16725,-7,0,All,#4682B4,0
1,10,1,-0.31,-9.80426,-7,1,All,#4682B4,0
2,10,1,-0.31,-5.04208,-7,1,All,#4682B4,0
3,10,1,-0.31,-9.37265,-7,1,All,#4682B4,0
4,10,1,-0.31,-17.3089,-7,1,All,#4682B4,0
5,10,1,-0.31,-8.53965,-7,1,All,#4682B4,0
6,10,1,-0.31,-8.45851,-7,1,All,#4682B4,0
7,10,1,-0.31,-15.3611,-7,1,All,#4682B4,0
8,10,1,-0.31,-10.2797,-7,1,All,#4682B4,0
9,10,1,-0.31,-9.03803,-7,1,All,#4682B4,0
10,10,1,-0.31,-6.26024,-7,1,All,#4682B4,0
1,10,2,-0.086077,-0.086077,1.80031,0,All,#4682B4,0
2,10,2,-0.086077,-0.086077,1.45034,0,All,#4682B4,0
3,10,2,-0.086077,-0.086077,0.878699,0,All,#4682B4,0
4,10,2,-0.086077,-0.086077,1.87063,0,All,#4682B4,0
5,10,2,-0.086077,-0.086077,1.34015,0,All,#4682B4,0
6,10,2,-0.086077,-0.086077,1.31264,0,All,#4682B4,0
7,10,2,-0.086077,-0.086077,1.36344,0,All,#4682B4,0
8,10,2,-0.086077,-0.086077,1.7113,0,All,#4682B4,0
9,10,2,-0.086077,-0.086077,1.47841,0,All,#4682B4,0
10,10,2,-0.086077,-0.086077,2.19722,0,All,#4682B4,0
1,10,3,2.50227,2.50227,2.90943,0,All,#4682B4,0
2,10,3,2.50227,2.50227,2.47203,0,All,#4682B4,0
3,10,3,2.50227,2.50227,2.24083,0,All,#4682B4,0
4,10,3,2.50227,2.50227,2.87672,0,All,#4682B4,0
5,10,3,2.50227,2.50227,2.44552,0,All,#4682B4,0
6,10,3,2.50227,2.50227,2.62282,0,All,#4682B4,0
7,10,3,2.50227,2.50227,2.70602,0,All,#4682B4,0
8,10,3,2.50227,2.50227,2.78174,0,All,#4682B4,0
9,10,3,2.50227,2.50227,2.65241,0,All,#4682B4,0
10,10,3,2.50227,2.50227,2.91352,0,All,#4682B4,0
1,10,4,2.20671,2.20671,2.56298,0,All,#4682B4,0
2,10,4,2.20671,2.20671,2.17082,0,All,#4682B4,0
3,10,4,2.20671,2.20671,2.25492,0,All,#4682B4,0
4,10,4,2.20671,2.20671,2.45118,0,All,#4682B4,0
5,10,4,2.20671,2.20671,2.12761,0,All,#4682B4,0
6,10,4,2.20671,2.20671,2.51523,0,All,#4682B4,0
7,10,4,2.20671,2.20671,2.46602,0,All,#4682B4,0
8,10,4,2.20671,2.20671,2.45954,0,All,#4682B4,0
9,10,4,2.20671,2.20671,2.37773,0,All,#4682B4,0
10,10,4,2.20671,2.20671,2.30349,0,All,#4682B4,0
1,10,5,1.78061,1.78061,2.11627,0,All,#4682B4,0
2,10,5,1.78061,1.78061,1.5961,0,All,#4682B4,0
3,10,5,1.78061,1.78061,1.75901,0,All,#4682B4,0
4,10,5,1.78061,1.78061,1.9154,0,All,#4682B4,0
5,10,5,1.78061,1.78061,1.50257,0,All,#4682B4,0
6,10,5,1.78061,1.78061,2.1237,0,All,#4682B4,0
7,10,5,1.78061,1.78061,1.96203,0,All,#4682B4,0
8,10,5,1.78061,1.78061,1.9767,0,All,#4682B4,0
9,10,5,1.78061,1.78061,1.84911,0,All,#4682B4,0
10,10,5,1.78061,1.78061,1.6317,0,All,#4682B4,0
1,10,6,1.51062,1.51062,1.68311,0,All,#4682B4,0
2,10,6,1.51062,1.51062,1.03548,0,All,#4682B4,0
3,10,6,1.51062,1.51062,1.23004,0,All,#4682B4,0
4,10,6,1.51062,1.51062,1.39179,0,All,#4682B4,0
5,10,6,1.51062,1.51062,0.96589,0,All,#4682B4,0
6,10,6,1.51062,1.51062,1.7061,0,All,#4682B4,0
7,10,6,1.51062,1.51062,1.44518,0,All,#4682B4,0
8,10,6,1.51062,1.51062,1.4837,0,All,#4682B4,0
9,10,6,1.51062,1.51062,1.30761,0,All,#4682B4,0
10,10,6,1.51062,1.51062,1.03023,0,All,#4682B4,0
1,10,7,1.18341,1.18341,1.25449,0,All,#4682B4,0
2,10,7,1.18341,1.18341,0.58789,0,All,#4682B4,0
3,10,7,1.18341,1.18341,0.843769,0,All,#4682B4,0
4,10,7,1.18341,1.18341,0.92381,0,All,#4682B4,0
5,10,7,1.18341,1.18341,0.634557,0,All,#4682B4,0
6,10,7,1.18341,1.18341,1.30333,0,All,#4682B4,0
7,10,7,1.18341,1.18341,0.965442,0,All,#4682B4,0
8,10,7,1.18341,1.18341,1.00194,0,All,#4682B4,0
9,10,7,1.18341,1.18341,0.816014,0,All,#4682B4,0
10,10,7,1.18341,1.18341,0.603833,0,All,#4682B4,0
1,10,8,0.811397,0.811397,0.772509,0,All,#4682B4,0
2,10,8,0.811397,0.811397,0.283566,0,All,#4682B4,0
3,10,8,0.811397,0.811397,0.630169,0,All,#4682B4,0
4,10,8,0.811397,0.811397,0.565208,0,All,#4682B4,0
5,10,8,0.811397,0.811397,0.482395,0,All,#4682B4,0
6,10,8,0.811397,0.811397,0.938827,0,All,#4682B4,0
7,10,8,0.811397,0.811397,0.565246,0,All,#4682B4,0
8,10,8,0.811397,0.811397,0.54855,0,All,#4682B4,0
9,10,8,0.811397,0.811397,0.426474,0,All,#4682B4,0
10,10,8,0.811397,0.811397,0.404223,0,All,#4682B4,0
1,10,9,-0.010572,-0.010572,0.28931,0,All,#4682B4,0
2,10,9,-0.010572,-0.010572,0.10244,0,All,#4682B4,0
3,10,9,-0.010572,-0.010572,0.470414,0,All,#4682B4,0
4,10,9,-0.010572,-0.010572,0.226035,0,All,#4682B4,0
5,10,9,-0.010572,-0.010572,0.423961,0,All,#4682B4,0
6,10,9,-0.010572,-0.010572,0.635826,0,All,#4682B4,0
7,10,9,-0.010572,-0.010572,0.282337,0,All,#4682B4,0
8,10,9,-0.010572,-0.010572,0.149707,0,All,#4682B4,0
9,10,9,-0.010572,-0.010572,0.171183,0,All,#4682B4,0
10,10,9,-0.010572,-0.010572,0.185506,0,All,#4682B4,0
1,10,10,-0.030475,-0.030475,-0.123821,0,All,#4682B4,0
2,10,10,-0.030475,-0.030475,-0.0430285,0,All,#4682B4,0
3,10,10,-0.030475,-0.030475,0.0406927,0,All,#4682B4,0
4,10,10,-0.030475,-0.030475,-0.153865,0,All,#4682B4,0
5,10,10,-0.030475,-0.030475,0.139453,0,All,#4682B4,0
6,10,10,-0.030475,-0.030475,0.289081,0,All,#4682B4,0
7,10,10,-0.030475,-0.030475,0.0523676,0,All,#4682B4,0
8,10,10,-0.030475,-0.030475,-0.163831,0,All,#4682B4,0
9,10,10,-0.030475,-0.030475,0.0455113,0,All,#4682B4,0
10,10,10,-0.030475,-0.030475,-0.182698,0,All,#4682B4,0
1,10,11,-0.31,-0.785118,-0.441237,1,All,#4682B4,0
2,10,11,-0.31,-1.65237,-0.518268,1,All,#4682B4,0
3,10,11,-0.31,-0.755943,-0.566557,1,All,#4682B4,0
4,10,11,-0.31,-2.28915,-0.520856,1,All,#4682B4,0
5,10,11,-0.31,-0.928809,-0.328207,1,All,#4682B4,0
6,10,11,-0.31,-0.874586,-0.144245,1,All,#4682B4,0
7,10,11,-0.31,-0.464697,-0.313595,1,All,#4682B4,0
8,10,11,-0.31,-0.498679,-0.393004,1,All,#4682B4,0
9,10,11,-0.31,-0.778568,-0.160751,1,All,#4682B4,0
10,10,11,-0.31,-0.31878,-0.629685,1,All,#4682B4,0
1,10,12,-0.31,-0.80887,-0.682348,1,All,#4682B4,0
2,10,12,-0.31,-1.04307,-1.19367,1,All,#4682B4,0
3,10,12,-0.31,-1.4381,-1.22252,1,All,#4682B4,0
4,10,12,-0.31,-1.7117,-0.857198,1,All,#4682B4,0
5,10,12,-0.31,-0.348257,-0.83927,1,All,#4682B4,0
6,10,12,-0.31,-0.931517,-0.61006,1,All,#4682B4,0
7,10,12,-0.31,-3.38288,-0.782631,1,All,#4682B4,0
8,10,12,-0.31,-2.17906,-0.753271,1,All,#4682B4,0
9,10,12,-0.31,-1.04818,-0.728682,1,All,#4682B4,0
10,10,12,-0.31,-1.53408,-1.09326,1,All,#4682B4,0
1,10,13,-0.31,-3.19107,-0.88779,1,All,#4682B4,0
2,10,13,-0.31,-1.57718,-1.8615,1,All,#4682B4,0
3,10,13,-0.31,-3.20934,-1.88004,1,All,#4682B4,0
4,10,13,-0.31,-1.43928,-1.17079,1,All,#4682B4,0
5,10,13,-0.31,-0.799471,-1.34935,1,All,#4682B4,0
6,10,13,-0.31,-1.39084,-1.03725,1,All,#4682B4,0
7,10,13,-0.31,-2.9458,-1.27508,1,All,#4682B4,0
8,10,13,-0.31,-0.995496,-1.27146,1,All,#4682B4,0
9,10,13,-0.31,-1.77005,-1.45546,1,All,#4682B4,0
10,10,13,-0.31,-0.66723,-1.55615,1,All,#4682B4,0
1,10,14,-0.31,-2.4132,-1.08183,1,All,#4682B4,0
2,10,14,-0.31,-3.58017,-2.4964,1,All,#4682B4,0
3,10,14,-0.31,-0.663537,-2.53133,1,All,#4682B4,0
4,10,14,-0.31,-2.3423,-1.48137,1,All,#4682B4,0
5,10,14,-0.31,-0.945695,-1.84601,1,All,#4682B4,0
6,10,14,-0.31,-2.10197,-1.42002,1,All,#4682B4,0
7,10,14,-0.31,-2.11271,-1.75041,1,All,#4682B4,0
8,10,14,-0.31,-2.90929,-1.81781,1,All,#4682B4,0
9,10,14,-0.31,-0.745678,-2.16483,1,All,#4682B4,0
10,10,14,-0.31,-1.5621,-2.02014,1,All,#4682B4,0
1,11,-1,0.040133,0.040133,-7,0,All,#4682B4,0
2,11,-1,0.040133,0.040133,-7,0,All,#4682B4,0
3,11,-1,0.040133,0.040133,-7,0,All,#4682B4,0
4,11,-1,0.040133,0.040133,-7,0,All,#4682B4,0
5,11,-1,0.040133,0.040133,-7,0,All,#4682B4,0
6,11,-1,0.040133,0.040133,-7,0,All,#4682B4,0
7,11,-1,0.040133,0.040133,-7,0,All,#4682B4,0
8,11,-1,0.040133,0.040133,-7,0,All,#4682B4,0
9,11,-1,0.040133,0.040133,-7,0,All,#4682B4,0
10,11,-1,0.040133,0.040133,-7,0,All,#4682B4,0
1,11,0,-0.057582,-0.057582,-7,0,All,#4682B4,0
2,11,0,-0.057582,-0.057582,-7,0,All,#4682B4,0
3,11,0,-0.057582,-0.057582,-7,0,All,#4682B4,0
4,11,0,-0.057582,-0.057582,-7,0,All,#4682B4,0
5,11,0,-0.057582,-0.057582,-7,0,All,#4682B4,0
6,11,0,-0.057582,-0.057582,-7,0,All,#4682B4,0
7,11,0,-0.057582,-0.057582,-7,0,All,#4682B4,0
8,11,0,-0.057582,-0.057582,-7,0,All,#4682B4,0
9,11,0,-0.057582,-0.057582,-7,0,All,#4682B4,0
10,11,0,-0.057582,-0.057582,-7,0,All,#4682B4,0
1,11,1,-0.31,-7.0334,-7,1,All,#4682B4,0
2,11,1,-0.31,-12.0289,-7,1,All,#4682B4,0
3,11,1,-0.31,-2.13569,-7,1,All,#4682B4,0
4,11,1,-0.31,-5.57904,-7,1,All,#4682B4,0
5,11,1,-0.31,-6.38005,-7,1,All,#4682B4,0
6,11,1,-0.31,-7.7175,-7,1,All,#4682B4,0
7,11,1,-0.31,-6.12624,-7,1,All,#4682B4,0
8,11,1,-0.31,-2.40576,-7,1,All,#4682B4,0
9,11,1,-0.31,-0.97599,-7,1,All,#4682B4,0
10,11,1,-0.31,-5.1014,-7,1,All,#4682B4,0
1,11,2,-0.291743,-0.291743,0.0610119,0,All,#4682B4,0
2,11,2,-0.291743,-0.291743,-0.534433,0,All,#4682B4,0
3,11,2,-0.291743,-0.291743,0.241559,0,All,#4682B4,0
4,11,2,-0.291743,-0.291743,-0.43474,0,All,#4682B4,0
5,11,2,-0.291743,-0.291743,-0.459713,0,All,#4682B4,0
6,11,2,-0.291743,-0.291743,-0.269103,0,All,#4682B4,0
7,11,2,-0.291743,-0.291743,-0.594126,0,All,#4682B4,0
8,11,2,-0.291743,-0.291743,-0.737497,0,All,#4682B4,0
9,11,2,-0.291743,-0.291743,0.0713002,0,All,#4682B4,0
10,11,2,-0.291743,-0.291743,-0.870495,0,All,#4682B4,0
1,11,3,0.16191,0.16191,1.66884,0,All,#4682B4,0
2,11,3,0.16191,0.16191,2.0977,0,All,#4682B4,0
3,11,3,0.16191,0.16191,1.80723,0,All,#4682B4,0
4,11,3,0.16191,0.16191,1.88807,0,All,#4682B4,0
5,11,3,0.16191,0.16191,1.86019,0,All,#4682B4,0
6,11,3,0.16191,0.16191,1.86621,0,All,#4682B4,0
7,11,3,0.16191,0.16191,1.82498,0,All,#4682B4,0
8,11,3,0.16191,0.16191,1.86976,0,All,#4682B4,0
9,11,3,0.16191,0.16191,2.08316,0,All,#4682B4,0
10,11,3,0.16191,0.16191,1.9323,0,All,#4682B4,0
1,11,4,1.11625,1.11625,2.18116,0,All,#4682B4,0
2,11,4,1.11625,1.11625,2.60305,0,All,#4682B4,0
3,11,4,1.11625,1.11625,2.17821,0,All,#4682B4,0
4,11,4,1.11625,1.11625,2.45131,0,All,#4682B4,0
5,11,4,1.11625,1.11625,2.39793,0,All,#4682B4,0
6,11,4,1.11625,1.11625,2.29601,0,All,#4682B4,0
7,11,4,1.11625,1.11625,2.27111,0,All,#4682B4,0
8,11,4,1.11625,1.11625,2.40053,0,All,#4682B4,0
9,11,4,1.11625,1.11625,2.50312,0,All,#4682B4,0
10,11,4,1.11625,1.11625,2.40601,0,All,#4682B4,0
1,11,5,1.62065,1.62065,2.26462,0,All,#4682B4,0
2,11,5,1.62065,1.62065,2.51556,0,All,#4682B4,0
3,11,5,1.62065,1.62065,2.20101,0,All,#4682B4,0
4,11,5,1.62065,1.62065,2.46902,0,All,#4682B4,0
5,11,5,1.62065,1.62065,2.43193,0,All,#4682B4,0
6,11,5,1.62065,1.62065,2.3298,0,All,#4682B4,0
7,11,5,1.62065,1.62065,2.27268,0,All,#4682B4,0
8,11,5,1.62065,1.62065,2.41242,0,All,#4682B4,0
9,11,5,1.62065,1.62065,2.40173,0,All,#4682B4,0
10,11,5,1.62065,1.62065,2.40746,0,All,#4682B4,0
1,11,6,2.12201,2.12201,2.1717,0,All,#4682B4,0
2,11,6,2.12201,2.12201,2.23655,0,All,#4682B4,0
3,11,6,2.12201,2.12201,2.09408,0,All,#4682B4,0
4,11,6,2.12201,2.12201,2.27571,0,All,#4682B4,0
5,11,6,2.12201,2.12201,2.32971,0,All,#4682B4,0
6,11,6,2.12201,2.12201,2.24258,0,All,#4682B4,0
7,11,6,2.12201,2.12201,2.13004,0,All,#4682B4,0
8,11,6,2.12201,2.12201,2.21704,0,All,#4682B4,0
9,11,6,2.12201,2.12201,2.08883,0,All,#4682B4,0
10,11,6,2.12201,2.12201,2.20473,0,All,#4682B4,0
1,11,7,3.10406,3.10406,1.90844,0,All,#4682B4,0
2,11,7,3.10406,3.10406,1.79277,0,All,#4682B4,0
3,11,7,3.10406,3.10406,1.87582,0,All,#4682B4,0
4,11,7,3.10406,3.10406,1.90713,0,All,#4682B4,0
5,11,7,3.10406,3.10406,2.10098,0,All,#4682B4,0
6,11,7,3.10406,3.10406,2.03407,0,All,#4682B4,0
7,11,7,3.10406,3.10406,1.90702,0,All,#4682B4,0
8,11,7,3.10406,3.10406,1.86755,0,All,#4682B4,0
9,11,7,3.10406,3.10406,1.57469,0,All,#4682B4,0
10,11,7,3.10406,3.10406,1.80583,0,All,#4682B4,0
1,11,8,1.2442,1.2442,1.28625,0,All,#4682B4,0
2,11,8,1.2442,1.2442,1.11847,0,All,#4682B4,0
3,11,8,1.2442,1.2442,1.3196,0,All,#4682B4,0
4,11,8,1.2442,1.2442,1.26953,0,All,#4682B4,0
5,11,8,1.2442,1.2442,1.58041,0,All,#4682B4,0
6,11,8,1.2442,1.2442,1.48159,0,All,#4682B4,0
7,11,8,1.2442,1.2442,1.35249,0,All,#4682B4,0
8,11,8,1.2442,1.2442,1.30769,0,All,#4682B4,0
9,11,8,1.2442,1.2442,0.778844,0,All,#4682B4,0
10,11,8,1.2442,1.2442,1.0966,0,All,#4682B4,0
1,11,9,0.939639,0.939639,0.0544597,0,All,#4682B4,0
2,11,9,0.939639,0.939639,0.144275,0,All,#4682B4,0
3,11,9,0.939639,0.939639,0.0656653,0,All,#4682B4,0
4,11,9,0.939639,0.939639,0.203951,0,All,#4682B4,0
5,11,9,0.939639,0.939639,0.470035,0,All,#4682B4,0
6,11,9,0.939639,0.939639,0.130222,0,All,#4682B4,0
7,11,9,0.939639,0.939639,0.066969,0,All,#4682B4,0
8,11,9,0.939639,0.939639,0.431553,0,All,#4682B4,0
9,11,9,0.939639,0.939639,-0.343322,0,All,#4682B4,0
10,11,9,0.939639,0.939639,-0.107982,0,All,#4682B4,0
1,11,10,-0.205408,-0.205408,-1.23456,0,All,#4682B4,0
2,11,10,-0.205408,-0.205408,-0.959397,0,All,#4682B4,0
3,11,10,-0.205408,-0.205408,-1.47312,0,All,#4682B4,0
4,11,10,-0.205408,-0.205408,-1.22278,0,All,#4682B4,0
5,11,10,-0.205408,-0.205408,-1.09342,0,All,#4682B4,0
6,11,10,-0.205408,-0.205408,-1.6873,0,All,#4682B4,0
7,11,10,-0.205408,-0.205408,-1.46287,0,All,#4682B4,0
8,11,10,-0.205408,-0.205408,-0.830865,0,All,#4682B4,0
9,11,10,-0.205408,-0.205408,-1.44613,0,All,#4682B4,0
10,11,10,-0.205408,-0.205408,-1.54857,0,All,#4682B4,0
1,11,11,-0.244498,-0.244498,-2.07855,0,All,#4682B4,0
2,11,11,-0.244498,-0.244498,-1.72264,0,All,#4682B4,0
3,11,11,-0.244498,-0.244498,-2.34469,0,All,#4682B4,0
4,11,11,-0.244498,-0.244498,-2.20973,0,All,#4682B4,0
5,11,11,-0.244498,-0.244498,-2.00664,0,All,#4682B4,0
6,11,11,-0.244498,-0.244498,-2.53364,0,All,#4682B4,0
7,11,11,-0.244498,-0.244498,-2.28618,0,All,#4682B4,0
8,11,11,-0.244498,-0.244498,-2.03742,0,All,#4682B4,0
9,11,11,-0.244498,-0.244498,-2.09528,0,All,#4682B4,0
10,11,11,-0.244498,-0.244498,-2.29815,0,All,#4682B4,0
1,11,12,-0.31,-1.01902,-2.73279,1,All,#4682B4,0
2,11,12,-0.31,-2.52615,-2.153,1,All,#4682B4,0
3,11,12,-0.31,-2.47211,-2.98834,1,All,#4682B4,0
4,11,12,-0.31,-3.4107,-2.75609,1,All,#4682B4,0
5,11,12,-0.31,-1.96079,-2.61497,1,All,#4682B4,0
6,11,12,-0.31,-10.5634,-3.12869,1,All,#4682B4,0
7,11,12,-0.31,-2.94699,-2.89847,1,All,#4682B4,0
8,11,12,-0.31,-3.45452,-2.69264,1,All,#4682B4,0
9,11,12,-0.31,-3.15495,-2.48645,1,All,#4682B4,0
10,11,12,-0.31,-3.05187,-2.72987,1,All,#4682B4,0
1,11,13,-0.31,-6.71844,-3.33319,1,All,#4682B4,0
2,11,13,-0.31,-1.16895,-2.46184,1,All,#4682B4,0
3,11,13,-0.31,-3.3994,-3.57705,1,All,#4682B4,0
4,11,13,-0.31,-3.45373,-3.15323,1,All,#4682B4,0
5,11,13,-0.31,-7.52118,-3.1548,1,All,#4682B4,0
6,11,13,-0.31,-4.60094,-3.68115,1,All,#4682B4,0
7,11,13,-0.31,-1.60301,-3.46892,1,All,#4682B4,0
8,11,13,-0.31,-3.63507,-3.09031,1,All,#4682B4,0
9,11,13,-0.31,-4.48648,-2.79548,1,All,#4682B4,0
10,11,13,-0.31,-2.99836,-3.08582,1,All,#4682B4,0
1,11,14,-0.31,-3.36572,-3.9266,1,All,#4682B4,0
2,11,14,-0.31,-5.83246,-2.74264,1,All,#4682B4,0
3,11,14,-0.31,-5.41029,-4.15212,1,All,#4682B4,0
4,11,14,-0.31,-2.28902,-3.51527,1,All,#4682B4,0
5,11,14,-0.31,-4.72105,-3.69001,1,All,#4682B4,0
6,11,14,-0.31,-4.32454,-4.23476,1,All,#4682B4,0
7,11,14,-0.31,-7.8812,-4.03501,1,All,#4682B4,0
8,11,14,-0.31,-6.5247,-3.40827,1,All,#4682B4,0
9,11,14,-0.31,-4.00043,-3.08766,1,All,#4682B4,0
10,11,14,-0.31,-4.28605,-3.43066,1,All,#4682B4,0
1,12,-1,-0.274454,-0.274454,-7,0,All,#4682B4,0
2,12,-1,-0.274454,-0.274454,-7,0,All,#4682B4,0
3,12,-1,-0.274454,-0.274454,-7,0,All,#4682B4,0
4,12,-1,-0.274454,-0.274454,-7,0,All,#4682B4,0
5,12,-1,-0.274454,-0.274454,-7,0,All,#4682B4,0
6,12,-1,-0.274454,-0.274454,-7,0,All,#4682B4,0
7,12,-1,-0.274454,-0.274454,-7,0,All,#4682B4,0
8,12,-1,-0.274454,-0.274454,-7,0,All,#4682B4,0
9,12,-1,-0.274454,-0.274454,-7,0,All,#4682B4,0
10,12,-1,-0.274454,-0.274454,-7,0,All,#4682B4,0
1,12,0,-0.240652,-0.240652,-7,0,All,#4682B4,0
2,12,0,-0.240652,-0.240652,-7,0,All,#4682B4,0
3,12,0,-0.240652,-0.240652,-7,0,All,#4682B4,0
4,12,0,-0.240652,-0.240652,-7,0,All,#4682B4,0
5,12,0,-0.240652,-0.240652,-7,0,All,#4682B4,0
6,12,0,-0.240652,-0.240652,-7,0,All,#4682B4,0
7,12,0,-0.240652,-0.240652,-7,0,All,#4682B4,0
8,12,0,-0.240652,-0.240652,-7,0,All,#4682B4,0
9,12,0,-0.240652,-0.240652,-7,0,All,#4682B4,0
10,12,0,-0.240652,-0.240652,-7,0,All,#4682B4,0
1,12,1,-0.31,-4.92284,-7,1,All,#4682B4,0
2,12,1,-0.31,-10.1124,-7,1,All,#4682B4,0
3,12,1,-0.31,-8.89382,-7,1,All,#4682B4,0
4,12,1,-0.31,-5.21897,-7,1,All,#4682B4,0
5,12,1,-0.31,-9.21233,-7,1,All,#4682B4,0
6,12,1,-0.31,-5.50887,-7,1,All,#4682B4,0
7,12,1,-0.31,-10.6913,-7,1,All,#4682B4,0
8,12,1,-0.31,-9.3994,-7,1,All,#4682B4,0
9,12,1,-0.31,-5.37176,-7,1,All,#4682B4,0
10,12,1,-0.31,-2.00026,-7,1,All,#4682B4,0
1,12,2,-0.31,-14.1388,-7,1,All,#4682B4,0
2,12,2,-0.31,-6.05786,-7,1,All,#4682B4,0
3,12,2,-0.31,-4.19879,-7,1,All,#4682B4,0
4,12,2,-0.31,-2.89261,-7,1,All,#4682B4,0
5,12,2,-0.31,-8.91231,-7,1,All,#4682B4,0
6,12,2,-0.31,-4.27022,-7,1,All,#4682B4,0
7,12,2,-0.31,-8.80902,-7,1,All,#4682B4,0
8,12,2,-0.31,-5.77314,-7,1,All,#4682B4,0
9,12,2,-0.31,-6.18844,-7,1,All,#4682B4,0
10,12,2,-0.31,-6.2261,-7,1,All,#4682B4,0
1,12,3,-0.31,-5.47059,-7,1,All,#4682B4,0
2,12,3,-0.31,-9.22938,-7,1,All,#4682B4,0
3,12,3,-0.31,-17.603,-7,1,All,#4682B4,0
4,12,3,-0.31,-4.5336,-7,1,All,#4682B4,0
5,12,3,-0.31,-17.1934,-7,1,All,#4682B4,0
6,12,3,-0.31,-9.03069,-7,1,All,#4682B4,0
7,12,3,-0.31,-13.4996,-7,1,All,#4682B4,0
8,12,3,-0.31,-9.75599,-7,1,All,#4682B4,0
9,12,3,-0.31,-5.23607,-7,1,All,#4682B4,0
10,12,3,-0.31,-6.36972,-7,1,All,#4682B4,0
1,12,4,-0.31,-12.4596,-7,1,All,#4682B4,0
2,12,4,-0.31,-6.89519,-7,1,All,#4682B4,0
3,12,4,-0.31,-5.77996,-7,1,All,#4682B4,0
4,12,4,-0.31,-1.47346,-7,1,All,#4682B4,0
5,12,4,-0.31,-6.17155,-7,1,All,#4682B4,0
6,12,4,-0.31,-2.38248,-2.3751,1,All,#4682B4,0
7,12,4,-0.31,-5.61953,-7,1,All,#4682B4,0
8,12,4,-0.31,-2.0656,-7,1,All,#4682B4,0
9,12,4,-0.31,-15.5585,-7,1,All,#4682B4,0
10,12,4,-0.31,-3.43757,-7,1,All,#4682B4,0
1,12,5,-0.31,-1.05974,1.48558,1,All,#4682B4,0
2,12,5,-0.31,-1.12908,2.14527,1,All,#4682B4,0
3,12,5,-0.31,-1.21179,1.9844,1,All,#4682B4,0
4,12,5,-0.31,-0.414064,2.24678,1,All,#4682B4,0
5,12,5,-0.31,-0.366979,1.21513,1,All,#4682B4,0
6,12,5,-0.31,-0.92539,2.47838,1,All,#4682B4,0
7,12,5,-0.31,-0.662397,1.60199,1,All,#4682B4,0
8,12,5,-0.31,-1.25666,2.37946,1,All,#4682B4,0
9,12,5,-0.31,-0.401035,1.83507,1,All,#4682B4,0
10,12,5,-0.31,-0.518903,1.37217,1,All,#4682B4,0
1,12,6,-0.31,-0.359845,2.58837,1,All,#4682B4,0
2,12,6,-0.31,-0.62216,2.80185,1,All,#4682B4,0
3,12,6,-0.31,-1.18129,2.70722,1,All,#4682B4,0
4,12,6,-0.31,-1.29469,2.81619,1,All,#4682B4,0
5,12,6,-0.31,-1.20114,2.45426,1,All,#4682B4,0
6,12,6,-0.31,-2.89579,2.76108,1,All,#4682B4,0
7,12,6,-0.31,-1.30053,2.75537,1,All,#4682B4,0
8,12,6,-0.31,-0.963619,2.83351,1,All,#4682B4,0
9,12,6,-0.31,-0.565483,2.69487,1,All,#4682B4,0
10,12,6,-0.31,-1.14736,2.50193,1,All,#4682B4,0
1,12,7,0.74041,0.74041,2.45809,0,All,#4682B4,0
2,12,7,0.74041,0.74041,2.50771,0,All,#4682B4,0
3,12,7,0.74041,0.74041,2.39349,0,All,#4682B4,0
4,12,7,0.74041,0.74041,2.52989,0,All,#4682B4,0
5,12,7,0.74041,0.74041,2.35383,0,All,#4682B4,0
6,12,7,0.74041,0.74041,2.42956,0,All,#4682B4,0
7,12,7,0.74041,0.74041,2.46877,0,All,#4682B4,0
8,12,7,0.74041,0.74041,2.46322,0,All,#4682B4,0
9,12,7,0.74041,0.74041,2.44831,0,All,#4682B4,0
10,12,7,0.74041,0.74041,2.41832,0,All,#4682B4,0
1,12,8,2.41647,2.41647,2.01428,0,All,#4682B4,0
2,12,8,2.41647,2.41647,2.05631,0,All,#4682B4,0
3,12,8,2.41647,2.41647,1.81905,0,All,#4682B4,0
4,12,8,2.41647,2.41647,2.11305,0,All,#4682B4,0
5,12,8,2.41647,2.41647,1.82044,0,All,#4682B4,0
6,12,8,2.41647,2.41647,1.96654,0,All,#4682B4,0
7,12,8,2.41647,2.41647,1.90217,0,All,#4682B4,0
8,12,8,2.41647,2.41647,1.93564,0,All,#4682B4,0
9,12,8,2.41647,2.41647,1.93501,0,All,#4682B4,0
10,12,8,2.41647,2.41647,1.94085,0,All,#4682B4,0
1,12,9,2.3829,2.3829,1.44826,0,All,#4682B4,0
2,12,9,2.3829,2.3829,1.51188,0,All,#4682B4,0
3,12,9,2.3829,2.3829,1.06341,0,All,#4682B4,0
4,12,9,2.3829,2.3829,1.61324,0,All,#4682B4,0
5,12,9,2.3829,2.3829,1.11157,0,All,#4682B4,0
6,12,9,2.3829,2.3829,1.40338,0,All,#4682B4,0
7,12,9,2.3829,2.3829,1.22214,0,All,#4682B4,0
8,12,9,2.3829,2.3829,1.2835,0,All,#4682B4,0
9,12,9,2.3829,2.3829,1.27912,0,All,#4682B4,0
10,12,9,2.3829,2.3829,1.32812,0,All,#4682B4,0
1,12,10,1.44151,1.44151,0.797521,0,All,#4682B4,0
2,12,10,1.44151,1.44151,0.882789,0,All,#4682B4,0
3,12,10,1.44151,1.44151,0.179465,0,All,#4682B4,0
4,12,10,1.44151,1.44151,1.03267,0,All,#4682B4,0
5,12,10,1.44151,1.44151,0.37048,0,All,#4682B4,0
6,12,10,1.44151,1.44151,0.764265,0,All,#4682B4,0
7,12,10,1.44151,1.44151,0.476822,0,All,#4682B4,0
8,12,10,1.44151,1.44151,0.527396,0,All,#4682B4,0
9,12,10,1.44151,1.44151,0.536388,0,All,#4682B4,0
10,12,10,1.44151,1.44151,0.654946,0,All,#4682B4,0
1,12,11,1.08618,1.08618,0.136467,0,All,#4682B4,0
2,12,11,1.08618,1.08618,0.21937,0,All,#4682B4,0
3,12,11,1.08618,1.08618,-0.575097,0,All,#4682B4,0
4,12,11,1.08618,1.08618,0.403768,0,All,#4682B4,0
5,12,11,1.08618,1.08618,-0.203292,0,All,#4682B4,0
6,12,11,1.08618,1.08618,0.152465,0,All,#4682B4,0
7,12,11,1.08618,1.08618,-0.221394,0,All,#4682B4,0
8,12,11,1.08618,1.08618,-0.207972,0,All,#4682B4,0
9,12,11,1.08618,1.08618,-0.116715,0,All,#4682B4,0
10,12,11,1.08618,1.08618,0.0118538,0,All,#4682B4,0
1,12,12,-0.31,-0.719979,-0.385555,1,All,#4682B4,0
2,12,12,-0.31,-1.39173,-0.350302,1,All,#4682B4,0
3,12,12,-0.31,-1.63189,-0.982152,1,All,#4682B4,0
4,12,12,-0.31,-0.497576,-0.163992,1,All,#4682B4,0
5,12,12,-0.31,-1.45738,-0.545769,1,All,#4682B4,0
6,12,12,-0.31,-1.33643,-0.277806,1,All,#4682B4,0
7,12,12,-0.31,-1.15472,-0.72237,1,All,#4682B4,0
8,12,12,-0.31,-1.11782,-0.706602,1,All,#4682B4,0
9,12,12,-0.31,-0.362937,-0.517545,1,All,#4682B4,0
10,12,12,-0.31,-0.74445,-0.48726,1,All,#4682B4,0
1,12,13,-0.31,-0.910238,-0.697416,1,All,#4682B4,0
2,12,13,-0.31,-0.554015,-0.709861,1,All,#4682B4,0
3,12,13,-0.31,-0.379565,-1.17727,1,All,#4682B4,0
4,12,13,-0.31,-0.928765,-0.533116,1,All,#4682B4,0
5,12,13,-0.31,-1.70287,-0.750317,1,All,#4682B4,0
6,12,13,-0.31,-1.54351,-0.504718,1,All,#4682B4,0
7,12,13,-0.31,-1.26855,-1.00104,1,All,#4682B4,0
8,12,13,-0.31,-1.32459,-0.95571,1,All,#4682B4,0
9,12,13,-0.31,-0.393251,-0.722848,1,All,#4682B4,0
10,12,13,-0.31,-0.427221,-0.81108,1,All,#4682B4,0
1,12,14,-0.31,-2.47553,-0.857574,1,All,#4682B4,0
2,12,14,-0.31,-0.470464,-0.886871,1,All,#4682B4,0
3,12,14,-0.31,-0.759291,-1.30939,1,All,#4682B4,0
4,12,14,-0.31,-0.990637,-0.70797,1,All,#4682B4,0
5,12,14,-0.31,-1.33487,-0.896629,1,All,#4682B4,0
6,12,14,-0.31,-1.47253,-0.618325,1,All,#4682B4,0
7,12,14,-0.31,-0.560479,-1.13769,1,All,#4682B4,0
8,12,14,-0.31,-0.9616,-1.07996,1,All,#4682B4,0
9,12,14,-0.31,-2.25861,-0.843855,1,All,#4682B4,0
10,12,14,-0.31,-2.95732,-1.00493,1,All,#4682B4,0
1,13,-1,-0.31,-16.695,-7,1,All,#4682B4,0
2,13,-1,-0.31,-9.49068,-7,1,All,#4682B4,0
3,13,-1,-0.31,-11.0061,-7,1,All,#4682B4,0
4,13,-1,-0.31,-5.07713,-7,1,All,#4682B4,0
5,13,-1,-0.31,-19.9951,-7,1,All,#4682B4,0
6,13,-1,-0.31,-5.8801,-7,1,All,#4682B4,0
7,13,-1,-0.31,-8.02136,-7,1,All,#4682B4,0
8,13,-1,-0.31,-10.7797,-7,1,All,#4682B4,0
9,13,-1,-0.31,-16.6139,-7,1,All,#4682B4,0
10,13,-1,-0.31,-6.12635,-7,1,All,#4682B4,0
1,13,0,-0.248853,-0.248853,-7,0,All,#4682B4,0
2,13,0,-0.248853,-0.248853,-7,0,All,#4682B4,0
3,13,0,-0.248853,-0.248853,-7,0,All,#4682B4,0
4,13,0,-0.248853,-0.248853,-7,0,All,#4682B4,0
5,13,0,-0.248853,-0.248853,-7,0,All,#4682B4,0
6,13,0,-0.248853,-0.248853,-7,0,All,#4682B4,0
7,13,0,-0.248853,-0.248853,-7,0,All,#4682B4,0
8,13,0,-0.248853,-0.248853,-7,0,All,#4682B4,0
9,13,0,-0.248853,-0.248853,-7,0,All,#4682B4,0
10,13,0,-0.248853,-0.248853,-7,0,All,#4682B4,0
1,13,1,-0.31,-6.37409,-3.28997,1,All,#4682B4,0
2,13,1,-0.31,-7.82613,-3.32705,1,All,#4682B4,0
3,13,1,-0.31,-3.07053,-3.20041,1,All,#4682B4,0
4,13,1,-0.31,-3.12482,-2.89559,1,All,#4682B4,0
5,13,1,-0.31,-9.85446,-4.27294,1,All,#4682B4,0
6,13,1,-0.31,-3.28251,-3.62383,1,All,#4682B4,0
7,13,1,-0.31,-5.37128,-3.12905,1,All,#4682B4,0
8,13,1,-0.31,-4.67866,-2.89194,1,All,#4682B4,0
9,13,1,-0.31,-4.46448,-3.40506,1,All,#4682B4,0
10,13,1,-0.31,-5.8348,-3.36495,1,All,#4682B4,0
1,13,2,-0.31,-1.55184,-0.498879,1,All,#4682B4,0
2,13,2,-0.31,-0.467147,-0.357643,1,All,#4682B4,0
3,13,2,-0.31,-1.18742,-0.442248,1,All,#4682B4,0
4,13,2,-0.31,-0.927989,-0.408549,1,All,#4682B4,0
5,13,2,-0.31,-2.7382,-1.35816,1,All,#4682B4,0
6,13,2,-0.31,-0.405196,-0.594767,1,All,#4682B4,0
7,13,2,-0.31,-0.546324,-0.353683,1,All,#4682B4,0
8,13,2,-0.31,-1.186,0.0980447,1,All,#4682B4,0
9,13,2,-0.31,-0.779052,-0.909585,1,All,#4682B4,0
10,13,2,-0.31,-0.438936,-0.753517,1,All,#4682B4,0
1,13,3,-0.31,-0.68908,1.39402,1,All,#4682B4,0
2,13,3,-0.31,-0.697086,1.27917,1,All,#4682B4,0
3,13,3,-0.31,-0.699453,1.29475,1,All,#4682B4,0
4,13,3,-0.31,-0.419885,1.21103,1,All,#4682B4,0
5,13,3,-0.31,-0.945598,0.767806,1,All,#4682B4,0
6,13,3,-0.31,-0.937247,1.39676,1,All,#4682B4,0
7,13,3,-0.31,-0.792647,1.33653,1,All,#4682B4,0
8,13,3,-0.31,-1.13158,1.52102,1,All,#4682B4,0
9,13,3,-0.31,-0.793002,0.843054,1,All,#4682B4,0
10,13,3,-0.31,-0.369121,1.32893,1,All,#4682B4,0
1,13,4,1.04712,1.04712,2.43342,0,All,#4682B4,0
2,13,4,1.04712,1.04712,2.05032,0,All,#4682B4,0
3,13,4,1.04712,1.04712,2.19858,0,All,#4682B4,0
4,13,4,1.04712,1.04712,2.14025,0,All,#4682B4,0
5,13,4,1.04712,1.04712,2.17912,0,All,#4682B4,0
6,13,4,1.04712,1.04712,2.42807,0,All,#4682B4,0
7,13,4,1.04712,1.04712,2.23282,0,All,#4682B4,0
8,13,4,1.04712,1.04712,2.15257,0,All,#4682B4,0
9,13,4,1.04712,1.04712,2.0284,0,All,#4682B4,0
10,13,4,1.04712,1.04712,2.59493,0,All,#4682B4,0
1,13,5,1.18861,1.18861,2.13289,0,All,#4682B4,0
2,13,5,1.18861,1.18861,1.93427,0,All,#4682B4,0
3,13,5,1.18861,1.18861,1.98967,0,All,#4682B4,0
4,13,5,1.18861,1.18861,2.08139,0,All,#4682B4,0
5,13,5,1.18861,1.18861,2.07814,0,All,#4682B4,0
6,13,5,1.18861,1.18861,2.03962,0,All,#4682B4,0
7,13,5,1.18861,1.18861,2.08375,0,All,#4682B4,0
8,13,5,1.18861,1.18861,2.07989,0,All,#4682B4,0
9,13,5,1.18861,1.18861,2.26539,0,All,#4682B4,0
10,13,5,1.18861,1.18861,2.10594,0,All,#4682B4,0
1,13,6,1.63102,1.63102,1.43736,0,All,#4682B4,0
2,13,6,1.63102,1.63102,1.47568,0,All,#4682B4,0
3,13,6,1.63102,1.63102,1.42173,0,All,#4682B4,0
4,13,6,1.63102,1.63102,1.52516,0,All,#4682B4,0
5,13,6,1.63102,1.63102,1.34388,0,All,#4682B4,0
6,13,6,1.63102,1.63102,1.32383,0,All,#4682B4,0
7,13,6,1.63102,1.63102,1.4767,0,All,#4682B4,0
8,13,6,1.63102,1.63102,1.6737,0,All,#4682B4,0
9,13,6,1.63102,1.63102,1.74956,0,All,#4682B4,0
10,13,6,1.63102,1.63102,1.32701,0,All,#4682B4,0
1,13,7,0.950194,0.950194,0.957866,0,All,#4682B4,0
2,13,7,0.950194,0.950194,1.1239,0,All,#4682B4,0
3,13,7,0.950194,0.950194,1.01962,0,All,#4682B4,0
4,13,7,0.950194,0.950194,1.05077,0,All,#4682B4,0
5,13,7,0.950194,0.950194,0.841427,0,All,#4682B4,0
6,13,7,0.950194,0.950194,0.850992,0,All,#4682B4,0
7,13,7,0.950194,0.950194,0.956144,0,All,#4682B4,0
8,13,7,0.950194,0.950194,1.28044,0,All,#4682B4,0
9,13,7,0.950194,0.950194,1.2486,0,All,#4682B4,0
10,13,7,0.950194,0.950194,0.889994,0,All,#4682B4,0
1,13,8,1.45522,1.45522,0.739838,0,All,#4682B4,0
2,13,8,1.45522,1.45522,0.95855,0,All,#4682B4,0
3,13,8,1.45522,1.45522,0.843575,0,All,#4682B4,0
4,13,8,1.45522,1.45522,0.780752,0,All,#4682B4,0
5,13,8,1.45522,1.45522,0.629347,0,All,#4682B4,0
6,13,8,1.45522,1.45522,0.643673,0,All,#4682B4,0
7,13,8,1.45522,1.45522,0.638424,0,All,#4682B4,0
8,13,8,1.45522,1.45522,1.02612,0,All,#4682B4,0
9,13,8,1.45522,1.45522,0.974799,0,All,#4682B4,0
10,13,8,1.45522,1.45522,0.748322,0,All,#4682B4,0
1,13,9,1.10824,1.10824,0.722773,0,All,#4682B4,0
2,13,9,1.10824,1.10824,0.939945,0,All,#4682B4,0
3,13,9,1.10824,1.10824,0.842327,0,All,#4682B4,0
4,13,9,1.10824,1.10824,0.690301,0,All,#4682B4,0
5,13,9,1.10824,1.10824,0.635972,0,All,#4682B4,0
6,13,9,1.10824,1.10824,0.638274,0,All,#4682B4,0
7,13,9,1.10824,1.10824,0.499564,0,All,#4682B4,0
8,13,9,1.10824,1.10824,0.906366,0,All,#4682B4,0
9,13,9,1.10824,1.10824,0.899226,0,All,#4682B4,0
10,13,9,1.10824,1.10824,0.819666,0,All,#4682B4,0
1,13,10,0.485702,0.485702,0.840297,0,All,#4682B4,0
2,13,10,0.485702,0.485702,1.00942,0,All,#4682B4,0
3,13,10,0.485702,0.485702,0.950207,0,All,#4682B4,0
4,13,10,0.485702,0.485702,0.728815,0,All,#4682B4,0
5,13,10,0.485702,0.485702,0.783301,0,All,#4682B4,0
6,13,10,0.485702,0.485702,0.767746,0,All,#4682B4,0
7,13,10,0.485702,0.485702,0.495984,0,All,#4682B4,0
8,13,10,0.485702,0.485702,0.891603,0,All,#4682B4,0
9,13,10,0.485702,0.485702,0.965607,0,All,#4682B4,0
10,13,10,0.485702,0.485702,1.02982,0,All,#4682B4,0
1,13,11,-0.31,-1.04958,1.03307,1,All,#4682B4,0
2,13,11,-0.31,-1.69303,1.11376,1,All,#4682B4,0
3,13,11,-0.31,-0.36461,1.10683,1,All,#4682B4,0
4,13,11,-0.31,-0.335739,0.847349,1,All,#4682B4,0
5,13,11,-0.31,-0.651675,0.996961,1,All,#4682B4,0
6,13,11,-0.31,-0.916347,0.970431,1,All,#4682B4,0
7,13,11,-0.31,-0.714333,0.583478,1,All,#4682B4,0
8,13,11,-0.31,-0.56041,0.936574,1,All,#4682B4,0
9,13,11,-0.31,-0.895246,1.08616,1,All,#4682B4,0
10,13,11,-0.31,-1.5755,1.2784,1,All,#4682B4,0
1,13,12,0.802387,0.802387,1.08989,0,All,#4682B4,0
2,13,12,0.802387,0.802387,1.11976,0,All,#4682B4,0
3,13,12,0.802387,0.802387,1.16561,0,All,#4682B4,0
4,13,12,0.802387,0.802387,0.897999,0,All,#4682B4,0
5,13,12,0.802387,0.802387,1.08427,0,All,#4682B4,0
6,13,12,0.802387,0.802387,0.92507,0,All,#4682B4,0
7,13,12,0.802387,0.802387,0.669677,0,All,#4682B4,0
8,13,12,0.802387,0.802387,0.786098,0,All,#4682B4,0
9,13,12,0.802387,0.802387,0.905333,0,All,#4682B4,0
10,13,12,0.802387,0.802387,1.2025,0,All,#4682B4,0
1,13,13,1.42953,1.42953,0.786343,0,All,#4682B4,0
2,13,13,1.42953,1.42953,0.672941,0,All,#4682B4,0
3,13,13,1.42953,1.42953,0.759417,0,All,#4682B4,0
4,13,13,1.42953,1.42953,0.573906,0,All,#4682B4,0
5,13,13,1.42953,1.42953,0.600908,0,All,#4682B4,0
6,13,13,1.42953,1.42953,0.375123,0,All,#4682B4,0
7,13,13,1.42953,1.42953,0.439724,0,All,#4682B4,0
8,13,13,1.42953,1.42953,0.38517,0,All,#4682B4,0
9,13,13,1.42953,1.42953,0.412495,0,All,#4682B4,0
10,13,13,1.42953,1.42953,0.774067,0,All,#4682B4,0
1,13,14,0.529082,0.529082,0.204403,0,All,#4682B4,0
2,13,14,0.529082,0.529082,-0.0606546,0,All,#4682B4,0
3,13,14,0.529082,0.529082,0.0441711,0,All,#4682B4,0
4,13,14,0.529082,0.529082,-0.039129,0,All,#4682B4,0
5,13,14,0.529082,0.529082,-0.277865,0,All,#4682B4,0
6,13,14,0.529082,0.529082,-0.51188,0,All,#4682B4,0
7,13,14,0.529082,0.529082,-0.0693214,0,All,#4682B4,0
8,13,14,0.529082,0.529082,-0.194062,0,All,#4682B4,0
9,13,14,0.529082,0.529082,-0.310631,0,All,#4682B4,0
10,13,14,0.529082,0.529082,0.0887442,0,All,#4682B4,0
1,14,-1,-0.31,-15.2896,-7,1,All,#4682B4,0
2,14,-1,-0.31,-11.2002,-7,1,All,#4682B4,0
3,14,-1,-0.31,-5.95391,-7,1,All,#4682B4,0
4,14,-1,-0.31,-0.551529,-7,1,All,#4682B4,0
5,14,-1,-0.31,-9.80913,-7,1,All,#4682B4,0
6,14,-1,-0.31,-7.5619,-7,1,All,#4682B4,0
7,14,-1,-0.31,-7.40726,-7,1,All,#4682B4,0
8,14,-1,-0.31,-1.67655,-7,1,All,#4682B4,0
9,14,-1,-0.31,-9.48884,-7,1,All,#4682B4,0
10,14,-1,-0.31,-8.85004,-7,1,All,#4682B4,0
1,14,0,-0.159572,-0.159572,-7,0,All,#4682B4,0
2,14,0,-0.159572,-0.159572,-7,0,All,#4682B4,0
3,14,0,-0.159572,-0.159572,-7,0,All,#4682B4,0
4,14,0,-0.159572,-0.159572,-7,0,All,#4682B4,0
5,14,0,-0.159572,-0.159572,-7,0,All,#4682B4,0
6,14,0,-0.159572,-0.159572,-7,0,All,#4682B4,0
7,14,0,-0.159572,-0.159572,-7,0,All,#4682B4,0
8,14,0,-0.159572,-0.159572,-7,0,All,#4682B4,0
9,14,0,-0.159572,-0.159572,-7,0,All,#4682B4,0
10,14,0,-0.159572,-0.159572,-7,0,All,#4682B4,0
1,14,1,-0.3017,-0.3017,-7,0,All,#4682B4,0
2,14,1,-0.3017,-0.3017,-7,0,All,#4682B4,0
3,14,1,-0.3017,-0.3017,-7,0,All,#4682B4,0
4,14,1,-0.3017,-0.3017,-7,0,All,#4682B4,0
5,14,1,-0.3017,-0.3017,-7,0,All,#4682B4,0
6,14,1,-0.3017,-0.3017,-7,0,All,#4682B4,0
7,14,1,-0.3017,-0.3017,-7,0,All,#4682B4,0
8,14,1,-0.3017,-0.3017,-7,0,All,#4682B4,0
9,14,1,-0.3017,-0.3017,-7,0,All,#4682B4,0
10,14,1,-0.3017,-0.3017,-7,0,All,#4682B4,0
1,14,2,-0.31,-0.425839,0.019342,1,All,#4682B4,0
2,14,2,-0.31,-1.21494,-0.990912,1,All,#4682B4,0
3,14,2,-0.31,-0.590994,-0.141596,1,All,#4682B4,0
4,14,2,-0.31,-0.806893,0.183958,1,All,#4682B4,0
5,14,2,-0.31,-1.62337,0.716851,1,All,#4682B4,0
6,14,2,-0.31,-0.380713,0.0330947,1,All,#4682B4,0
7,14,2,-0.31,-2.22985,-0.748701,1,All,#4682B4,0
8,14,2,-0.31,-1.4613,-0.581107,1,All,#4682B4,0
9,14,2,-0.31,-1.26221,-1.21887,1,All,#4682B4,0
10,14,2,-0.31,-0.515467,-1.51563,1,All,#4682B4,0
1,14,3,0.355722,0.355722,2.52401,0,All,#4682B4,0
2,14,3,0.355722,0.355722,2.48815,0,All,#4682B4,0
3,14,3,0.355722,0.355722,2.36924,0,All,#4682B4,0
4,14,3,0.355722,0.355722,2.78937,0,All,#4682B4,0
5,14,3,0.355722,0.355722,2.7757,0,All,#4682B4,0
6,14,3,0.355722,0.355722,2.72626,0,All,#4682B4,0
7,14,3,0.355722,0.355722,2.43177,0,All,#4682B4,0
8,14,3,0.355722,0.355722,2.82523,0,All,#4682B4,0
9,14,3,0.355722,0.355722,2.84324,0,All,#4682B4,0
10,14,3,0.355722,0.355722,2.24572,0,All,#4682B4,0
1,14,4,2.10291,2.10291,2.60787,0,All,#4682B4,0
2,14,4,2.10291,2.10291,2.73266,0,All,#4682B4,0
3,14,4,2.10291,2.10291,2.66512,0,All,#4682B4,0
4,14,4,2.10291,2.10291,2.85952,0,All,#4682B4,0
5,14,4,2.10291,2.10291,2.72545,0,All,#4682B4,0
6,14,4,2.10291,2.10291,2.80968,0,All,#4682B4,0
7,14,4,2.10291,2.10291,2.71393,0,All,#4682B4,0
8,14,4,2.10291,2.10291,2.87344,0,All,#4682B4,0
9,14,4,2.10291,2.10291,2.81672,0,All,#4682B4,0
10,14,4,2.10291,2.10291,2.5986,0,All,#4682B4,0
1,14,5,2.80693,2.80693,2.23242,0,All,#4682B4,0
2,14,5,2.80693,2.80693,2.45957,0,All,#4682B4,0
3,14,5,2.80693,2.80693,2.41048,0,All,#4682B4,0
4,14,5,2.80693,2.80693,2.48015,0,All,#4682B4,0
5,14,5,2.80693,2.80693,2.28759,0,All,#4682B4,0
6,14,5,2.80693,2.80693,2.49918,0,All,#4682B4,0
7,14,5,2.80693,2.80693,2.33472,0,All,#4682B4,0
8,14,5,2.80693,2.80693,2.45966,0,All,#4682B4,0
9,14,5,2.80693,2.80693,2.46749,0,All,#4682B4,0
10,14,5,2.80693,2.80693,2.33321,0,All,#4682B4,0
1,14,6,2.2418,2.2418,1.73895,0,All,#4682B4,0
2,14,6,2.2418,2.2418,2.02465,0,All,#4682B4,0
3,14,6,2.2418,2.2418,1.98421,0,All,#4682B4,0
4,14,6,2.2418,2.2418,1.92761,0,All,#4682B4,0
5,14,6,2.2418,2.2418,1.7213,0,All,#4682B4,0
6,14,6,2.2418,2.2418,2.03389,0,All,#4682B4,0
7,14,6,2.2418,2.2418,1.76825,0,All,#4682B4,0
8,14,6,2.2418,2.2418,1.89938,0,All,#4682B4,0
9,14,6,2.2418,2.2418,2.04964,0,All,#4682B4,0
10,14,6,2.2418,2.2418,1.85718,0,All,#4682B4,0
1,14,7,1.58167,1.58167,1.15105,0,All,#4682B4,0
2,14,7,1.58167,1.58167,1.41223,0,All,#4682B4,0
3,14,7,1.58167,1.58167,1.39198,0,All,#4682B4,0
4,14,7,1.58167,1.58167,1.21715,0,All,#4682B4,0
5,14,7,1.58167,1.58167,1.04066,0,All,#4682B4,0
6,14,7,1.58167,1.58167,1.37986,0,All,#4682B4,0
7,14,7,1.58167,1.58167,1.02034,0,All,#4682B4,0
8,14,7,1.58167,1.58167,1.1982,0,All,#4682B4,0
9,14,7,1.58167,1.58167,1.4682,0,All,#4682B4,0
10,14,7,1.58167,1.58167,1.19893,0,All,#4682B4,0
1,14,8,1.321,1.321,0.468699,0,All,#4682B4,0
2,14,8,1.321,1.321,0.583268,0,All,#4682B4,0
3,14,8,1.321,1.321,0.611653,0,All,#4682B4,0
4,14,8,1.321,1.321,0.484055,0,All,#4682B4,0
5,14,8,1.321,1.321,0.300864,0,All,#4682B4,0
6,14,8,1.321,1.321,0.511504,0,All,#4682B4,0
7,14,8,1.321,1.321,0.0908801,0,All,#4682B4,0
8,14,8,1.321,1.321,0.429266,0,All,#4682B4,0
9,14,8,1.321,1.321,0.694601,0,All,#4682B4,0
10,14,8,1.321,1.321,0.335054,0,All,#4682B4,0
1,14,9,0.853541,0.853541,-0.279783,0,All,#4682B4,0
2,14,9,0.853541,0.853541,-0.383713,0,All,#4682B4,0
3,14,9,0.853541,0.853541,-0.274751,0,All,#4682B4,0
4,14,9,0.853541,0.853541,-0.112813,0,All,#4682B4,0
5,14,9,0.853541,0.853541,-0.363993,0,All,#4682B4,0
6,14,9,0.853541,0.853541,-0.431601,0,All,#4682B4,0
7,14,9,0.853541,0.853541,-0.872868,0,All,#4682B4,0
8,14,9,0.853541,0.853541,-0.210317,0,All,#4682B4,0
9,14,9,0.853541,0.853541,-0.185442,0,All,#4682B4,0
10,14,9,0.853541,0.853541,-0.661168,0,All,#4682B4,0
1,14,10,0.672751,0.672751,-0.981488,0,All,#4682B4,0
2,14,10,0.672751,0.672751,-1.11463,0,All,#4682B4,0
3,14,10,0.672751,0.672751,-0.980305,0,All,#4682B4,0
4,14,10,0.672751,0.672751,-0.571887,0,All,#4682B4,0
5,14,10,0.672751,0.672751,-0.848438,0,All,#4682B4,0
6,14,10,0.672751,0.672751,-1.10713,0,All,#4682B4,0
7,14,10,0.672751,0.672751,-1.5752,0,All,#4682B4,0
8,14,10,0.672751,0.672751,-0.606874,0,All,#4682B4,0
9,14,10,0.672751,0.672751,-0.871977,0,All,#4682B4,0
10,14,10,0.672751,0.672751,-1.45992,0,All,#4682B4,0
1,14,11,-0.31,-2.17743,-1.47692,1,All,#4682B4,0
2,14,11,-0.31,-1.05233,-1.48112,1,All,#4682B4,0
3,14,11,-0.31,-2.03704,-1.38481,1,All,#4682B4,0
4,14,11,-0.31,-1.13624,-0.95912,1,All,#4682B4,0
5,14,11,-0.31,-0.406627,-1.16456,1,All,#4682B4,0
6,14,11,-0.31,-0.658425,-1.4904,1,All,#4682B4,0
7,14,11,-0.31,-1.35755,-1.98592,1,All,#4682B4,0
8,14,11,-0.31,-0.987781,-0.834138,1,All,#4682B4,0
9,14,11,-0.31,-3.95673,-1.25576,1,All,#4682B4,0
10,14,11,-0.31,-3.094,-1.89548,1,All,#4682B4,0
1,14,12,-0.31,-3.22961,-1.74171,1,All,#4682B4,0
2,14,12,-0.31,-2.29379,-1.69244,1,All,#4682B4,0
3,14,12,-0.31,-2.38723,-1.62544,1,All,#4682B4,0
4,14,12,-0.31,-1.52782,-1.33519,1,All,#4682B4,0
5,14,12,-0.31,-1.40676,-1.37777,1,All,#4682B4,0
6,14,12,-0.31,-1.97996,-1.74304,1,All,#4682B4,0
7,14,12,-0.31,-1.51853,-2.23262,1,All,#4682B4,0
8,14,12,-0.31,-1.27109,-0.996997,1,All,#4682B4,0
9,14,12,-0.31,-1.55727,-1.48963,1,All,#4682B4,0
10,14,12,-0.31,-2.36402,-2.14267,1,All,#4682B4,0
1,14,13,-0.31,-1.98204,-1.87182,1,All,#4682B4,0
2,14,13,-0.31,-0.89357,-1.86709,1,All,#4682B4,0
3,14,13,-0.31,-3.09991,-1.82041,1,All,#4682B4,0
4,14,13,-0.31,-1.97007,-1.71513,1,All,#4682B4,0
5,14,13,-0.31,-1.3747,-1.54331,1,All,#4682B4,0
6,14,13,-0.31,-2.75826,-1.96186,1,All,#4682B4,0
7,14,13,-0.31,-2.46704,-2.42206,1,All,#4682B4,0
8,14,13,-0.31,-2.10224,-1.14859,1,All,#4682B4,0
9,14,13,-0.31,-2.20438,-1.67985,1,All,#4682B4,0
10,14,13,-0.31,-2.23944,-2.32788,1,All,#4682B4,0
1,14,14,-0.31,-1.66012,-1.9493,1,All,#4682B4,0
2,14,14,-0.31,-1.25185,-2.04668,1,All,#4682B4,0
3,14,14,-0.31,-0.434812,-2.00717,1,All,#4682B4,0
4,14,14,-0.31,-2.61334,-2.1108,1,All,#4682B4,0
5,14,14,-0.31,-3.08793,-1.7023,1,All,#4682B4,0
6,14,14,-0.31,-2.93927,-2.18134,1,All,#4682B4,0
7,14,14,-0.31,-0.965882,-2.59923,1,All,#4682B4,0
8,14,14,-0.31,-1.41834,-1.3094,1,All,#4682B4,0
9,14,14,-0.31,-4.2792,-1.87227,1,All,#4682B4,0
10,14,14,-0.31,-0.758559,-2.50382,1,All,#4682B4,0
1,15,-1,-0.31,-7.71711,-7,1,All,#4682B4,0
2,15,-1,-0.31,-11.1938,-7,1,All,#4682B4,0
3,15,-1,-0.31,-4.1247,-7,1,All,#4682B4,0
4,15,-1,-0.31,-2.79618,-7,1,All,#4682B4,0
5,15,-1,-0.31,-14.3553,-7,1,All,#4682B4,0
6,15,-1,-0.31,-9.28223,-7,1,All,#4682B4,0
7,15,-1,-0.31,-1.51605,-7,1,All,#4682B4,0
8,15,-1,-0.31,-18.4097,-7,1,All,#4682B4,0
9,15,-1,-0.31,-10.8752,-7,1,All,#4682B4,0
10,15,-1,-0.31,-2.58057,-7,1,All,#4682B4,0
1,15,0,-0.31,-3.34656,-7,1,All,#4682B4,0
2,15,0,-0.31,-13.0782,-7,1,All,#4682B4,0
3,15,0,-0.31,-12.2968,-7,1,All,#4682B4,0
4,15,0,-0.31,-5.35372,-7,1,All,#4682B4,0
5,15,0,-0.31,-7.35681,-7,1,All,#4682B4,0
6,15,0,-0.31,-16.4474,-7,1,All,#4682B4,0
7,15,0,-0.31,-13.8164,-7,1,All,#4682B4,0
8,15,0,-0.31,-1.24838,-7,1,All,#4682B4,0
9,15,0,-0.31,-12.0952,-7,1,All,#4682B4,0
10,15,0,-0.31,-10.5594,-7,1,All,#4682B4,0
1,15,1,-0.306273,-0.306273,-7,0,All,#4682B4,0
2,15,1,-0.306273,-0.306273,-7,0,All,#4682B4,0
3,15,1,-0.306273,-0.306273,-7,0,All,#4682B4,0
4,15,1,-0.306273,-0.306273,-7,0,All,#4682B4,0
5,15,1,-0.306273,-0.306273,-7,0,All,#4682B4,0
6,15,1,-0.306273,-0.306273,-7,0,All,#4682B4,0
7,15,1,-0.306273,-0.306273,-7,0,All,#4682B4,0
8,15,1,-0.306273,-0.306273,-7,0,All,#4682B4,0
9,15,1,-0.306273,-0.306273,-7,0,All,#4682B4,0
10,15,1,-0.306273,-0.306273,-7,0,All,#4682B4,0
1,15,2,-0.31,-6.23999,-7,1,All,#4682B4,0
2,15,2,-0.31,-5.44673,-7,1,All,#4682B4,0
3,15,2,-0.31,-13.2282,-7,1,All,#4682B4,0
4,15,2,-0.31,-3.52907,-3.48472,1,All,#4682B4,0
5,15,2,-0.31,-9.8071,-7,1,All,#4682B4,0
6,15,2,-0.31,-7.02607,-7,1,All,#4682B4,0
7,15,2,-0.31,-11.3449,-7,1,All,#4682B4,0
8,15,2,-0.31,-11.0376,-7,1,All,#4682B4,0
9,15,2,-0.31,-4.85599,-3.18048,1,All,#4682B4,0
10,15,2,-0.31,-3.11472,-7,1,All,#4682B4,0
1,15,3,-0.31,-2.10061,-1.16839,1,All,#4682B4,0
2,15,3,-0.31,-1.36648,-0.727053,1,All,#4682B4,0
3,15,3,-0.31,-0.882007,-1.38633,1,All,#4682B4,0
4,15,3,-0.31,-0.907066,-0.435589,1,All,#4682B4,0
5,15,3,-0.31,-0.494781,-1.78034,1,All,#4682B4,0
6,15,3,-0.31,-1.24173,-0.481306,1,All,#4682B4,0
7,15,3,-0.31,-2.36868,-1.3433,1,All,#4682B4,0
8,15,3,-0.31,-0.556156,-0.974845,1,All,#4682B4,0
9,15,3,-0.31,-0.318726,-0.0444433,1,All,#4682B4,0
10,15,3,-0.31,-0.966936,-0.36619,1,All,#4682B4,0
1,15,4,-0.31,-2.02371,1.68508,1,All,#4682B4,0
2,15,4,-0.31,-0.776608,1.09699,1,All,#4682B4,0
3,15,4,-0.31,-0.588227,1.66465,1,All,#4682B4,0
4,15,4,-0.31,-0.67836,1.28105,1,All,#4682B4,0
5,15,4,-0.31,-0.661784,0.817021,1,All,#4682B4,0
6,15,4,-0.31,-0.884437,2.17758,1,All,#4682B4,0
7,15,4,-0.31,-0.544447,1.10888,1,All,#4682B4,0
8,15,4,-0.31,-0.66063,1.18544,1,All,#4682B4,0
9,15,4,-0.31,-0.733539,1.32252,1,All,#4682B4,0
10,15,4,-0.31,-0.946388,1.2686,1,All,#4682B4,0
1,15,5,-0.167633,-0.167633,2.62821,0,All,#4682B4,0
2,15,5,-0.167633,-0.167633,1.91902,0,All,#4682B4,0
3,15,5,-0.167633,-0.167633,2.32895,0,All,#4682B4,0
4,15,5,-0.167633,-0.167633,2.19484,0,All,#4682B4,0
5,15,5,-0.167633,-0.167633,1.5178,0,All,#4682B4,0
6,15,5,-0.167633,-0.167633,2.56722,0,All,#4682B4,0
7,15,5,-0.167633,-0.167633,1.70017,0,All,#4682B4,0
8,15,5,-0.167633,-0.167633,2.16266,0,All,#4682B4,0
9,15,5,-0.167633,-0.167633,1.89638,0,All,#4682B4,0
10,15,5,-0.167633,-0.167633,1.838,0,All,#4682B4,0
1,15,6,2.45993,2.45993,2.00022,0,All,#4682B4,0
2,15,6,2.45993,2.45993,2.10059,0,All,#4682B4,0
3,15,6,2.45993,2.45993,1.89094,0,All,#4682B4,0
4,15,6,2.45993,2.45993,2.14603,0,All,#4682B4,0
5,15,6,2.45993,2.45993,1.65587,0,All,#4682B4,0
6,15,6,2.45993,2.45993,1.76279,0,All,#4682B4,0
7,15,6,2.45993,2.45993,1.76025,0,All,#4682B4,0
8,15,6,2.45993,2.45993,2.18205,0,All,#4682B4,0
9,15,6,2.45993,2.45993,1.85293,0,All,#4682B4,0
10,15,6,2.45993,2.45993,1.88334,0,All,#4682B4,0
1,15,7,3.38282,3.38282,1.21609,0,All,#4682B4,0
2,15,7,3.38282,3.38282,1.86317,0,All,#4682B4,0
3,15,7,3.38282,3.38282,1.27792,0,All,#4682B4,0
4,15,7,3.38282,3.38282,1.66831,0,All,#4682B4,0
5,15,7,3.38282,3.38282,1.52596,0,All,#4682B4,0
6,15,7,3.38282,3.38282,1.08242,0,All,#4682B4,0
7,15,7,3.38282,3.38282,1.58451,0,All,#4682B4,0
8,15,7,3.38282,3.38282,1.7547,0,All,#4682B4,0
9,15,7,3.38282,3.38282,1.52871,0,All,#4682B4,0
10,15,7,3.38282,3.38282,1.67326,0,All,#4682B4,0
1,15,8,1.24408,1.24408,0.745353,0,All,#4682B4,0
2,15,8,1.24408,1.24408,1.51223,0,All,#4682B4,0
3,15,8,1.24408,1.24408,0.871038,0,All,#4682B4,0
4,15,8,1.24408,1.24408,1.31204,0,All,#4682B4,0
5,15,8,1.24408,1.24408,1.31516,0,All,#4682B4,0
6,15,8,1.24408,1.24408,0.769599,0,All,#4682B4,0
7,15,8,1.24408,1.24408,1.36949,0,All,#4682B4,0
8,15,8,1.24408,1.24408,1.39866,0,All,#4682B4,0
9,15,8,1.24408,1.24408,1.22763,0,All,#4682B4,0
10,15,8,1.24408,1.24408,1.42958,0,All,#4682B4,0
1,15,9,1.21568,1.21568,0.5699,0,All,#4682B4,0
2,15,9,1.21568,1.21568,1.22751,0,All,#4682B4,0
3,15,9,1.21568,1.21568,0.692135,0,All,#4682B4,0
4,15,9,1.21568,1.21568,1.17662,0,All,#4682B4,0
5,15,9,1.21568,1.21568,1.12172,0,All,#4682B4,0
6,15,9,1.21568,1.21568,0.730759,0,All,#4682B4,0
7,15,9,1.21568,1.21568,1.19262,0,All,#4682B4,0
8,15,9,1.21568,1.21568,1.24262,0,All,#4682B4,0
9,15,9,1.21568,1.21568,1.04718,0,All,#4682B4,0
10,15,9,1.21568,1.21568,1.25669,0,All,#4682B4,0
1,15,10,-0.124272,-0.124272,0.597954,0,All,#4682B4,0
2,15,10,-0.124272,-0.124272,1.05803,0,All,#4682B4,0
3,15,10,-0.124272,-0.124272,0.666806,0,All,#4682B4,0
4,15,10,-0.124272,-0.124272,1.19792,0,All,#4682B4,0
5,15,10,-0.124272,-0.124272,0.975684,0,All,#4682B4,0
6,15,10,-0.124272,-0.124272,0.85532,0,All,#4682B4,0
7,15,10,-0.124272,-0.124272,1.07175,0,All,#4682B4,0
8,15,10,-0.124272,-0.124272,1.23598,0,All,#4682B4,0
9,15,10,-0.124272,-0.124272,0.978048,0,All,#4682B4,0
10,15,10,-0.124272,-0.124272,1.16732,0,All,#4682B4,0
1,15,11,-0.31,-0.526719,0.74267,1,All,#4682B4,0
2,15,11,-0.31,-0.942784,0.988128,1,All,#4682B4,0
3,15,11,-0.31,-1.06742,0.723064,1,All,#4682B4,0
4,15,11,-0.31,-1.56424,1.29966,1,All,#4682B4,0
5,15,11,-0.31,-0.397691,0.87514,1,All,#4682B4,0
6,15,11,-0.31,-1.09432,1.05369,1,All,#4682B4,0
7,15,11,-0.31,-0.916049,0.998,1,All,#4682B4,0
8,15,11,-0.31,-0.438077,1.30472,1,All,#4682B4,0
9,15,11,-0.31,-0.477158,0.983229,1,All,#4682B4,0
10,15,11,-0.31,-0.859011,1.14148,1,All,#4682B4,0
1,15,12,0.750132,0.750132,0.513342,0,All,#4682B4,0
2,15,12,0.750132,0.750132,0.878452,0,All,#4682B4,0
3,15,12,0.750132,0.750132,0.626845,0,All,#4682B4,0
4,15,12,0.750132,0.750132,0.951667,0,All,#4682B4,0
5,15,12,0.750132,0.750132,0.543264,0,All,#4682B4,0
6,15,12,0.750132,0.750132,0.719631,0,All,#4682B4,0
7,15,12,0.750132,0.750132,0.797089,0,All,#4682B4,0
8,15,12,0.750132,0.750132,0.81211,0,All,#4682B4,0
9,15,12,0.750132,0.750132,0.88964,0,All,#4682B4,0
10,15,12,0.750132,0.750132,0.892602,0,All,#4682B4,0
1,15,13,-0.156544,-0.156544,-0.449073,0,All,#4682B4,0
2,15,13,-0.156544,-0.156544,-0.828191,0,All,#4682B4,0
3,15,13,-0.156544,-0.156544,-0.318913,0,All,#4682B4,0
4,15,13,-0.156544,-0.156544,-0.432723,0,All,#4682B4,0
5,15,13,-0.156544,-0.156544,-0.838969,0,All,#4682B4,0
6,15,13,-0.156544,-0.156544,-0.470453,0,All,#4682B4,0
7,15,13,-0.156544,-0.156544,-0.763708,0,All,#4682B4,0
8,15,13,-0.156544,-0.156544,-0.452208,0,All,#4682B4,0
9,15,13,-0.156544,-0.156544,-0.301321,0,All,#4682B4,0
10,15,13,-0.156544,-0.156544,-0.356859,0,All,#4682B4,0
1,15,14,-0.31,-3.05585,-1.79084,1,All,#4682B4,0
2,15,14,-0.31,-5.50096,-3.10755,1,All,#4682B4,0
3,15,14,-0.31,-2.83935,-1.61889,1,All,#4682B4,0
4,15,14,-0.31,-1.82946,-2.23084,1,All,#4682B4,0
5,15,14,-0.31,-1.08734,-2.46551,1,All,#4682B4,0
6,15,14,-0.31,-4.34678,-2.02808,1,All,#4682B4,0
7,15,14,-0.31,-5.28769,-2.60936,1,All,#4682B4,0
8,15,14,-0.31,-3.90673,-1.99975,1,All,#4682B4,0
9,15,14,-0.31,-2.46279,-2.01011,1,All,#4682B4,0
10,15,14,-0.31,-2.57482,-1.89304,1,All,#4682B4,0
1,16,-1,-0.31,-2.18995,-7,1,All,#4682B4,0
2,16,-1,-0.31,-4.96654,-7,1,All,#4682B4,0
3,16,-1,-0.31,-13.7371,-7,1,All,#4682B4,0
4,16,-1,-0.31,-5.36329,-7,1,All,#4682B4,0
5,16,-1,-0.31,-0.776156,-7,1,All,#4682B4,0
6,16,-1,-0.31,-8.22794,-7,1,All,#4682B4,0
7,16,-1,-0.31,-5.34636,-7,1,All,#4682B4,0
8,16,-1,-0.31,-8.46015,-7,1,All,#4682B4,0
9,16,-1,-0.31,-4.41507,-7,1,All,#4682B4,0
10,16,-1,-0.31,-8.62224,-7,1,All,#4682B4,0
1,16,0,-0.306273,-0.306273,-7,0,All,#4682B4,0
2,16,0,-0.306273,-0.306273,-7,0,All,#4682B4,0
3,16,0,-0.306273,-0.306273,-7,0,All,#4682B4,0
4,16,0,-0.306273,-0.306273,-7,0,All,#4682B4,0
5,16,0,-0.306273,-0.306273,-7,0,All,#4682B4,0
6,16,0,-0.306273,-0.306273,-7,0,All,#4682B4,0
7,16,0,-0.306273,-0.306273,-7,0,All,#4682B4,0
8,16,0,-0.306273,-0.306273,-7,0,All,#4682B4,0
9,16,0,-0.306273,-0.306273,-7,0,All,#4682B4,0
10,16,0,-0.306273,-0.306273,-7,0,All,#4682B4,0
1,16,1,-0.306273,-0.306273,-3.90702,0,All,#4682B4,0
2,16,1,-0.306273,-0.306273,-7,0,All,#4682B4,0
3,16,1,-0.306273,-0.306273,-7,0,All,#4682B4,0
4,16,1,-0.306273,-0.306273,-4.01994,0,All,#4682B4,0
5,16,1,-0.306273,-0.306273,-7,0,All,#4682B4,0
6,16,1,-0.306273,-0.306273,-4.17332,0,All,#4682B4,0
7,16,1,-0.306273,-0.306273,-3.96197,0,All,#4682B4,0
8,16,1,-0.306273,-0.306273,-4.25155,0,All,#4682B4,0
9,16,1,-0.306273,-0.306273,-3.97247,0,All,#4682B4,0
10,16,1,-0.306273,-0.306273,-7,0,All,#4682B4,0
1,16,2,-0.31,-3.10755,-1.76,1,All,#4682B4,0
2,16,2,-0.31,-0.811611,-2.71907,1,All,#4682B4,0
3,16,2,-0.31,-1.63131,-2.19882,1,All,#4682B4,0
4,16,2,-0.31,-1.03128,-1.82574,1,All,#4682B4,0
5,16,2,-0.31,-3.6757,-3.44752,1,All,#4682B4,0
6,16,2,-0.31,-2.85333,-2.29038,1,All,#4682B4,0
7,16,2,-0.31,-1.49325,-1.62495,1,All,#4682B4,0
8,16,2,-0.31,-0.657463,-1.80644,1,All,#4682B4,0
9,16,2,-0.31,-1.07971,-1.69684,1,All,#4682B4,0
10,16,2,-0.31,-2.59422,-3.29522,1,All,#4682B4,0
1,16,3,0.457142,0.457142,0.0113406,0,All,#4682B4,0
2,16,3,0.457142,0.457142,-0.512596,0,All,#4682B4,0
3,16,3,0.457142,0.457142,-0.333711,0,All,#4682B4,0
4,16,3,0.457142,0.457142,-0.150526,0,All,#4682B4,0
5,16,3,0.457142,0.457142,0.224827,0,All,#4682B4,0
6,16,3,0.457142,0.457142,-0.582514,0,All,#4682B4,0
7,16,3,0.457142,0.457142,-0.155968,0,All,#4682B4,0
8,16,3,0.457142,0.457142,-0.237961,0,All,#4682B4,0
9,16,3,0.457142,0.457142,0.039552,0,All,#4682B4,0
10,16,3,0.457142,0.457142,0.334306,0,All,#4682B4,0
1,16,4,0.575867,0.575867,1.46606,0,All,#4682B4,0
2,16,4,0.575867,0.575867,0.893926,0,All,#4682B4,0
3,16,4,0.575867,0.575867,1.05339,0,All,#4682B4,0
4,16,4,0.575867,0.575867,1.15946,0,All,#4682B4,0
5,16,4,0.575867,0.575867,1.48728,0,All,#4682B4,0
6,16,4,0.575867,0.575867,0.96984,0,All,#4682B4,0
7,16,4,0.575867,0.575867,0.856155,0,All,#4682B4,0
8,16,4,0.575867,0.575867,0.863354,0,All,#4682B4,0
9,16,4,0.575867,0.575867,1.40421,0,All,#4682B4,0
10,16,4,0.575867,0.575867,1.6427,0,All,#4682B4,0
1,16,5,0.472006,0.472006,2.46375,0,All,#4682B4,0
2,16,5,0.472006,0.472006,1.81191,0,All,#4682B4,0
3,16,5,0.472006,0.472006,2.06158,0,All,#4682B4,0
4,16,5,0.472006,0.472006,2.09555,0,All,#4682B4,0
5,16,5,0.472006,0.472006,2.0851,0,All,#4682B4,0
6,16,5,0.472006,0.472006,2.24621,0,All,#4682B4,0
7,16,5,0.472006,0.472006,1.56419,0,All,#4682B4,0
8,16,5,0.472006,0.472006,1.64691,0,All,#4682B4,0
9,16,5,0.472006,0.472006,2.35187,0,All,#4682B4,0
10,16,5,0.472006,0.472006,2.24808,0,All,#4682B4,0
1,16,6,1.24234,1.24234,2.57454,0,All,#4682B4,0
2,16,6,1.24234,1.24234,2.25682,0,All,#4682B4,0
3,16,6,1.24234,1.24234,2.51647,0,All,#4682B4,0
4,16,6,1.24234,1.24234,2.3554,0,All,#4682B4,0
5,16,6,1.24234,1.24234,2.25899,0,All,#4682B4,0
6,16,6,1.24234,1.24234,2.62157,0,All,#4682B4,0
7,16,6,1.24234,1.24234,1.97313,0,All,#4682B4,0
8,16,6,1.24234,1.24234,2.1019,0,All,#4682B4,0
9,16,6,1.24234,1.24234,2.56346,0,All,#4682B4,0
10,16,6,1.24234,1.24234,2.38696,0,All,#4682B4,0
1,16,7,1.08179,1.08179,2.28594,0,All,#4682B4,0
2,16,7,1.08179,1.08179,2.23785,0,All,#4682B4,0
3,16,7,1.08179,1.08179,2.46908,0,All,#4682B4,0
4,16,7,1.08179,1.08179,2.09161,0,All,#4682B4,0
5,16,7,1.08179,1.08179,2.18938,0,All,#4682B4,0
6,16,7,1.08179,1.08179,2.27684,0,All,#4682B4,0
7,16,7,1.08179,1.08179,2.06277,0,All,#4682B4,0
8,16,7,1.08179,1.08179,2.19269,0,All,#4682B4,0
9,16,7,1.08179,1.08179,2.34595,0,All,#4682B4,0
10,16,7,1.08179,1.08179,2.30776,0,All,#4682B4,0
1,16,8,2.25171,2.25171,2.0038,0,All,#4682B4,0
2,16,8,2.25171,2.25171,1.98793,0,All,#4682B4,0
3,16,8,2.25171,2.25171,2.26573,0,All,#4682B4,0
4,16,8,2.25171,2.25171,1.80799,0,All,#4682B4,0
5,16,8,2.25171,2.25171,2.0204,0,All,#4682B4,0
6,16,8,2.25171,2.25171,1.88151,0,All,#4682B4,0
7,16,8,2.25171,2.25171,1.91243,0,All,#4682B4,0
8,16,8,2.25171,2.25171,2.03476,0,All,#4682B4,0
9,16,8,2.25171,2.25171,2.04058,0,All,#4682B4,0
10,16,8,2.25171,2.25171,2.16171,0,All,#4682B4,0
1,16,9,1.91963,1.91963,1.79992,0,All,#4682B4,0
2,16,9,1.91963,1.91963,1.6628,0,All,#4682B4,0
3,16,9,1.91963,1.91963,2.01921,0,All,#4682B4,0
4,16,9,1.91963,1.91963,1.60887,0,All,#4682B4,0
5,16,9,1.91963,1.91963,1.80645,0,All,#4682B4,0
6,16,9,1.91963,1.91963,1.58253,0,All,#4682B4,0
7,16,9,1.91963,1.91963,1.64604,0,All,#4682B4,0
8,16,9,1.91963,1.91963,1.76766,0,All,#4682B4,0
9,16,9,1.91963,1.91963,1.72496,0,All,#4682B4,0
10,16,9,1.91963,1.91963,1.98827,0,All,#4682B4,0
1,16,10,2.71836,2.71836,1.66226,0,All,#4682B4,0
2,16,10,2.71836,2.71836,1.32295,0,All,#4682B4,0
3,16,10,2.71836,2.71836,1.74552,0,All,#4682B4,0
4,16,10,2.71836,2.71836,1.41582,0,All,#4682B4,0
5,16,10,2.71836,2.71836,1.56275,0,All,#4682B4,0
6,16,10,2.71836,2.71836,1.36126,0,All,#4682B4,0
7,16,10,2.71836,2.71836,1.33894,0,All,#4682B4,0
8,16,10,2.71836,2.71836,1.45565,0,All,#4682B4,0
9,16,10,2.71836,2.71836,1.42616,0,All,#4682B4,0
10,16,10,2.71836,2.71836,1.79502,0,All,#4682B4,0
1,16,11,2.52734,2.52734,1.56019,0,All,#4682B4,0
2,16,11,2.52734,2.52734,1.00007,0,All,#4682B4,0
3,16,11,2.52734,2.52734,1.44749,0,All,#4682B4,0
4,16,11,2.52734,2.52734,1.21468,0,All,#4682B4,0
5,16,11,2.52734,2.52734,1.29438,0,All,#4682B4,0
6,16,11,2.52734,2.52734,1.17565,0,All,#4682B4,0
7,16,11,2.52734,2.52734,1.03103,0,All,#4682B4,0
8,16,11,2.52734,2.52734,1.12725,0,All,#4682B4,0
9,16,11,2.52734,2.52734,1.15916,0,All,#4682B4,0
10,16,11,2.52734,2.52734,1.58363,0,All,#4682B4,0
1,16,12,1.44482,1.44482,1.46505,0,All,#4682B4,0
2,16,12,1.44482,1.44482,0.712985,0,All,#4682B4,0
3,16,12,1.44482,1.44482,1.12705,0,All,#4682B4,0
4,16,12,1.44482,1.44482,0.988499,0,All,#4682B4,0
5,16,12,1.44482,1.44482,1.00497,0,All,#4682B4,0
6,16,12,1.44482,1.44482,0.986364,0,All,#4682B4,0
7,16,12,1.44482,1.44482,0.751982,0,All,#4682B4,0
8,16,12,1.44482,1.44482,0.800223,0,All,#4682B4,0
9,16,12,1.44482,1.44482,0.928607,0,All,#4682B4,0
10,16,12,1.44482,1.44482,1.35523,0,All,#4682B4,0
1,16,13,1.2237,1.2237,1.36047,0,All,#4682B4,0
2,16,13,1.2237,1.2237,0.469021,0,All,#4682B4,0
3,16,13,1.2237,1.2237,0.786523,0,All,#4682B4,0
4,16,13,1.2237,1.2237,0.722894,0,All,#4682B4,0
5,16,13,1.2237,1.2237,0.699587,0,All,#4682B4,0
6,16,13,1.2237,1.2237,0.76563,0,All,#4682B4,0
7,16,13,1.2237,1.2237,0.508144,0,All,#4682B4,0
8,16,13,1.2237,1.2237,0.487084,0,All,#4682B4,0
9,16,13,1.2237,1.2237,0.732099,0,All,#4682B4,0
10,16,13,1.2237,1.2237,1.11178,0,All,#4682B4,0
1,16,14,0.974408,0.974408,1.23463,0,All,#4682B4,0
2,16,14,0.974408,0.974408,0.266431,0,All,#4682B4,0
3,16,14,0.974408,0.974408,0.428638,0,All,#4682B4,0
4,16,14,0.974408,0.974408,0.412184,0,All,#4682B4,0
5,16,14,0.974408,0.974408,0.38589,0,All,#4682B4,0
6,16,14,0.974408,0.974408,0.495747,0,All,#4682B4,0
7,16,14,0.974408,0.974408,0.299574,0,All,#4682B4,0
8,16,14,0.974408,0.974408,0.196039,0,All,#4682B4,0
9,16,14,0.974408,0.974408,0.562077,0,All,#4682B4,0
10,16,14,0.974408,0.974408,0.856939,0,All,#4682B4,0
1,17,-1,0.128091,0.128091,-7,0,All,#4682B4,0
2,17,-1,0.128091,0.128091,-7,0,All,#4682B4,0
3,17,-1,0.128091,0.128091,-7,0,All,#4682B4,0
4,17,-1,0.128091,0.128091,-7,0,All,#4682B4,0
5,17,-1,0.128091,0.128091,-7,0,All,#4682B4,0
6,17,-1,0.128091,0.128091,-7,0,All,#4682B4,0
7,17,-1,0.128091,0.128091,-7,0,All,#4682B4,0
8,17,-1,0.128091,0.128091,-7,0,All,#4682B4,0
9,17,-1,0.128091,0.128091,-7,0,All,#4682B4,0
10,17,-1,0.128091,0.128091,-7,0,All,#4682B4,0
1,17,0,-0.086077,-0.086077,-7,0,All,#4682B4,0
2,17,0,-0.086077,-0.086077,-7,0,All,#4682B4,0
3,17,0,-0.086077,-0.086077,-7,0,All,#4682B4,0
4,17,0,-0.086077,-0.086077,-7,0,All,#4682B4,0
5,17,0,-0.086077,-0.086077,-7,0,All,#4682B4,0
6,17,0,-0.086077,-0.086077,-7,0,All,#4682B4,0
7,17,0,-0.086077,-0.086077,-7,0,All,#4682B4,0
8,17,0,-0.086077,-0.086077,-7,0,All,#4682B4,0
9,17,0,-0.086077,-0.086077,-7,0,All,#4682B4,0
10,17,0,-0.086077,-0.086077,-7,0,All,#4682B4,0
1,17,1,-0.306273,-0.306273,-7,0,All,#4682B4,0
2,17,1,-0.306273,-0.306273,-7,0,All,#4682B4,0
3,17,1,-0.306273,-0.306273,-7,0,All,#4682B4,0
4,17,1,-0.306273,-0.306273,-7,0,All,#4682B4,0
5,17,1,-0.306273,-0.306273,-7,0,All,#4682B4,0
6,17,1,-0.306273,-0.306273,-7,0,All,#4682B4,0
7,17,1,-0.306273,-0.306273,-7,0,All,#4682B4,0
8,17,1,-0.306273,-0.306273,-7,0,All,#4682B4,0
9,17,1,-0.306273,-0.306273,-7,0,All,#4682B4,0
10,17,1,-0.306273,-0.306273,-7,0,All,#4682B4,0
1,17,2,-0.101092,-0.101092,-7,0,All,#4682B4,0
2,17,2,-0.101092,-0.101092,-3.04841,0,All,#4682B4,0
3,17,2,-0.101092,-0.101092,-3.78489,0,All,#4682B4,0
4,17,2,-0.101092,-0.101092,-7,0,All,#4682B4,0
5,17,2,-0.101092,-0.101092,-7,0,All,#4682B4,0
6,17,2,-0.101092,-0.101092,-7,0,All,#4682B4,0
7,17,2,-0.101092,-0.101092,-3.74393,0,All,#4682B4,0
8,17,2,-0.101092,-0.101092,-2.84585,0,All,#4682B4,0
9,17,2,-0.101092,-0.101092,-7,0,All,#4682B4,0
10,17,2,-0.101092,-0.101092,-7,0,All,#4682B4,0
1,17,3,0.119189,0.119189,-0.365828,0,All,#4682B4,0
2,17,3,0.119189,0.119189,-0.998735,0,All,#4682B4,0
3,17,3,0.119189,0.119189,-0.702582,0,All,#4682B4,0
4,17,3,0.119189,0.119189,-2.51439,0,All,#4682B4,0
5,17,3,0.119189,0.119189,-1.39764,0,All,#4682B4,0
6,17,3,0.119189,0.119189,-1.37166,0,All,#4682B4,0
7,17,3,0.119189,0.119189,-1.15866,0,All,#4682B4,0
8,17,3,0.119189,0.119189,-0.678723,0,All,#4682B4,0
9,17,3,0.119189,0.119189,-0.678414,0,All,#4682B4,0
10,17,3,0.119189,0.119189,-0.812884,0,All,#4682B4,0
1,17,4,0.57709,0.57709,1.55055,0,All,#4682B4,0
2,17,4,0.57709,0.57709,0.420496,0,All,#4682B4,0
3,17,4,0.57709,0.57709,1.2142,0,All,#4682B4,0
4,17,4,0.57709,0.57709,0.117881,0,All,#4682B4,0
5,17,4,0.57709,0.57709,0.258704,0,All,#4682B4,0
6,17,4,0.57709,0.57709,0.555261,0,All,#4682B4,0
7,17,4,0.57709,0.57709,0.610809,0,All,#4682B4,0
8,17,4,0.57709,0.57709,0.707931,0,All,#4682B4,0
9,17,4,0.57709,0.57709,1.13183,0,All,#4682B4,0
10,17,4,0.57709,0.57709,1.266,0,All,#4682B4,0
1,17,5,0.996255,0.996255,2.44646,0,All,#4682B4,0
2,17,5,0.996255,0.996255,1.43546,0,All,#4682B4,0
3,17,5,0.996255,0.996255,2.39607,0,All,#4682B4,0
4,17,5,0.996255,0.996255,1.04684,0,All,#4682B4,0
5,17,5,0.996255,0.996255,1.24184,0,All,#4682B4,0
6,17,5,0.996255,0.996255,1.70656,0,All,#4682B4,0
7,17,5,0.996255,0.996255,1.85801,0,All,#4682B4,0
8,17,5,0.996255,0.996255,1.63991,0,All,#4682B4,0
9,17,5,0.996255,0.996255,1.80464,0,All,#4682B4,0
10,17,5,0.996255,0.996255,2.33557,0,All,#4682B4,0
1,17,6,2.04031,2.04031,2.5219,0,All,#4682B4,0
2,17,6,2.04031,2.04031,2.04275,0,All,#4682B4,0
3,17,6,2.04031,2.04031,2.6075,0,All,#4682B4,0
4,17,6,2.04031,2.04031,1.51394,0,All,#4682B4,0
5,17,6,2.04031,2.04031,1.77065,0,All,#4682B4,0
6,17,6,2.04031,2.04031,2.20908,0,All,#4682B4,0
7,17,6,2.04031,2.04031,2.41004,0,All,#4682B4,0
8,17,6,2.04031,2.04031,2.15291,0,All,#4682B4,0
9,17,6,2.04031,2.04031,1.98344,0,All,#4682B4,0
10,17,6,2.04031,2.04031,2.56521,0,All,#4682B4,0
1,17,7,2.51548,2.51548,2.2279,0,All,#4682B4,0
2,17,7,2.51548,2.51548,2.11288,0,All,#4682B4,0
3,17,7,2.51548,2.51548,2.3175,0,All,#4682B4,0
4,17,7,2.51548,2.51548,1.70804,0,All,#4682B4,0
5,17,7,2.51548,2.51548,1.87539,0,All,#4682B4,0
6,17,7,2.51548,2.51548,2.04109,0,All,#4682B4,0
7,17,7,2.51548,2.51548,2.24954,0,All,#4682B4,0
8,17,7,2.51548,2.51548,2.12275,0,All,#4682B4,0
9,17,7,2.51548,2.51548,1.76534,0,All,#4682B4,0
10,17,7,2.51548,2.51548,2.31919,0,All,#4682B4,0
1,17,8,1.73665,1.73665,1.7713,0,All,#4682B4,0
2,17,8,1.73665,1.73665,1.69401,0,All,#4682B4,0
3,17,8,1.73665,1.73665,1.80062,0,All,#4682B4,0
4,17,8,1.73665,1.73665,1.51957,0,All,#4682B4,0
5,17,8,1.73665,1.73665,1.59713,0,All,#4682B4,0
6,17,8,1.73665,1.73665,1.4515,0,All,#4682B4,0
7,17,8,1.73665,1.73665,1.83208,0,All,#4682B4,0
8,17,8,1.73665,1.73665,1.67687,0,All,#4682B4,0
9,17,8,1.73665,1.73665,1.20305,0,All,#4682B4,0
10,17,8,1.73665,1.73665,1.86213,0,All,#4682B4,0
1,17,9,1.08597,1.08597,1.16898,0,All,#4682B4,0
2,17,9,1.08597,1.08597,0.99768,0,All,#4682B4,0
3,17,9,1.08597,1.08597,1.10484,0,All,#4682B4,0
4,17,9,1.08597,1.08597,0.847412,0,All,#4682B4,0
5,17,9,1.08597,1.08597,1.04723,0,All,#4682B4,0
6,17,9,1.08597,1.08597,0.689491,0,All,#4682B4,0
7,17,9,1.08597,1.08597,1.23865,0,All,#4682B4,0
8,17,9,1.08597,1.08597,0.998663,0,All,#4682B4,0
9,17,9,1.08597,1.08597,0.401901,0,All,#4682B4,0
10,17,9,1.08597,1.08597,1.20406,0,All,#4682B4,0
1,17,10,1.27539,1.27539,0.437416,0,All,#4682B4,0
2,17,10,1.27539,1.27539,0.225138,0,All,#4682B4,0
3,17,10,1.27539,1.27539,0.296357,0,All,#4682B4,0
4,17,10,1.27539,1.27539,-0.18762,0,All,#4682B4,0
5,17,10,1.27539,1.27539,0.347921,0,All,#4682B4,0
6,17,10,1.27539,1.27539,-0.0827098,0,All,#4682B4,0
7,17,10,1.27539,1.27539,0.554835,0,All,#4682B4,0
8,17,10,1.27539,1.27539,0.226416,0,All,#4682B4,0
9,17,10,1.27539,1.27539,-0.392082,0,All,#4682B4,0
10,17,10,1.27539,1.27539,0.35254,0,All,#4682B4,0
1,17,11,0.951657,0.951657,-0.353273,0,All,#4682B4,0
2,17,11,0.951657,0.951657,-0.554336,0,All,#4682B4,0
3,17,11,0.951657,0.951657,-0.553842,0,All,#4682B4,0
4,17,11,0.951657,0.951657,-1.21564,0,All,#4682B4,0
5,17,11,0.951657,0.951657,-0.388506,0,All,#4682B4,0
6,17,11,0.951657,0.951657,-0.813111,0,All,#4682B4,0
7,17,11,0.951657,0.951657,-0.190282,0,All,#4682B4,0
8,17,11,0.951657,0.951657,-0.566459,0,All,#4682B4,0
9,17,11,0.951657,0.951657,-1.06718,0,All,#4682B4,0
10,17,11,0.951657,0.951657,-0.582229,0,All,#4682B4,0
1,17,12,-0.142103,-0.142103,-1.10169,0,All,#4682B4,0
2,17,12,-0.142103,-0.142103,-1.33787,0,All,#4682B4,0
3,17,12,-0.142103,-0.142103,-1.42128,0,All,#4682B4,0
4,17,12,-0.142103,-0.142103,-2.14897,0,All,#4682B4,0
5,17,12,-0.142103,-0.142103,-1.11117,0,All,#4682B4,0
6,17,12,-0.142103,-0.142103,-1.49812,0,All,#4682B4,0
7,17,12,-0.142103,-0.142103,-0.972824,0,All,#4682B4,0
8,17,12,-0.142103,-0.142103,-1.34242,0,All,#4682B4,0
9,17,12,-0.142103,-0.142103,-1.64542,0,All,#4682B4,0
10,17,12,-0.142103,-0.142103,-1.458,0,All,#4682B4,0
1,17,13,-0.1368,-0.1368,-1.75317,0,All,#4682B4,0
2,17,13,-0.1368,-0.1368,-2.13129,0,All,#4682B4,0
3,17,13,-0.1368,-0.1368,-2.32238,0,All,#4682B4,0
4,17,13,-0.1368,-0.1368,-3.0132,0,All,#4682B4,0
5,17,13,-0.1368,-0.1368,-1.80446,0,All,#4682B4,0
6,17,13,-0.1368,-0.1368,-2.153,0,All,#4682B4,0
7,17,13,-0.1368,-0.1368,-1.81428,0,All,#4682B4,0
8,17,13,-0.1368,-0.1368,-2.09962,0,All,#4682B4,0
9,17,13,-0.1368,-0.1368,-2.17147,0,All,#4682B4,0
10,17,13,-0.1368,-0.1368,-2.2332,0,All,#4682B4,0
1,17,14,-0.31,-3.87945,-2.30996,1,All,#4682B4,0
2,17,14,-0.31,-4.27087,-2.93665,1,All,#4682B4,0
3,17,14,-0.31,-5.36899,-3.24684,1,All,#4682B4,0
4,17,14,-0.31,-8.27109,-3.84234,1,All,#4682B4,0
5,17,14,-0.31,-2.37684,-2.47028,1,All,#4682B4,0
6,17,14,-0.31,-4.87029,-2.79123,1,All,#4682B4,0
7,17,14,-0.31,-4.69216,-2.70768,1,All,#4682B4,0
8,17,14,-0.31,-1.47412,-2.84261,1,All,#4682B4,0
9,17,14,-0.31,-1.58942,-2.67166,1,All,#4682B4,0
10,17,14,-0.31,-6.57473,-2.92567,1,All,#4682B4,0
1,18,-1,-0.201868,-0.201868,-7,0,All,#4682B4,0
2,18,-1,-0.201868,-0.201868,-7,0,All,#4682B4,0
3,18,-1,-0.201868,-0.201868,-7,0,All,#4682B4,0
4,18,-1,-0.201868,-0.201868,-7,0,All,#4682B4,0
5,18,-1,-0.201868,-0.201868,-7,0,All,#4682B4,0
6,18,-1,-0.201868,-0.201868,-7,0,All,#4682B4,0
7,18,-1,-0.201868,-0.201868,-7,0,All,#4682B4,0
8,18,-1,-0.201868,-0.201868,-7,0,All,#4682B4,0
9,18,-1,-0.201868,-0.201868,-7,0,All,#4682B4,0
10,18,-1,-0.201868,-0.201868,-7,0,All,#4682B4,0
1,18,0,-0.085854,-0.085854,-7,0,All,#4682B4,0
2,18,0,-0.085854,-0.085854,-7,0,All,#4682B4,0
3,18,0,-0.085854,-0.085854,-7,0,All,#4682B4,0
4,18,0,-0.085854,-0.085854,-7,0,All,#4682B4,0
5,18,0,-0.085854,-0.085854,-7,0,All,#4682B4,0
6,18,0,-0.085854,-0.085854,-7,0,All,#4682B4,0
7,18,0,-0.085854,-0.085854,-7,0,All,#4682B4,0
8,18,0,-0.085854,-0.085854,-7,0,All,#4682B4,0
9,18,0,-0.085854,-0.085854,-7,0,All,#4682B4,0
10,18,0,-0.085854,-0.085854,-7,0,All,#4682B4,0
1,18,1,-0.3017,-0.3017,-7,0,All,#4682B4,0
2,18,1,-0.3017,-0.3017,-7,0,All,#4682B4,0
3,18,1,-0.3017,-0.3017,-7,0,All,#4682B4,0
4,18,1,-0.3017,-0.3017,-7,0,All,#4682B4,0
5,18,1,-0.3017,-0.3017,-7,0,All,#4682B4,0
6,18,1,-0.3017,-0.3017,-7,0,All,#4682B4,0
7,18,1,-0.3017,-0.3017,-7,0,All,#4682B4,0
8,18,1,-0.3017,-0.3017,-7,0,All,#4682B4,0
9,18,1,-0.3017,-0.3017,-7,0,All,#4682B4,0
10,18,1,-0.3017,-0.3017,-7,0,All,#4682B4,0
1,18,2,-0.31,-14.2334,-7,1,All,#4682B4,0
2,18,2,-0.31,-2.88411,-7,1,All,#4682B4,0
3,18,2,-0.31,-7.74367,-7,1,All,#4682B4,0
4,18,2,-0.31,-7.67942,-7,1,All,#4682B4,0
5,18,2,-0.31,-4.32043,-7,1,All,#4682B4,0
6,18,2,-0.31,-5.15772,-7,1,All,#4682B4,0
7,18,2,-0.31,-14.195,-7,1,All,#4682B4,0
8,18,2,-0.31,-11.9907,-7,1,All,#4682B4,0
9,18,2,-0.31,-6.76536,-7,1,All,#4682B4,0
10,18,2,-0.31,-9.85606,-7,1,All,#4682B4,0
1,18,3,-0.31,-0.569251,-0.36483,1,All,#4682B4,0
2,18,3,-0.31,-0.921126,-0.648596,1,All,#4682B4,0
3,18,3,-0.31,-0.674179,-0.425225,1,All,#4682B4,0
4,18,3,-0.31,-0.674949,-0.316529,1,All,#4682B4,0
5,18,3,-0.31,-0.531468,-0.0707992,1,All,#4682B4,0
6,18,3,-0.31,-0.622084,0.437878,1,All,#4682B4,0
7,18,3,-0.31,-0.42013,0.0802826,1,All,#4682B4,0
8,18,3,-0.31,-0.884242,-0.306903,1,All,#4682B4,0
9,18,3,-0.31,-5.0681,-1.58661,1,All,#4682B4,0
10,18,3,-0.31,-1.62299,-0.318696,1,All,#4682B4,0
1,18,4,0.729313,0.729313,1.17394,0,All,#4682B4,0
2,18,4,0.729313,0.729313,1.86075,0,All,#4682B4,0
3,18,4,0.729313,0.729313,2.05784,0,All,#4682B4,0
4,18,4,0.729313,0.729313,1.66636,0,All,#4682B4,0
5,18,4,0.729313,0.729313,1.76964,0,All,#4682B4,0
6,18,4,0.729313,0.729313,2.12592,0,All,#4682B4,0
7,18,4,0.729313,0.729313,1.74057,0,All,#4682B4,0
8,18,4,0.729313,0.729313,2.42975,0,All,#4682B4,0
9,18,4,0.729313,0.729313,1.58602,0,All,#4682B4,0
10,18,4,0.729313,0.729313,2.09154,0,All,#4682B4,0
1,18,5,1.21834,1.21834,1.71191,0,All,#4682B4,0
2,18,5,1.21834,1.21834,2.35725,0,All,#4682B4,0
3,18,5,1.21834,1.21834,2.38753,0,All,#4682B4,0
4,18,5,1.21834,1.21834,2.09343,0,All,#4682B4,0
5,18,5,1.21834,1.21834,2.21428,0,All,#4682B4,0
6,18,5,1.21834,1.21834,2.47912,0,All,#4682B4,0
7,18,5,1.21834,1.21834,2.15016,0,All,#4682B4,0
8,18,5,1.21834,1.21834,2.64326,0,All,#4682B4,0
9,18,5,1.21834,1.21834,2.24748,0,All,#4682B4,0
10,18,5,1.21834,1.21834,2.43978,0,All,#4682B4,0
1,18,6,1.87191,1.87191,1.76274,0,All,#4682B4,0
2,18,6,1.87191,1.87191,2.19526,0,All,#4682B4,0
3,18,6,1.87191,1.87191,2.10843,0,All,#4682B4,0
4,18,6,1.87191,1.87191,1.90082,0,All,#4682B4,0
5,18,6,1.87191,1.87191,2.19703,0,All,#4682B4,0
6,18,6,1.87191,1.87191,2.33131,0,All,#4682B4,0
7,18,6,1.87191,1.87191,2.09617,0,All,#4682B4,0
8,18,6,1.87191,1.87191,2.44923,0,All,#4682B4,0
9,18,6,1.87191,1.87191,2.24619,0,All,#4682B4,0
10,18,6,1.87191,1.87191,2.16777,0,All,#4682B4,0
1,18,7,1.46907,1.46907,1.25,0,All,#4682B4,0
2,18,7,1.46907,1.46907,1.59164,0,All,#4682B4,0
3,18,7,1.46907,1.46907,1.48533,0,All,#4682B4,0
4,18,7,1.46907,1.46907,0.949933,0,All,#4682B4,0
5,18,7,1.46907,1.46907,1.73398,0,All,#4682B4,0
6,18,7,1.46907,1.46907,1.95631,0,All,#4682B4,0
7,18,7,1.46907,1.46907,1.52228,0,All,#4682B4,0
8,18,7,1.46907,1.46907,1.96548,0,All,#4682B4,0
9,18,7,1.46907,1.46907,1.76609,0,All,#4682B4,0
10,18,7,1.46907,1.46907,1.50515,0,All,#4682B4,0
1,18,8,1.0372,1.0372,0.236303,0,All,#4682B4,0
2,18,8,1.0372,1.0372,0.511307,0,All,#4682B4,0
3,18,8,1.0372,1.0372,0.495314,0,All,#4682B4,0
4,18,8,1.0372,1.0372,-0.305541,0,All,#4682B4,0
5,18,8,1.0372,1.0372,0.570119,0,All,#4682B4,0
6,18,8,1.0372,1.0372,1.35473,0,All,#4682B4,0
7,18,8,1.0372,1.0372,0.280604,0,All,#4682B4,0
8,18,8,1.0372,1.0372,0.895601,0,All,#4682B4,0
9,18,8,1.0372,1.0372,0.649614,0,All,#4682B4,0
10,18,8,1.0372,1.0372,0.414699,0,All,#4682B4,0
1,18,9,0.913333,0.913333,-0.749324,0,All,#4682B4,0
2,18,9,0.913333,0.913333,-0.681052,0,All,#4682B4,0
3,18,9,0.913333,0.913333,-0.540062,0,All,#4682B4,0
4,18,9,0.913333,0.913333,-1.19976,0,All,#4682B4,0
5,18,9,0.913333,0.913333,-0.896798,0,All,#4682B4,0
6,18,9,0.913333,0.913333,0.447397,0,All,#4682B4,0
7,18,9,0.913333,0.913333,-0.852962,0,All,#4682B4,0
8,18,9,0.913333,0.913333,-0.995837,0,All,#4682B4,0
9,18,9,0.913333,0.913333,-0.827362,0,All,#4682B4,0
10,18,9,0.913333,0.913333,-0.785275,0,All,#4682B4,0
1,18,10,0.78056,0.78056,-1.60514,0,All,#4682B4,0
2,18,10,0.78056,0.78056,-1.48049,0,All,#4682B4,0
3,18,10,0.78056,0.78056,-1.30123,0,All,#4682B4,0
4,18,10,0.78056,0.78056,-1.96952,0,All,#4682B4,0
5,18,10,0.78056,0.78056,-1.82963,0,All,#4682B4,0
6,18,10,0.78056,0.78056,-0.779426,0,All,#4682B4,0
7,18,10,0.78056,0.78056,-1.64292,0,All,#4682B4,0
8,18,10,0.78056,0.78056,-2.04956,0,All,#4682B4,0
9,18,10,0.78056,0.78056,-1.8405,0,All,#4682B4,0
10,18,10,0.78056,0.78056,-1.55004,0,All,#4682B4,0
1,18,11,-0.31,-3.33733,-2.39574,1,All,#4682B4,0
2,18,11,-0.31,-1.57783,-2.05788,1,All,#4682B4,0
3,18,11,-0.31,-5.85578,-1.87136,1,All,#4682B4,0
4,18,11,-0.31,-0.406709,-2.70279,1,All,#4682B4,0
5,18,11,-0.31,-0.545256,-2.55856,1,All,#4682B4,0
6,18,11,-0.31,-2.38645,-1.88729,1,All,#4682B4,0
7,18,11,-0.31,-0.532335,-2.32247,1,All,#4682B4,0
8,18,11,-0.31,-2.78394,-2.60933,1,All,#4682B4,0
9,18,11,-0.31,-4.52774,-2.60172,1,All,#4682B4,0
10,18,11,-0.31,-4.09466,-2.08232,1,All,#4682B4,0
1,18,12,-0.31,-1.12133,-3.15747,1,All,#4682B4,0
2,18,12,-0.31,-1.62489,-2.55844,1,All,#4682B4,0
3,18,12,-0.31,-3.46168,-2.3558,1,All,#4682B4,0
4,18,12,-0.31,-3.63667,-3.42683,1,All,#4682B4,0
5,18,12,-0.31,-1.68205,-3.22681,1,All,#4682B4,0
6,18,12,-0.31,-4.98852,-2.56448,1,All,#4682B4,0
7,18,12,-0.31,-2.14543,-2.96785,1,All,#4682B4,0
8,18,12,-0.31,-1.74191,-3.07689,1,All,#4682B4,0
9,18,12,-0.31,-6.32185,-3.27223,1,All,#4682B4,0
10,18,12,-0.31,-0.450638,-2.53273,1,All,#4682B4,0
1,18,13,-0.31,-1.27428,-3.90928,1,All,#4682B4,0
2,18,13,-0.31,-2.06635,-3.03381,1,All,#4682B4,0
3,18,13,-0.31,-2.55988,-2.80741,1,All,#4682B4,0
4,18,13,-0.31,-1.05053,-4.147,1,All,#4682B4,0
5,18,13,-0.31,-5.36772,-3.87798,1,All,#4682B4,0
6,18,13,-0.31,-4.35557,-3.00482,1,All,#4682B4,0
7,18,13,-0.31,-2.58769,-3.60436,1,All,#4682B4,0
8,18,13,-0.31,-4.29685,-3.54794,1,All,#4682B4,0
9,18,13,-0.31,-0.350981,-3.91155,1,All,#4682B4,0
10,18,13,-0.31,-2.44538,-2.9593,1,All,#4682B4,0
1,18,14,-0.31,-0.892394,-4.65637,1,All,#4682B4,0
2,18,14,-0.31,-4.60896,-3.50361,1,All,#4682B4,0
3,18,14,-0.31,-4.77441,-3.24854,1,All,#4682B4,0
4,18,14,-0.31,-6.43116,-4.86658,1,All,#4682B4,0
5,18,14,-0.31,-7.44262,-4.52446,1,All,#4682B4,0
6,18,14,-0.31,-5.53256,-3.35556,1,All,#4682B4,0
7,18,14,-0.31,-5.35838,-4.23739,1,All,#4682B4,0
8,18,14,-0.31,-6.03607,-4.03458,1,All,#4682B4,0
9,18,14,-0.31,-8.35398,-4.54342,1,All,#4682B4,0
10,18,14,-0.31,-4.9392,-3.37754,1,All,#4682B4,0
