iteration,E_beta_exp,sd_beta_exp,E_delta0,sd_delta0,E_p,sd_p,E_td,sd_td,E_b_exp,sd_b_exp,E_h_0,sd_h_0,E_tc,sd_tc,E_sigma,sd_sigma,E_rho_exp,sd_rho_exp,E_q_exp,sd_q_exp,E_ifn0,sd_ifn0
1,-3.76477,0.283536,2.10469,0.254493,3.00397,0.227032,2.11244,0.0862952,-2.43019,0.472226,0.637674,0.110621,8.06284,0.962605,0.4734,0.408764,-1.54074,0.449602,-4.44522,0.241496,0.443478,0.241676
2,-3.77004,0.258819,2.10937,0.227885,3.01022,0.199351,2.1113,0.0774287,-2.42532,0.414347,0.637191,0.0979892,8.04414,0.806454,0.475972,0.361074,-1.54769,0.394703,-4.44564,0.211751,0.44518,0.211736
3,-3.77187,0.2491,2.07705,0.217617,3.00844,0.190286,2.10782,0.075275,-2.423,0.393576,0.636968,0.0921595,8.01869,0.740187,0.475213,0.344352,-1.5457,0.370135,-4.44511,0.197873,0.441501,0.210014
4,-3.77733,0.247642,2.05521,0.219595,3.00921,0.185266,2.1044,0.0751829,-2.42196,0.383959,0.636492,0.0895708,7.99085,0.709685,0.478799,0.342119,-1.54383,0.355363,-4.44445,0.192162,0.440203,0.215086
5,-3.77962,0.24566,2.0531,0.217404,3.01292,0.179344,2.10558,0.0744739,-2.42309,0.379017,0.636047,0.0882887,7.98642,0.701552,0.481816,0.333234,-1.54101,0.347165,-4.44144,0.192211,0.44076,0.217466
6,-3.78088,0.241306,2.04863,0.214635,3.01457,0.178288,2.10761,0.0738413,-2.42476,0.37656,0.636323,0.0879903,7.97895,0.683847,0.480027,0.333199,-1.53676,0.34594,-4.43916,0.192884,0.442842,0.218876
7,-3.78466,0.237837,2.03559,0.213011,3.01627,0.179971,2.11131,0.0735749,-2.42083,0.378802,0.635642,0.0893085,7.98852,0.677482,0.47724,0.335955,-1.53898,0.357333,-4.43726,0.190194,0.443844,0.2208
8,-3.78573,0.236138,2.02865,0.213394,3.0186,0.18118,2.11228,0.0736495,-2.41413,0.381762,0.63467,0.0902065,7.99218,0.67744,0.477734,0.338188,-1.54092,0.366807,-4.43504,0.188587,0.445306,0.222728
9,-3.78727,0.235597,2.01731,0.214073,3.01985,0.181572,2.11404,0.0751286,-2.40993,0.383329,0.6339,0.0910772,7.98061,0.684989,0.480259,0.341861,-1.5427,0.371428,-4.43212,0.18791,0.447486,0.222772
10,-3.7885,0.2341,2.00797,0.218281,3.02089,0.181222,2.11354,0.0764755,-2.40744,0.38424,0.633214,0.0919329,7.98144,0.690245,0.484442,0.345795,-1.54392,0.380335,-4.43009,0.186736,0.446506,0.224248
11,-3.78938,0.233018,2.00145,0.218061,3.02208,0.179485,2.11408,0.0784296,-2.40347,0.386692,0.632526,0.0925554,7.97889,0.692187,0.486899,0.350017,-1.54547,0.383883,-4.42663,0.188111,0.44623,0.223257
12,-3.79129,0.231464,1.99347,0.218299,3.02403,0.178686,2.11548,0.0794079,-2.3998,0.389063,0.63187,0.0929668,7.97803,0.690231,0.488519,0.351816,-1.54758,0.384092,-4.42283,0.188446,0.445765,0.222216
13,-3.79597,0.231485,1.98569,0.21844,3.0265,0.178047,2.11627,0.0803514,-2.39672,0.389349,0.631371,0.0929923,7.97578,0.688423,0.489385,0.352892,-1.55036,0.386131,-4.42253,0.188808,0.444995,0.221462
14,-3.79967,0.230935,1.98001,0.21926,3.02793,0.178087,2.1172,0.0803814,-2.39426,0.389529,0.630935,0.0931731,7.97435,0.684311,0.489644,0.351888,-1.55297,0.38541,-4.42227,0.190761,0.444419,0.222223
15,-3.80155,0.231282,1.97623,0.218923,3.03073,0.179053,2.11951,0.0796911,-2.39182,0.388922,0.630502,0.0934051,7.96463,0.681759,0.488803,0.353515,-1.55525,0.387361,-4.42113,0.19141,0.44485,0.222237
16,-3.8029,0.231403,1.97551,0.219248,3.03196,0.180375,2.12216,0.0792619,-2.39025,0.387777,0.630075,0.0936242,7.95557,0.680857,0.489722,0.35319,-1.55706,0.387296,-4.42064,0.191947,0.445602,0.221803
17,-3.80193,0.232224,1.97416,0.219282,3.03275,0.180986,2.12318,0.0788922,-2.38937,0.387448,0.629847,0.0935402,7.95311,0.684313,0.48917,0.352427,-1.55836,0.390549,-4.42009,0.190753,0.446703,0.221974
18,-3.80155,0.231668,1.97614,0.220402,3.03229,0.182523,2.12419,0.0790289,-2.38653,0.387003,0.629457,0.0933834,7.95072,0.685949,0.48945,0.354053,-1.55963,0.392976,-4.42017,0.189605,0.446754,0.223928
19,-3.80038,0.231829,1.98065,0.221084,3.03052,0.183726,2.12598,0.0797139,-2.38514,0.389757,0.629404,0.0939648,7.95459,0.685395,0.489886,0.356456,-1.5586,0.397244,-4.42102,0.190289,0.447144,0.224235
20,-3.8003,0.232246,1.98106,0.221571,3.02958,0.184275,2.12803,0.0803323,-2.38384,0.391564,0.62923,0.0945778,7.95478,0.690687,0.490036,0.358341,-1.55747,0.398922,-4.41877,0.191885,0.447692,0.224455
21,-3.79917,0.232512,1.9821,0.222286,3.02782,0.185209,2.12941,0.0809367,-2.38344,0.39333,0.629142,0.0950697,7.95481,0.693897,0.490038,0.35856,-1.55649,0.399253,-4.41815,0.192311,0.448328,0.224441
22,-3.79888,0.232583,1.98305,0.223279,3.02602,0.186064,2.13074,0.0814692,-2.382,0.396217,0.629036,0.0956958,7.9557,0.695722,0.490519,0.357787,-1.55626,0.400284,-4.41775,0.192708,0.448673,0.224914
23,-3.79897,0.232178,1.98225,0.223871,3.0251,0.186123,2.13116,0.0820037,-2.38084,0.399172,0.628916,0.0966267,7.95742,0.697758,0.490295,0.35635,-1.55679,0.401073,-4.41808,0.192914,0.449223,0.2252
24,-3.79862,0.231845,1.98237,0.225041,3.02376,0.185579,2.13155,0.0824394,-2.3798,0.401773,0.62891,0.0973272,7.9586,0.694844,0.4899,0.354155,-1.55648,0.400937,-4.41859,0.192723,0.449862,0.225687
25,-3.7994,0.23187,1.98124,0.224026,3.02258,0.184845,2.13242,0.0826847,-2.37867,0.404287,0.628872,0.0977741,7.95974,0.69261,0.489739,0.352118,-1.5558,0.399661,-4.41882,0.192663,0.450458,0.22581
26,-3.80157,0.23373,1.98043,0.223851,3.02213,0.184383,2.13385,0.0833166,-2.37742,0.407129,0.62895,0.0981273,7.96268,0.689357,0.489781,0.350288,-1.55533,0.398958,-4.41855,0.192888,0.45102,0.224613
27,-3.80411,0.235805,1.97888,0.224456,3.02239,0.183381,2.13539,0.0833104,-2.37624,0.408779,0.629007,0.0982439,7.96163,0.68685,0.489151,0.349686,-1.55566,0.398679,-4.41796,0.192515,0.451381,0.224357
28,-3.80561,0.237355,1.97583,0.224563,3.02282,0.183073,2.13689,0.0831131,-2.37492,0.410058,0.628912,0.0984986,7.954,0.68563,0.488383,0.349216,-1.5569,0.397688,-4.41731,0.19227,0.451396,0.22416
29,-3.80826,0.239215,1.97416,0.2234,3.02365,0.183286,2.13746,0.082923,-2.37372,0.411711,0.62891,0.098646,7.95168,0.686785,0.488007,0.348908,-1.5572,0.396728,-4.41679,0.192471,0.452027,0.224287
30,-3.81058,0.240198,1.97276,0.223545,3.02453,0.183445,2.13794,0.0828549,-2.37264,0.411995,0.628945,0.0987909,7.94617,0.690862,0.487653,0.349326,-1.55662,0.396208,-4.41705,0.192239,0.452336,0.224783
31,-3.81259,0.241002,1.97025,0.223727,3.02525,0.18365,2.13809,0.0827321,-2.3718,0.41239,0.628891,0.0990859,7.94208,0.693433,0.486383,0.349023,-1.55662,0.395959,-4.41654,0.192172,0.452007,0.224929
32,-3.81472,0.242259,1.96877,0.223692,3.0258,0.183947,2.13816,0.0828864,-2.37027,0.412888,0.628851,0.0994272,7.93975,0.696886,0.485982,0.348289,-1.5568,0.396081,-4.41661,0.191928,0.452186,0.224399
33,-3.8166,0.243757,1.96799,0.224043,3.02596,0.184186,2.13792,0.0833882,-2.36903,0.413646,0.628801,0.0998504,7.93751,0.698981,0.485755,0.347421,-1.55722,0.396385,-4.41662,0.190975,0.452504,0.224906
34,-3.81827,0.245118,1.96629,0.224429,3.02636,0.184561,2.13755,0.0835441,-2.36765,0.414311,0.628688,0.100128,7.93443,0.700221,0.48512,0.347027,-1.55788,0.396601,-4.41664,0.190682,0.452702,0.225319
35,-3.81886,0.246074,1.96556,0.224714,3.0265,0.185085,2.13703,0.0838243,-2.36678,0.414686,0.628577,0.100215,7.92713,0.702103,0.484713,0.345793,-1.5588,0.397285,-4.41738,0.19085,0.452643,0.225047
36,-3.81956,0.246877,1.96514,0.226389,3.0269,0.185654,2.13687,0.0836544,-2.36571,0.415362,0.628459,0.100468,7.92228,0.701301,0.485081,0.345859,-1.55992,0.398928,-4.41788,0.191175,0.452402,0.224533
37,-3.82054,0.247777,1.96458,0.227797,3.0272,0.186356,2.13742,0.0832277,-2.36432,0.415334,0.62841,0.10077,7.91763,0.703864,0.484727,0.345833,-1.56051,0.399971,-4.41843,0.191897,0.452013,0.223416
38,-3.82188,0.248774,1.9643,0.228577,3.0275,0.187076,2.13818,0.0828568,-2.36367,0.415564,0.62841,0.100886,7.91168,0.7052,0.484095,0.348038,-1.56104,0.400775,-4.41857,0.192391,0.452154,0.222972
39,-3.82343,0.249655,1.96359,0.229343,3.02785,0.187778,2.13764,0.0830651,-2.36257,0.41537,0.628385,0.100808,7.90629,0.704949,0.484087,0.349924,-1.56184,0.401529,-4.41866,0.192506,0.451754,0.222809
40,-3.82438,0.250225,1.96319,0.22938,3.02809,0.187945,2.13721,0.0832462,-2.36128,0.415071,0.628321,0.100699,7.89884,0.704423,0.484102,0.351435,-1.56244,0.403098,-4.41846,0.192027,0.451934,0.223482
41,-3.82522,0.250488,1.96213,0.229373,3.02834,0.187936,2.13685,0.0831987,-2.35973,0.414994,0.628167,0.100702,7.89132,0.704956,0.484219,0.353489,-1.56315,0.4043,-4.41863,0.191565,0.453165,0.224243
42,-3.8254,0.250552,1.96125,0.229016,3.02816,0.188286,2.1372,0.0830836,-2.35798,0.414994,0.627984,0.100797,7.88428,0.706782,0.484115,0.354914,-1.56401,0.404753,-4.41863,0.191311,0.453654,0.224083
43,-3.82565,0.251039,1.96053,0.229637,3.02788,0.188403,2.13732,0.0830902,-2.35641,0.414907,0.627809,0.100838,7.87909,0.707323,0.483887,0.355531,-1.56343,0.404687,-4.41876,0.190586,0.454254,0.224021
44,-3.82629,0.251698,1.96137,0.23007,3.02785,0.187923,2.13819,0.0830776,-2.35474,0.41497,0.627656,0.100789,7.87412,0.710595,0.483686,0.356705,-1.56287,0.404672,-4.41896,0.190064,0.454873,0.224655
45,-3.82637,0.252113,1.96209,0.230778,3.0275,0.18778,2.1386,0.0829328,-2.35314,0.415105,0.627525,0.100809,7.87141,0.712551,0.484071,0.356966,-1.56221,0.404506,-4.41896,0.190368,0.454972,0.224853
46,-3.82615,0.25215,1.96169,0.231375,3.02704,0.187467,2.13861,0.0827154,-2.35256,0.415279,0.62746,0.101105,7.87053,0.714901,0.484537,0.357287,-1.56128,0.404558,-4.41881,0.19032,0.454736,0.22515
47,-3.82652,0.252523,1.96069,0.231692,3.0264,0.187472,2.13898,0.0824795,-2.35177,0.415737,0.627413,0.101306,7.8709,0.715202,0.484621,0.358054,-1.56079,0.40522,-4.41912,0.190903,0.454883,0.224539
48,-3.82617,0.252627,1.96132,0.232595,3.02584,0.187631,2.13943,0.0825479,-2.35126,0.416405,0.627383,0.101522,7.86927,0.717022,0.484311,0.358706,-1.56037,0.406539,-4.41959,0.191381,0.454878,0.225108
49,-3.82622,0.25291,1.96029,0.233433,3.02534,0.18783,2.13979,0.0826281,-2.35065,0.416615,0.627284,0.101797,7.86784,0.717434,0.484334,0.359936,-1.55987,0.407807,-4.41972,0.191578,0.454568,0.225669
50,-3.82641,0.253407,1.9596,0.233399,3.02497,0.188006,2.13997,0.0828856,-2.35031,0.416958,0.627245,0.102124,7.86595,0.718476,0.483777,0.361106,-1.55968,0.409241,-4.41946,0.191627,0.455109,0.226461
51,-3.82612,0.253846,1.95788,0.2343,3.02438,0.188105,2.14036,0.0831073,-2.35023,0.416843,0.627282,0.10218,7.86606,0.71978,0.483441,0.362277,-1.55942,0.410221,-4.41907,0.192156,0.455167,0.226786
52,-3.82596,0.253753,1.95822,0.235287,3.02363,0.18823,2.14038,0.083289,-2.35009,0.417074,0.627323,0.102331,7.86763,0.721635,0.483064,0.363122,-1.55944,0.411029,-4.41856,0.192921,0.455352,0.22705
53,-3.82557,0.253824,1.95816,0.236122,3.02288,0.188425,2.14032,0.0834024,-2.35038,0.417087,0.627395,0.102444,7.87115,0.72398,0.482847,0.36402,-1.55906,0.41206,-4.41811,0.193619,0.455191,0.227375
54,-3.8251,0.253943,1.95837,0.236802,3.02211,0.188421,2.14041,0.0833833,-2.35056,0.417131,0.627461,0.102699,7.87266,0.725103,0.482325,0.364868,-1.55862,0.413033,-4.41773,0.193976,0.455258,0.227438
55,-3.82467,0.253831,1.95959,0.237263,3.02172,0.188332,2.14045,0.083297,-2.35058,0.416807,0.627528,0.10287,7.87557,0.726377,0.481991,0.365669,-1.55856,0.413214,-4.41728,0.194168,0.45562,0.227516
56,-3.82431,0.253584,1.96043,0.238065,3.0214,0.18789,2.14058,0.0833548,-2.35051,0.416213,0.627593,0.102989,7.87824,0.730905,0.481822,0.365785,-1.55867,0.413391,-4.41731,0.194237,0.455762,0.227819
57,-3.82402,0.25365,1.96096,0.238286,3.02121,0.187724,2.14052,0.0834245,-2.35041,0.415972,0.627584,0.103149,7.87993,0.735199,0.481702,0.366292,-1.55829,0.413433,-4.41742,0.194276,0.456144,0.228278
58,-3.82377,0.253857,1.96185,0.238809,3.0212,0.187613,2.14055,0.0833763,-2.3507,0.415624,0.62764,0.103121,7.88037,0.737702,0.481384,0.366205,-1.55832,0.413843,-4.41745,0.194393,0.45636,0.227993
59,-3.82376,0.254156,1.96199,0.238879,3.0207,0.187681,2.14037,0.0833177,-2.35055,0.415153,0.627702,0.103179,7.87819,0.740551,0.480942,0.367,-1.55874,0.414587,-4.41745,0.194746,0.456572,0.227689
60,-3.82413,0.254655,1.96177,0.23948,3.02069,0.187655,2.13947,0.0833882,-2.35058,0.414688,0.627769,0.103144,7.88029,0.741,0.480396,0.368157,-1.55842,0.415253,-4.41745,0.194997,0.456206,0.22746
61,-3.82439,0.255036,1.96289,0.240368,3.02065,0.18766,2.13886,0.0834187,-2.35082,0.414104,0.627844,0.103162,7.87997,0.742291,0.479756,0.369325,-1.55822,0.415569,-4.4172,0.195089,0.45576,0.227438
62,-3.82472,0.255277,1.96432,0.240821,3.02057,0.187702,2.13825,0.0834922,-2.35057,0.413874,0.627861,0.10316,7.88202,0.741071,0.479257,0.369574,-1.55806,0.415465,-4.41722,0.195208,0.455701,0.227869
63,-3.82507,0.255293,1.96514,0.240901,3.02072,0.187675,2.13795,0.0832658,-2.35072,0.413768,0.627883,0.103223,7.88333,0.741307,0.478822,0.369286,-1.55789,0.415633,-4.41722,0.195021,0.455489,0.228096
64,-3.82507,0.25524,1.96614,0.241078,3.02085,0.187768,2.13775,0.0831287,-2.35076,0.413693,0.627896,0.103176,7.88545,0.740351,0.478306,0.369283,-1.55779,0.415824,-4.41707,0.19479,0.455336,0.228412
65,-3.82498,0.255408,1.96723,0.240952,3.02077,0.187614,2.13745,0.0829308,-2.35063,0.413602,0.627871,0.103162,7.88789,0.740463,0.477944,0.369943,-1.55773,0.415367,-4.41707,0.194641,0.455309,0.228861
66,-3.825,0.255263,1.96727,0.240897,3.02077,0.187476,2.13736,0.082848,-2.35073,0.413633,0.627902,0.103173,7.89239,0.7414,0.477628,0.370389,-1.55795,0.415198,-4.41756,0.194373,0.455029,0.228719
67,-3.82474,0.255084,1.96804,0.240736,3.02139,0.18734,2.1368,0.0829081,-2.35157,0.413697,0.627947,0.103214,7.89426,0.741408,0.477157,0.370892,-1.5587,0.41529,-4.41813,0.194384,0.454488,0.229088
68,-3.82473,0.255128,1.96849,0.240612,3.0215,0.187048,2.1362,0.0830312,-2.35184,0.413579,0.627909,0.103196,7.89427,0.741718,0.476962,0.370825,-1.55868,0.415191,-4.41821,0.19401,0.454317,0.228908
69,-3.82479,0.25522,1.9688,0.240703,3.02146,0.186754,2.13587,0.0830086,-2.35194,0.413862,0.627931,0.103146,7.89474,0.742916,0.476574,0.370664,-1.55813,0.415538,-4.41785,0.193946,0.454107,0.228798
70,-3.82483,0.255576,1.969,0.240904,3.0213,0.186557,2.13532,0.0830489,-2.35266,0.414112,0.628009,0.103144,7.89511,0.742668,0.476485,0.370853,-1.55739,0.415567,-4.41756,0.193837,0.454101,0.228759
71,-3.82477,0.25576,1.96854,0.240958,3.02106,0.186461,2.13498,0.0829825,-2.35321,0.414316,0.628137,0.103187,7.89586,0.742115,0.476343,0.370669,-1.55696,0.415797,-4.41756,0.193693,0.454052,0.228496
72,-3.82501,0.255933,1.96845,0.241712,3.02095,0.186276,2.13482,0.0827937,-2.35397,0.414476,0.628293,0.1033,7.89628,0.742483,0.476185,0.370997,-1.55654,0.416143,-4.41718,0.193513,0.454198,0.228479
73,-3.82511,0.256258,1.96849,0.242189,3.02065,0.186135,2.13469,0.0826269,-2.35467,0.414628,0.628464,0.103382,7.89684,0.743824,0.476097,0.37157,-1.55572,0.416218,-4.41662,0.1933,0.454311,0.228427
74,-3.82491,0.256668,1.96838,0.242447,3.02031,0.186062,2.13462,0.0824553,-2.35538,0.414865,0.628619,0.103399,7.89709,0.74541,0.476119,0.37218,-1.55527,0.416588,-4.41621,0.193082,0.454191,0.228188
75,-3.82458,0.256762,1.96848,0.242484,3.01981,0.186288,2.13446,0.0823584,-2.35614,0.414932,0.628757,0.103339,7.89674,0.746588,0.476014,0.372571,-1.55482,0.416709,-4.416,0.193165,0.454169,0.228412
76,-3.82395,0.256951,1.96774,0.242116,3.01933,0.186131,2.13422,0.0823516,-2.35683,0.415144,0.62887,0.10343,7.89547,0.748129,0.475982,0.372676,-1.55416,0.416326,-4.41591,0.193106,0.454446,0.2289
77,-3.82379,0.256773,1.96741,0.242139,3.01919,0.186007,2.13386,0.0823216,-2.35752,0.415283,0.628994,0.103416,7.89494,0.750604,0.476297,0.372714,-1.55378,0.41582,-4.41621,0.193003,0.454483,0.229118
78,-3.82337,0.256423,1.96705,0.242171,3.01894,0.185555,2.13356,0.0823172,-2.3581,0.415509,0.629077,0.103422,7.89401,0.754093,0.476761,0.372791,-1.55306,0.415461,-4.4163,0.192766,0.454363,0.229187
79,-3.82298,0.255921,1.96663,0.242267,3.01888,0.185152,2.13344,0.0825295,-2.35868,0.415555,0.62916,0.103458,7.89225,0.755537,0.476848,0.372415,-1.55258,0.415326,-4.41641,0.192875,0.454191,0.22921
80,-3.82256,0.255721,1.96706,0.242461,3.01878,0.185095,2.13319,0.0827083,-2.35929,0.415712,0.62924,0.10343,7.89188,0.756254,0.476868,0.372644,-1.552,0.414902,-4.41663,0.19289,0.4541,0.22923
81,-3.82231,0.255488,1.96736,0.242301,3.01878,0.184963,2.13293,0.0829261,-2.35985,0.415839,0.629312,0.103498,7.89149,0.757482,0.476922,0.37266,-1.55168,0.41497,-4.4173,0.193175,0.453799,0.22949
82,-3.82216,0.25526,1.96792,0.242229,3.0187,0.18488,2.13236,0.0831441,-2.36053,0.415855,0.629426,0.103564,7.89049,0.758237,0.476919,0.372794,-1.55111,0.41518,-4.41792,0.193512,0.453453,0.229801
83,-3.82202,0.255107,1.96817,0.242204,3.01842,0.184657,2.132,0.0831552,-2.36113,0.41573,0.629521,0.103602,7.89063,0.760573,0.476692,0.37274,-1.55081,0.415535,-4.41882,0.193804,0.453015,0.229626
84,-3.82181,0.254936,1.96853,0.242149,3.01809,0.184491,2.13129,0.0832618,-2.36176,0.415582,0.629627,0.103627,7.89135,0.761371,0.476621,0.372582,-1.55014,0.415609,-4.4194,0.194183,0.452664,0.229564
85,-3.82149,0.254933,1.9678,0.242037,3.01739,0.184657,2.13117,0.0833325,-2.3623,0.415524,0.629736,0.103648,7.89378,0.762208,0.476734,0.372309,-1.54915,0.415362,-4.41965,0.194208,0.452675,0.230323
86,-3.82112,0.254978,1.96759,0.242143,3.01694,0.184677,2.13088,0.0835888,-2.36297,0.415661,0.629844,0.103666,7.89507,0.76281,0.4771,0.37197,-1.54803,0.415124,-4.41965,0.194341,0.452406,0.23078
87,-3.82085,0.25476,1.96737,0.242208,3.01657,0.184795,2.13075,0.0837166,-2.36343,0.415533,0.629905,0.103667,7.89633,0.762881,0.477556,0.37203,-1.54673,0.414883,-4.41965,0.194496,0.452351,0.230878
88,-3.82027,0.254826,1.96744,0.242046,3.01596,0.184808,2.13056,0.0837957,-2.36411,0.415189,0.630014,0.103602,7.89922,0.762844,0.477939,0.371899,-1.54543,0.415031,-4.4196,0.194321,0.452595,0.231085
89,-3.81953,0.255112,1.96768,0.241955,3.01539,0.184717,2.13046,0.0837465,-2.36486,0.414726,0.630101,0.103443,7.90232,0.764262,0.478476,0.371884,-1.54419,0.415189,-4.41955,0.19415,0.452685,0.231031
90,-3.81921,0.254985,1.96725,0.24216,3.01485,0.184574,2.13055,0.0837467,-2.36542,0.414211,0.630193,0.103271,7.9054,0.764519,0.478469,0.371864,-1.54278,0.415445,-4.41927,0.193991,0.452683,0.230853
91,-3.81881,0.254965,1.9669,0.242163,3.01436,0.184471,2.13041,0.0838152,-2.36583,0.41365,0.630278,0.103146,7.90731,0.765074,0.478523,0.371755,-1.54173,0.415486,-4.41922,0.193942,0.452668,0.230812
92,-3.81823,0.255127,1.96759,0.241959,3.01383,0.184315,2.13021,0.0839365,-2.36629,0.413183,0.630348,0.103013,7.91073,0.764318,0.478533,0.371333,-1.54053,0.415739,-4.41931,0.193836,0.452634,0.230652
93,-3.81758,0.255198,1.96842,0.241811,3.01332,0.184135,2.13002,0.0840033,-2.36671,0.41282,0.630386,0.102881,7.91474,0.763612,0.47873,0.371362,-1.5392,0.416001,-4.41925,0.193917,0.452612,0.230776
94,-3.81681,0.255206,1.9689,0.241651,3.01273,0.183947,2.12985,0.0839793,-2.36707,0.412655,0.63043,0.102785,7.91834,0.762539,0.47885,0.370924,-1.53797,0.416109,-4.41919,0.193808,0.45262,0.231134
95,-3.81621,0.255128,1.96965,0.24148,3.0122,0.183831,2.1297,0.0839174,-2.36747,0.412544,0.630514,0.102796,7.9217,0.761938,0.478928,0.370663,-1.5374,0.415772,-4.41911,0.193929,0.452558,0.231344
96,-3.81552,0.255042,1.96964,0.24124,3.01172,0.183759,2.1294,0.0838948,-2.3678,0.412607,0.630542,0.102771,7.92211,0.761522,0.478981,0.370347,-1.53682,0.415475,-4.419,0.194021,0.452594,0.231434
97,-3.81496,0.254919,1.96939,0.241175,3.0112,0.183716,2.12899,0.0840019,-2.36814,0.412749,0.630546,0.102741,7.92242,0.759998,0.478857,0.370083,-1.53622,0.415042,-4.41861,0.1941,0.452533,0.231487
98,-3.81431,0.254823,1.96864,0.240919,3.01066,0.183703,2.12838,0.0841842,-2.36863,0.412776,0.630547,0.102715,7.92318,0.758156,0.478787,0.369715,-1.53529,0.414958,-4.41818,0.194186,0.452506,0.23147
99,-3.81371,0.25483,1.96836,0.240781,3.0101,0.183674,2.12796,0.0842589,-2.36917,0.412941,0.630589,0.102679,7.92299,0.757352,0.478895,0.36968,-1.53436,0.414699,-4.41784,0.194228,0.452582,0.23148
100,-3.81305,0.254671,1.96845,0.240729,3.00967,0.183578,2.128,0.0842691,-2.36956,0.413137,0.630601,0.102626,7.92263,0.756604,0.479141,0.369737,-1.53344,0.414467,-4.41763,0.194249,0.4524,0.231654
101,-3.81272,0.254488,1.96866,0.240829,3.00922,0.18334,2.12791,0.0843953,-2.3697,0.413468,0.630617,0.102645,7.92511,0.756143,0.479181,0.369154,-1.53291,0.41422,-4.41757,0.194139,0.452298,0.23185
102,-3.81238,0.254393,1.96929,0.240655,3.00899,0.183121,2.12767,0.0845618,-2.36985,0.413806,0.630609,0.102634,7.92811,0.755603,0.479313,0.368672,-1.53265,0.414028,-4.41799,0.194093,0.451971,0.231987
103,-3.81196,0.254495,1.96983,0.240477,3.00877,0.182885,2.1273,0.0848276,-2.3699,0.414386,0.630597,0.102787,7.93094,0.755829,0.479687,0.368028,-1.53238,0.41414,-4.41803,0.193834,0.451718,0.231922
104,-3.81158,0.254764,1.97042,0.240129,3.00864,0.182709,2.12713,0.0850866,-2.36981,0.415083,0.630586,0.102912,7.93286,0.755436,0.480003,0.367257,-1.53235,0.414062,-4.41827,0.193642,0.451456,0.231859
105,-3.81117,0.254864,1.97154,0.239936,3.00843,0.18273,2.12701,0.0853747,-2.36989,0.415567,0.630599,0.10298,7.93515,0.755969,0.48015,0.366868,-1.53229,0.414106,-4.4185,0.193474,0.451418,0.231753
106,-3.811,0.255436,1.97248,0.239853,3.00807,0.182909,2.12693,0.0855961,-2.36989,0.416158,0.630595,0.103043,7.93569,0.756276,0.480159,0.366672,-1.53205,0.414188,-4.41855,0.193402,0.451495,0.231697
107,-3.81073,0.255523,1.9726,0.240041,3.00781,0.183228,2.12693,0.0857552,-2.36985,0.416435,0.630595,0.103085,7.9352,0.756253,0.480194,0.366244,-1.53179,0.414056,-4.41857,0.19328,0.451795,0.231819
108,-3.81059,0.255657,1.97236,0.240114,3.0076,0.183318,2.12677,0.0858585,-2.36991,0.416685,0.630593,0.103138,7.9351,0.755333,0.480141,0.366021,-1.53141,0.414125,-4.41853,0.193196,0.451792,0.231696
109,-3.81057,0.255587,1.97182,0.240186,3.00744,0.183258,2.12658,0.0859114,-2.36996,0.417148,0.630598,0.103193,7.93489,0.755742,0.480147,0.36581,-1.53117,0.413974,-4.41857,0.193137,0.451749,0.231834
110,-3.81067,0.255409,1.97185,0.240191,3.00752,0.18334,2.12631,0.0861043,-2.37007,0.417606,0.630607,0.103301,7.93414,0.7571,0.480215,0.366225,-1.53111,0.414426,-4.41876,0.193117,0.451637,0.23188
111,-3.8109,0.255383,1.97176,0.240287,3.00746,0.183452,2.1259,0.0860978,-2.37013,0.417725,0.630617,0.10333,7.93354,0.758099,0.480491,0.36652,-1.53101,0.4145,-4.41888,0.193128,0.45142,0.231809
112,-3.8109,0.25526,1.97171,0.240272,3.00753,0.183603,2.12556,0.0863113,-2.37051,0.418016,0.630669,0.103374,7.9328,0.759235,0.480803,0.366611,-1.53088,0.414985,-4.4191,0.192882,0.451267,0.231857
113,-3.81099,0.255495,1.97167,0.240277,3.0074,0.183608,2.12513,0.0863452,-2.37102,0.418427,0.630741,0.103394,7.93276,0.760421,0.480981,0.366881,-1.53075,0.415432,-4.4192,0.192637,0.450976,0.231767
114,-3.81109,0.255496,1.97164,0.240213,3.00725,0.183712,2.12473,0.086387,-2.37146,0.418841,0.630813,0.103427,7.93205,0.761493,0.480723,0.36668,-1.53027,0.41544,-4.41922,0.192458,0.450727,0.23169
115,-3.81123,0.255522,1.97136,0.239912,3.00706,0.183887,2.12443,0.0864341,-2.37193,0.419452,0.630897,0.103419,7.93234,0.762371,0.480487,0.366575,-1.53,0.415625,-4.41903,0.192322,0.450495,0.231993
116,-3.81148,0.255645,1.97124,0.239843,3.00694,0.183991,2.12435,0.0865185,-2.37224,0.420089,0.630962,0.103449,7.93178,0.763004,0.480316,0.366391,-1.52964,0.415993,-4.4189,0.192198,0.450445,0.232071
117,-3.81185,0.256004,1.97099,0.240017,3.00692,0.184063,2.1241,0.0866728,-2.37229,0.420767,0.631017,0.103444,7.93065,0.764432,0.480145,0.366114,-1.5293,0.416053,-4.41887,0.192106,0.450324,0.232132
118,-3.81228,0.256195,1.97144,0.239928,3.00688,0.184034,2.12383,0.0867647,-2.3724,0.421283,0.631074,0.103483,7.92914,0.766003,0.480055,0.365944,-1.52875,0.416359,-4.41872,0.19203,0.450184,0.232217
119,-3.81259,0.256252,1.97155,0.239937,3.00681,0.183938,2.12353,0.0868076,-2.37257,0.421775,0.631133,0.103494,7.92737,0.768309,0.480042,0.366103,-1.52825,0.416653,-4.41865,0.192094,0.45014,0.232421
120,-3.8128,0.256305,1.97113,0.240042,3.00671,0.183825,2.12327,0.0870141,-2.37261,0.422078,0.631166,0.103454,7.92664,0.76991,0.480021,0.366259,-1.52822,0.416775,-4.41861,0.192214,0.45008,0.232366
121,-3.81287,0.256216,1.97098,0.240194,3.00657,0.183747,2.1229,0.0872751,-2.37281,0.422261,0.631203,0.103445,7.92594,0.77226,0.480117,0.366267,-1.52818,0.416568,-4.4186,0.192369,0.450043,0.232546
122,-3.81267,0.256275,1.97119,0.240132,3.0064,0.183645,2.12242,0.0876233,-2.37289,0.422061,0.631223,0.103407,7.92427,0.773679,0.480392,0.366586,-1.52803,0.416321,-4.41866,0.192491,0.450007,0.232803
123,-3.81262,0.256077,1.97111,0.24003,3.00638,0.183535,2.12212,0.0879502,-2.37313,0.421887,0.631228,0.103337,7.92266,0.774627,0.480473,0.366823,-1.52767,0.416282,-4.41865,0.192766,0.449906,0.233113
124,-3.81261,0.255842,1.97099,0.239898,3.00637,0.183621,2.12181,0.0883734,-2.37341,0.421729,0.631256,0.103302,7.92068,0.775888,0.48049,0.367037,-1.52729,0.416129,-4.41876,0.192902,0.449932,0.233592
125,-3.81243,0.255781,1.97082,0.239731,3.00618,0.183633,2.12157,0.0886828,-2.37376,0.421529,0.631292,0.103256,7.9179,0.776528,0.48073,0.36719,-1.52681,0.415981,-4.41884,0.19299,0.449941,0.233535
126,-3.81242,0.25568,1.97044,0.23965,3.00612,0.183873,2.12153,0.0888912,-2.37402,0.421297,0.631326,0.10318,7.91655,0.777589,0.481,0.367207,-1.52642,0.415961,-4.41884,0.193072,0.449999,0.233577
127,-3.81221,0.255762,1.97014,0.239492,3.00577,0.184185,2.12147,0.0892967,-2.37424,0.421146,0.631339,0.103105,7.91436,0.778704,0.481065,0.367102,-1.52571,0.416098,-4.41887,0.193015,0.450038,0.233722
128,-3.81202,0.255958,1.96964,0.239271,3.00554,0.184355,2.12164,0.0894447,-2.37446,0.421074,0.631395,0.103049,7.91404,0.779745,0.481098,0.36711,-1.52517,0.416097,-4.41893,0.19302,0.449942,0.233661
129,-3.81196,0.256062,1.96952,0.239295,3.00522,0.184642,2.12166,0.0894138,-2.37471,0.421006,0.631451,0.103017,7.91326,0.780532,0.481159,0.367187,-1.52456,0.416082,-4.4189,0.193147,0.449858,0.23348
130,-3.81205,0.255975,1.96937,0.239257,3.00499,0.184676,2.12163,0.0895032,-2.37504,0.420977,0.63151,0.102973,7.91214,0.78108,0.481391,0.367429,-1.52378,0.415775,-4.41899,0.193121,0.4498,0.233441
131,-3.81197,0.255845,1.96957,0.239235,3.00474,0.184581,2.12161,0.0895022,-2.37543,0.42088,0.631603,0.102926,7.91159,0.78186,0.481462,0.367672,-1.52301,0.415475,-4.4192,0.193115,0.449834,0.233561
132,-3.81197,0.255633,1.96965,0.239174,3.00443,0.18447,2.12147,0.0894892,-2.37555,0.420618,0.631674,0.102877,7.91162,0.781823,0.481291,0.367746,-1.52232,0.415057,-4.4192,0.193153,0.449776,0.233519
133,-3.81177,0.255482,1.96968,0.239067,3.00417,0.184396,2.12151,0.0895133,-2.37571,0.420353,0.631705,0.102765,7.91258,0.781854,0.481189,0.367458,-1.52181,0.414529,-4.41906,0.193315,0.449752,0.233657
134,-3.81161,0.255331,1.97011,0.239198,3.00389,0.184515,2.12145,0.089584,-2.37582,0.42006,0.631746,0.102661,7.91436,0.782374,0.481075,0.367139,-1.52137,0.414133,-4.419,0.193386,0.449739,0.233639
135,-3.81146,0.254982,1.97086,0.239605,3.00368,0.18468,2.12118,0.0896525,-2.37617,0.419836,0.631787,0.102577,7.91594,0.78248,0.481139,0.366908,-1.52079,0.413904,-4.41917,0.193438,0.449737,0.233496
136,-3.81122,0.254568,1.97166,0.239817,3.00335,0.184723,2.12091,0.0897416,-2.37635,0.419597,0.631832,0.102476,7.91849,0.783209,0.481159,0.366557,-1.52015,0.413398,-4.41929,0.19364,0.449624,0.233437
137,-3.81104,0.254301,1.97224,0.240047,3.00299,0.184815,2.12075,0.0897704,-2.37667,0.419461,0.631889,0.102399,7.91983,0.783061,0.481158,0.366294,-1.51949,0.413067,-4.41935,0.193695,0.449676,0.233344
138,-3.81065,0.254077,1.97298,0.240286,3.00269,0.184831,2.12045,0.0898246,-2.37707,0.419345,0.631962,0.102337,7.92156,0.783013,0.481361,0.366273,-1.51904,0.412821,-4.41936,0.193515,0.449735,0.233207
139,-3.8104,0.253884,1.9734,0.240339,3.00245,0.184712,2.12002,0.0898677,-2.37774,0.419463,0.632056,0.10233,7.92324,0.78231,0.481542,0.366171,-1.51816,0.412593,-4.41941,0.193742,0.449682,0.233391
140,-3.81009,0.253516,1.97376,0.240567,3.00217,0.184714,2.11975,0.0898832,-2.37846,0.41941,0.632156,0.102335,7.92464,0.781498,0.481735,0.366194,-1.51723,0.412246,-4.4195,0.193958,0.449593,0.233439
141,-3.80986,0.253205,1.97433,0.240679,3.00201,0.184695,2.11949,0.0900206,-2.37901,0.419419,0.632243,0.102375,7.926,0.781114,0.482008,0.366253,-1.51622,0.412064,-4.41938,0.194035,0.449553,0.233634
142,-3.8096,0.252982,1.97492,0.240946,3.00186,0.184689,2.11923,0.0900626,-2.37969,0.419674,0.632349,0.102405,7.92623,0.780489,0.482198,0.366242,-1.51536,0.411749,-4.41933,0.194076,0.449535,0.233551
143,-3.80924,0.252705,1.97553,0.241307,3.0017,0.184612,2.11905,0.0901391,-2.38049,0.419842,0.632438,0.102434,7.92702,0.781198,0.482264,0.366266,-1.51476,0.411655,-4.41917,0.19412,0.449543,0.233676
144,-3.80881,0.252559,1.97597,0.241532,3.00147,0.184552,2.11871,0.0902688,-2.38126,0.419915,0.632536,0.102413,7.92793,0.781524,0.482375,0.366352,-1.51404,0.411479,-4.41902,0.194262,0.449575,0.233703
145,-3.80828,0.252387,1.97619,0.241615,3.00118,0.184497,2.1186,0.0903861,-2.38199,0.419946,0.632617,0.102406,7.92919,0.783188,0.482524,0.366139,-1.51343,0.411196,-4.41898,0.194396,0.449516,0.233819
146,-3.80777,0.252153,1.97647,0.241853,3.00091,0.184484,2.11845,0.0905051,-2.38265,0.41992,0.632685,0.102377,7.93078,0.783396,0.48247,0.3657,-1.51274,0.410791,-4.419,0.19447,0.449486,0.233543
147,-3.80745,0.25195,1.97695,0.24231,3.00057,0.184572,2.11836,0.0905568,-2.38316,0.419857,0.632743,0.102381,7.93183,0.783638,0.482448,0.365025,-1.51206,0.41036,-4.41899,0.194608,0.449415,0.233471
148,-3.80712,0.251861,1.97714,0.242514,3.00024,0.184642,2.11815,0.090674,-2.38361,0.419916,0.632802,0.102378,7.93311,0.78373,0.482359,0.364505,-1.51145,0.409987,-4.41899,0.194632,0.449375,0.233467
149,-3.80682,0.251704,1.97713,0.242675,2.99976,0.18466,2.11803,0.0907467,-2.38386,0.419807,0.632858,0.102321,7.93379,0.783961,0.482367,0.364229,-1.51079,0.409573,-4.41896,0.194563,0.449238,0.233347
150,-3.8065,0.251532,1.97758,0.242735,2.99947,0.184631,2.11785,0.0908668,-2.38414,0.419765,0.632902,0.102285,7.9339,0.784527,0.482496,0.364225,-1.51032,0.40907,-4.4191,0.194489,0.449141,0.233483
151,-3.8063,0.251431,1.97796,0.242857,2.9991,0.184585,2.11764,0.0909474,-2.38452,0.419649,0.63298,0.102225,7.93525,0.784745,0.482509,0.363991,-1.50943,0.408837,-4.41903,0.194739,0.449045,0.233507
152,-3.80604,0.251452,1.97826,0.243009,2.99876,0.184463,2.11727,0.090997,-2.38495,0.419694,0.633058,0.102181,7.93478,0.784708,0.482529,0.363991,-1.5088,0.408585,-4.4191,0.194881,0.448948,0.23354
153,-3.80596,0.251305,1.97868,0.243021,2.99856,0.184314,2.11688,0.0910121,-2.38548,0.419674,0.633138,0.102142,7.93551,0.784086,0.482509,0.363891,-1.50821,0.408585,-4.41913,0.194957,0.448768,0.233488
154,-3.80573,0.251233,1.97902,0.243085,2.99836,0.184195,2.11653,0.0910699,-2.38601,0.419609,0.633212,0.102104,7.93634,0.783863,0.482533,0.363889,-1.5076,0.408704,-4.41912,0.194923,0.448669,0.233454
155,-3.80548,0.251117,1.97897,0.242985,2.99788,0.184221,2.11619,0.0911155,-2.38648,0.419483,0.633304,0.102048,7.93679,0.78329,0.482497,0.363611,-1.50698,0.408902,-4.41919,0.194824,0.448598,0.233282
156,-3.80534,0.251017,1.97893,0.242812,2.99765,0.184223,2.11565,0.091231,-2.38701,0.419368,0.633375,0.102005,7.93672,0.783017,0.482475,0.363421,-1.50645,0.409157,-4.41917,0.194707,0.448474,0.233084
157,-3.80534,0.251004,1.97874,0.242587,2.99762,0.18426,2.11519,0.0913845,-2.38751,0.419255,0.633446,0.101987,7.93631,0.782704,0.482409,0.363271,-1.50629,0.409293,-4.41932,0.194624,0.44834,0.233024
158,-3.80533,0.251065,1.9789,0.242652,2.99767,0.184497,2.11482,0.0915627,-2.38803,0.419214,0.633509,0.101967,7.93619,0.782715,0.48233,0.363139,-1.50601,0.409304,-4.41925,0.194687,0.448212,0.232991
159,-3.80517,0.25116,1.97908,0.242724,2.99769,0.184658,2.11455,0.0918432,-2.38844,0.419211,0.633557,0.101951,7.93688,0.78264,0.482413,0.363062,-1.5058,0.409411,-4.41914,0.194857,0.448083,0.233019
160,-3.80481,0.251303,1.97946,0.242714,2.99757,0.184879,2.11439,0.0918887,-2.38875,0.41907,0.633598,0.10192,7.93887,0.782391,0.482567,0.363141,-1.50541,0.409514,-4.41911,0.194794,0.448027,0.233078
161,-3.80452,0.251573,1.97993,0.242788,2.99744,0.185104,2.1142,0.0919604,-2.38909,0.419058,0.633635,0.101931,7.94061,0.782564,0.482668,0.363177,-1.50509,0.409549,-4.41909,0.194762,0.44794,0.233154
162,-3.80419,0.25175,1.98004,0.242921,2.99735,0.185287,2.11415,0.0919501,-2.3894,0.419202,0.633676,0.101939,7.94065,0.782504,0.482631,0.363374,-1.50485,0.409644,-4.41901,0.194749,0.447981,0.233535
163,-3.80391,0.251789,1.98001,0.243065,2.99723,0.185385,2.11403,0.0919208,-2.38954,0.419239,0.63368,0.101931,7.94047,0.782211,0.48263,0.363283,-1.50456,0.40951,-4.41886,0.194883,0.447951,0.233872
164,-3.80385,0.251877,1.98014,0.243131,2.99712,0.185594,2.11395,0.0919284,-2.38964,0.419301,0.633697,0.101908,7.94028,0.782101,0.482442,0.36343,-1.50432,0.409345,-4.41863,0.195103,0.447889,0.233956
165,-3.80385,0.251916,1.97988,0.243211,2.99694,0.185757,2.11383,0.0919826,-2.38952,0.419489,0.633701,0.101944,7.94052,0.782313,0.482305,0.363481,-1.50408,0.409122,-4.41857,0.195183,0.447983,0.234075
166,-3.80393,0.252009,1.97973,0.243443,2.99687,0.1859,2.11367,0.0920594,-2.38926,0.419725,0.633679,0.101996,7.9409,0.782433,0.482176,0.363306,-1.5041,0.409067,-4.41844,0.195382,0.448214,0.234361
167,-3.80388,0.252085,1.9796,0.24351,2.99686,0.185805,2.11386,0.0920879,-2.38911,0.419966,0.63366,0.102021,7.94108,0.782187,0.482097,0.363163,-1.50438,0.408982,-4.41837,0.195746,0.448412,0.234661
168,-3.80392,0.25207,1.97989,0.243681,2.99685,0.185687,2.11401,0.0920376,-2.3891,0.420071,0.633655,0.102032,7.94173,0.781901,0.482033,0.363078,-1.50456,0.408678,-4.41813,0.196062,0.448644,0.235003
169,-3.80378,0.252087,1.97989,0.243793,2.99684,0.185666,2.11397,0.0919585,-2.38912,0.420138,0.633641,0.102052,7.94203,0.781852,0.481954,0.362917,-1.50451,0.408333,-4.41802,0.196224,0.448855,0.235292
170,-3.80367,0.252274,1.98005,0.243888,2.99681,0.185761,2.11397,0.0918688,-2.38908,0.420166,0.633617,0.102042,7.94174,0.781588,0.481904,0.362935,-1.50458,0.408236,-4.41794,0.196371,0.448863,0.235188
171,-3.80348,0.252478,1.98029,0.244169,2.99673,0.185668,2.11393,0.0918479,-2.38899,0.420524,0.633592,0.102072,7.94185,0.781803,0.481823,0.363131,-1.50483,0.408233,-4.41775,0.196644,0.448998,0.235138
172,-3.80315,0.252542,1.97994,0.244372,2.99663,0.185638,2.1139,0.0918415,-2.38893,0.420587,0.63355,0.102115,7.94156,0.78227,0.481809,0.36321,-1.505,0.408245,-4.41751,0.196825,0.449082,0.235154
173,-3.80279,0.252507,1.97964,0.244324,2.99652,0.185576,2.11387,0.0918241,-2.38884,0.420663,0.633503,0.10215,7.94057,0.782386,0.481917,0.363325,-1.50488,0.408396,-4.41742,0.196886,0.449167,0.235167
174,-3.8025,0.252456,1.97967,0.244374,2.9964,0.185603,2.1139,0.0917981,-2.38882,0.420852,0.633467,0.102162,7.93958,0.782369,0.481956,0.363375,-1.50489,0.408405,-4.41724,0.196893,0.449171,0.235252
175,-3.80224,0.252495,1.97949,0.244244,2.9964,0.18567,2.11385,0.0917745,-2.38901,0.42086,0.633444,0.102161,7.93877,0.782124,0.481888,0.363632,-1.50491,0.408403,-4.41726,0.196918,0.449202,0.235182
176,-3.80187,0.252587,1.97909,0.244112,2.99639,0.185722,2.11386,0.0918238,-2.38925,0.420965,0.633423,0.102156,7.93795,0.781854,0.481878,0.363976,-1.50513,0.408482,-4.41737,0.196827,0.449142,0.235034
177,-3.80148,0.252716,1.97882,0.243983,2.99648,0.185833,2.1139,0.0918417,-2.3894,0.421086,0.633399,0.102157,7.93773,0.781273,0.48187,0.364061,-1.50528,0.408738,-4.41731,0.1968,0.449174,0.235165
178,-3.80127,0.252696,1.97847,0.24397,2.99647,0.185864,2.11384,0.0919825,-2.3893,0.421357,0.633364,0.102151,7.93728,0.780905,0.481781,0.36407,-1.50548,0.408973,-4.41728,0.196872,0.449142,0.235313
179,-3.8011,0.252679,1.97815,0.24398,2.99656,0.185885,2.11378,0.0921014,-2.38924,0.42151,0.633321,0.102151,7.93628,0.78091,0.481577,0.364217,-1.50563,0.409091,-4.4171,0.196901,0.449094,0.235376
180,-3.80109,0.252603,1.97749,0.243893,2.9967,0.185837,2.11374,0.0921498,-2.38926,0.421552,0.633302,0.102159,7.93582,0.78095,0.481357,0.364262,-1.50575,0.409268,-4.41688,0.196861,0.449132,0.235384
181,-3.80107,0.252508,1.97712,0.243828,2.9967,0.185802,2.11356,0.0923607,-2.38937,0.421517,0.633307,0.102152,7.93537,0.781085,0.481158,0.364352,-1.50583,0.409274,-4.41678,0.19678,0.449174,0.23545
182,-3.80112,0.25239,1.97659,0.243684,2.99664,0.185782,2.11357,0.0924709,-2.38933,0.421472,0.633311,0.10214,7.9348,0.781425,0.480888,0.364437,-1.50589,0.409507,-4.41671,0.196704,0.449156,0.235476
183,-3.80118,0.252321,1.9759,0.243756,2.99663,0.185737,2.11342,0.0925063,-2.3894,0.421418,0.633313,0.102095,7.93411,0.781563,0.48054,0.364565,-1.50587,0.409423,-4.41664,0.196592,0.449145,0.235435
184,-3.80121,0.25234,1.9755,0.2437,2.99666,0.185682,2.11342,0.0924673,-2.3895,0.421434,0.63331,0.102084,7.93379,0.781516,0.480191,0.364558,-1.50586,0.409215,-4.4166,0.196492,0.44913,0.235384
185,-3.80115,0.252221,1.97518,0.243503,2.99664,0.185628,2.11334,0.0925272,-2.3896,0.421476,0.633301,0.102044,7.93366,0.781417,0.480055,0.364441,-1.50584,0.409074,-4.41651,0.196562,0.449166,0.235367
186,-3.80109,0.252168,1.97477,0.243403,2.99667,0.185624,2.11322,0.0926282,-2.38961,0.421499,0.633284,0.102048,7.93319,0.781128,0.479838,0.364394,-1.50585,0.409149,-4.4164,0.196582,0.449107,0.23533
187,-3.80116,0.252171,1.97459,0.243437,2.99674,0.185536,2.11332,0.0925934,-2.38947,0.421582,0.633264,0.102059,7.9335,0.780612,0.479739,0.364506,-1.50584,0.409358,-4.41621,0.19658,0.449116,0.235434
188,-3.80118,0.252217,1.97466,0.243353,2.99686,0.185518,2.1134,0.0925981,-2.38937,0.421649,0.633241,0.10207,7.93361,0.780268,0.479649,0.364408,-1.50607,0.409372,-4.41615,0.196601,0.449108,0.235455
189,-3.80123,0.252199,1.97485,0.243284,2.997,0.18547,2.11343,0.0925799,-2.3891,0.421722,0.633186,0.102072,7.93389,0.780087,0.479543,0.364509,-1.50634,0.409442,-4.41613,0.196549,0.449097,0.235643
190,-3.80135,0.252096,1.97498,0.243082,2.99717,0.185399,2.11343,0.0927105,-2.38891,0.421689,0.633143,0.102053,7.9346,0.779965,0.479426,0.36483,-1.50641,0.409453,-4.41606,0.196458,0.449145,0.235789
191,-3.80148,0.252077,1.97508,0.242926,2.99734,0.185321,2.11345,0.0927572,-2.38874,0.421795,0.633113,0.102042,7.93541,0.779714,0.479374,0.365043,-1.50665,0.409498,-4.41609,0.196353,0.449173,0.235661
192,-3.80156,0.252064,1.97531,0.242879,2.99754,0.185233,2.11352,0.0927736,-2.38848,0.421854,0.633071,0.102031,7.93582,0.779396,0.479215,0.36519,-1.50712,0.409566,-4.41617,0.196239,0.449159,0.235586
193,-3.8017,0.252169,1.97577,0.242738,2.99792,0.185198,2.11381,0.0928471,-2.38826,0.422024,0.633029,0.10203,7.93659,0.778909,0.479092,0.365156,-1.5074,0.409616,-4.41617,0.196123,0.449187,0.235606
194,-3.8019,0.252283,1.9762,0.242677,2.99833,0.185339,2.11394,0.0928768,-2.38808,0.422139,0.632995,0.101992,7.93737,0.778607,0.47913,0.364936,-1.50785,0.409635,-4.4163,0.196013,0.449196,0.235616
195,-3.80215,0.252268,1.97648,0.242635,2.99876,0.185342,2.11411,0.0929911,-2.3879,0.42223,0.632954,0.101975,7.93823,0.778608,0.479174,0.364728,-1.50839,0.409716,-4.41645,0.195801,0.449137,0.235769
196,-3.80237,0.252227,1.97653,0.242562,2.99904,0.18523,2.11425,0.0930455,-2.38758,0.422402,0.632893,0.102019,7.93905,0.778817,0.479421,0.364633,-1.5088,0.409614,-4.41641,0.195683,0.44908,0.235943
197,-3.80237,0.25219,1.97648,0.242677,2.99922,0.185137,2.11435,0.0931707,-2.38733,0.422569,0.632833,0.102102,7.93923,0.779024,0.479519,0.364614,-1.50914,0.409612,-4.41614,0.195729,0.44918,0.236116
198,-3.80234,0.252016,1.97645,0.242768,2.99939,0.185083,2.11448,0.0932118,-2.387,0.422805,0.632761,0.102173,7.93944,0.778955,0.479784,0.36476,-1.50945,0.409503,-4.41586,0.195734,0.449267,0.23631
199,-3.80231,0.251872,1.97623,0.242875,2.9995,0.185039,2.11463,0.0932816,-2.38656,0.423122,0.632689,0.102257,7.94075,0.779079,0.480112,0.364784,-1.50967,0.409427,-4.41556,0.195758,0.449331,0.236335
200,-3.80244,0.251723,1.97591,0.24304,2.99963,0.18496,2.1148,0.0933508,-2.38632,0.42344,0.632647,0.102329,7.94126,0.779483,0.480352,0.364722,-1.50979,0.409435,-4.41528,0.195696,0.449367,0.236399
201,-3.80237,0.251573,1.97552,0.243235,2.99974,0.184898,2.11492,0.0934393,-2.38605,0.423678,0.63259,0.102416,7.94214,0.779882,0.48058,0.364748,-1.50998,0.409321,-4.415,0.195806,0.449508,0.236394
202,-3.80232,0.251484,1.9751,0.24339,2.9999,0.184956,2.11497,0.0935341,-2.38588,0.423795,0.632536,0.102444,7.9428,0.780204,0.48063,0.364893,-1.51005,0.4092,-4.41474,0.195958,0.44969,0.236509
203,-3.8023,0.251449,1.97468,0.243285,3.00014,0.185118,2.11512,0.0935631,-2.38563,0.423932,0.632489,0.102462,7.94378,0.780801,0.480752,0.365074,-1.51034,0.409102,-4.41444,0.196091,0.449869,0.236597
204,-3.80233,0.251404,1.97446,0.243202,3.00034,0.185228,2.11533,0.0935999,-2.38535,0.424062,0.632444,0.10248,7.944,0.780808,0.480784,0.365148,-1.5106,0.409097,-4.41413,0.196105,0.450001,0.236679
205,-3.80231,0.251395,1.97439,0.243204,3.00039,0.185302,2.11532,0.0936519,-2.38517,0.424073,0.632411,0.10247,7.94509,0.780841,0.480795,0.365036,-1.51066,0.409125,-4.4138,0.196224,0.450101,0.236676
206,-3.80228,0.251382,1.97474,0.243269,3.00029,0.18531,2.11536,0.0937066,-2.38501,0.424058,0.632398,0.102484,7.94616,0.781197,0.480907,0.364984,-1.51064,0.409161,-4.41354,0.196263,0.450137,0.236683
